   0.0000000000000000     
  -1.1011010049952404E-016
  -2.2237246111367700E-016
  -3.3898136565186627E-016
  -4.6221600551148378E-016
  -5.9448502524971740E-016
  -7.3837359634223288E-016
  -8.9669393904692533E-016
  -1.0725402796202944E-015
  -1.2693493167531321E-015
  -1.4909673786922522E-015
  -1.7417255831969071E-015
  -2.0265244687942143E-015
  -2.3509297507998886E-015
  -2.7212810728717469E-015
  -3.1448158787074783E-015
  -3.6298108238424614E-015
  -4.1857434901158713E-015
  -4.8234775619448755E-015
  -5.5554750818222010E-015
  -6.3960399313813882E-015
  -7.3615972942861551E-015
  -8.4710145600062694E-015
  -9.7459699369669143E-015
  -1.1211375975408663E-014
  -1.2895866272767856E-014
  -1.4832354868425830E-014
  -1.7058679254377712E-014
  -1.9618339561460672E-014
  -2.2561348359147113E-014
  -2.5945207667228863E-014
  -2.9836032262178020E-014
  -3.4309841218081043E-014
  -3.9454042907593347E-014
  -4.5369142466505199E-014
  -5.2170705070016946E-014
  -5.9991613364519850E-014
  -6.8984663143110324E-014
  -7.9325547958387898E-014
  -9.1216290961268426E-014
  -1.0488919098787161E-013
  -1.2061135995852839E-013
  -1.3868994019965388E-013
  -1.5947810357607759E-013
  -1.8338194958762205E-013
  -2.1086843713731235E-013
  -2.4247450486227770E-013
  -2.7881755812620282E-013
  -3.2060752745716810E-013
  -3.6866073389782451E-013
  -4.2391583201505855E-013
  -4.8745214188233506E-013
  -5.6051072799165087E-013
  -6.4451863668400176E-013
  -7.4111676535439221E-013
  -8.5219190759344544E-013
  -9.7991359995668012E-013
  -1.1267764897959320E-012
  -1.2956490513750095E-012
  -1.4898296014274127E-012
  -1.7131107078168771E-012
  -1.9698532488130596E-012
  -2.2650715688930029E-012
  -2.6045313936011586E-012
  -2.9948624150747743E-012
  -3.4436877462285336E-012
  -3.9597727708819821E-012
  -4.5531962957321389E-012
  -5.2355473454110786E-012
  -6.0201514424203695E-012
  -6.9223307892697478E-012
  -7.9597034318983099E-012
  -9.1525272443370735E-012
  -1.0524095449430690E-011
  -1.2101191396345980E-011
  -1.3914611472185769E-011
  -1.5999766354868041E-011
  -1.8397372343473189E-011
  -2.1154246260343273E-011
  -2.4324219440642698E-011
  -2.7969188649303798E-011
  -3.2160324437635111E-011
  -3.6979460524508954E-011
  -4.2520691319922180E-011
  -4.8892208770772078E-011
  -5.6218414379166244E-011
  -6.4642347613616421E-011
  -7.4328478107827882E-011
  -8.5465916140951639E-011
  -9.8272104055626591E-011
  -1.1299706065514936E-010
  -1.2992826141177375E-010
  -1.4939624972497660E-010
  -1.7178108873358128E-010
  -1.9751977958719785E-010
  -2.2711479094049106E-010
  -2.6114386611621204E-010
  -3.0027129931270523E-010
  -3.4526090089504942E-010
  -3.9699090476526071E-010
  -4.5647110869894939E-010
  -5.2486258210263635E-010
  -6.0350032573742059E-010
  -6.9391932554794885E-010
  -7.9788450895405914E-010
  -9.1742518809768454E-010
  -1.0548746620746372E-009
  -1.2129157508271385E-009
  -1.3946331490914866E-009
  -1.6035736218430404E-009
  -1.8438152156527258E-009
  -2.1200468362490063E-009
  -2.4376597447969772E-009
  -2.8028527579057238E-009
  -3.2227532036907695E-009
  -3.7055559935635018E-009
  -4.2606835227878300E-009
  -4.8989695191272380E-009
  -5.6328704260259045E-009
  -6.4767084438350415E-009
  -7.4469509700832080E-009
  -8.5625318897383712E-009
  -9.8452209826639545E-009
  -1.1320048653947750E-008
  -1.3015794271781171E-008
  -1.4965547638126387E-008
  -1.7207354543719651E-008
  -1.9784958998831685E-008
  -2.2748656616614456E-008
  -2.6156275793569519E-008
  -3.0074305823941026E-008
  -3.4579193950258259E-008
  -3.9758836646695202E-008
  -4.5714294219607515E-008
  -5.2561762164396060E-008
  -6.0434837724630468E-008
  -6.9487125855756151E-008
  -7.9895235413924508E-008
  -9.1862223999549575E-008
  -1.0562155863344015E-007
  -1.2144166950132193E-007
  -1.3963118556631911E-007
  -1.6054495414392430E-007
  -1.8459096181931012E-007
  -2.1223829166047851E-007
  -2.4402627188525507E-007
  -2.8057499436934569E-007
  -3.2259740808935473E-007
  -3.7091322329937143E-007
  -4.2646489754092318E-007
  -4.9033601517182591E-007
  -5.6377241876074402E-007
  -6.4820650434055328E-007
  -7.4528515419040255E-007
  -8.5690185172574995E-007
  -9.8523360459953631E-007
  -1.1327833958448467E-006
  -1.3024289906464714E-006
  -1.4974790502156549E-006
  -1.7217376466732861E-006
  -1.9795784365973647E-006
  -2.2760299391517940E-006
  -2.6168735811539110E-006
  -3.0087564202752385E-006
  -3.4593207436525047E-006
  -3.9773530680884639E-006
  -4.5729554461530610E-006
  -5.2577424172228303E-006
  -6.0450674422903758E-006
  -6.9502832359743450E-006
  -7.9910410697585900E-006
  -9.1876348799578697E-006
  -1.0563396887042955E-005
  -1.2145152436771212E-005
  -1.3963742927615926E-005
  -1.6054627015751737E-005
  -1.8458571814181412E-005
  -2.1222447556195945E-005
  -2.4400141209406652E-005
  -2.8053606844347458E-005
  -3.2254073226267931E-005
  -3.7083432162127512E-005
  -4.2635834656631259E-005
  -4.9019525980017786E-005
  -5.6358955405086159E-005
  -6.4797201722295196E-005
  -7.4498761793918017E-005
  -8.5652756481012203E-005
  -9.8476616408127188E-005
  -1.1322031937858089E-004
  -1.3017126199985762E-004
  -1.4965986043350722E-004
  -1.7206598938747548E-004
  -1.9782638479768014E-004
  -2.2744315441785903E-004
  -2.6149356211783466E-004
  -3.0064127650061752E-004
  -3.4564930297135656E-004
  -3.9739485118144837E-004
  -4.5688642746765127E-004
  -5.2528348524284642E-004
  -6.0391901611598535E-004
  -6.9432552179384086E-004
  -7.9826487266164089E-004
  -9.1776263463552049E-004
  -1.0551475329008114E-003
  -1.2130968211907407E-003
  -1.3946884402678953E-003
  -1.6034609814848482E-003
  -1.8434826232947080E-003
  -2.1194303833160294E-003
  -2.4366812294312019E-003
  -2.8014168243236043E-003
  -3.2207439433318526E-003
  -3.7028329106872349E-003
  -4.2570767500437097E-003
  -4.8942741485379975E-003
  -5.6268397972812590E-003
  -6.4690462042086890E-003
  -7.4373016879741138E-003
  -8.5504699660001009E-003
  -9.8302375595907526E-003
  -1.1301536169945470E-002
  -1.2993028249095980E-002
  -1.4937665220053978E-002
  -1.7173329214746274E-002
  -1.9743570824152311E-002
  -2.2698457224085818E-002
  -2.6095547188650748E-002
  -3.0001011973363082E-002
  -3.4490923889329721E-002
  -3.9652737653965930E-002
  -4.5586993356029469E-002
  -5.2409274186266480E-002
  -6.0252457043633426E-002
  -6.9269299827365127E-002
  -7.9635415778012794E-002
  -9.1552692763474178E-002
 -0.10525322406554344     
 -0.12100382717709854     
 -0.13911123856338869     
 -0.15992808549561457     
 -0.18385975118702663     
 -0.21137226684528737     
 -0.24300138423802548     
 -0.27936300534008585     
 -0.32116517203781192     
 -0.36922184922145868     
 -0.42446876949199447     
 -0.48798164782187575     
 -0.56099712062110063     
 -0.64493681666686475     
 -0.74143502828844154     
 -0.85237052124360801     
 -0.97990310224134991     
  -1.1265156556236642     
  -1.2950624671171316     
  -1.4888247748717345     
  -1.7115746285986853     
  -1.9676482992348985     
  -2.2620306673420258     
  -2.6004522320053161     
  -2.9895006274846776     
  -3.4367488170606344     
  -3.9509024578984624     
  -4.5419693036318467     
  -5.2214539399929842     
  -6.0025816415228999     
  -6.9005557037633558     
  -7.9328532563713514     
  -9.1195653109661450     
  -10.483787657765989     
  -12.052070213921068     
  -13.854933563123895     
  -15.927462732674819     
  -18.309989756097977     
  -21.048878295836527     
  -24.197425585064462     
  -27.816899228809739     
  -31.977729026728849     
  -36.760876993972417     
  -42.259412221216948     
  -48.580321197447482     
  -55.846588796859521     
  -64.199590393275045     
  -73.801841613997851     
  -84.840159197615279     
  -97.529294411994343     
  -112.11610967492328     
  -128.88437957902070     
  -148.16030965985513     
  -170.31888019753120     
  -195.79113837838432     
  -225.07258057647439     
  -258.73278770242376     
  -297.42650092146829     
  -341.90635303654665     
  -393.03750300971336     
  -451.81445808124664     
  -519.38041045906505     
  -597.04946441734046     
  -686.33218581177493     
  -788.96497058099192     
  -906.94380301296678     
  -1042.5630598538880     
  -1198.4601143810696     
  -1377.6666072559028     
  -1583.6673805061462     
  -1820.4682198749226     
  -2092.6737219082684     
  -2405.5767988575794     
  -2765.2615605679098     
  -3178.7215723985610     
  -3653.9957869253917     
  -4200.3247905052058     
  -4828.3304004084275     
  -5550.2221018097171     
  -6380.0343352745731     
  -7333.8992446161583     
  -8430.3601837553924     
  -9690.7320728713330     
  -11139.515604048034     
  -12804.873342473949     
  -14719.176971334364     
  -16919.636310192873     
  -19449.022324706133     
  -22356.498170784238     
  -25698.574414228733     
  -29540.206978173846     
  -33956.059142128201     
  -39031.952101857874     
  -44866.532260594540     
  -51573.187630153283     
  -59282.250557176441     
  -68143.529548747058     
  -78329.219360924137     
  -90037.245857332324     
  -103495.11058530022     
  -118964.30971796947     
  -136745.41316053286     
  -157183.90243365272     
  -180676.88067581350     
  -207680.78503464788     
  -238720.25117359406     
  -274398.30198206950     
  -315408.05827852641     
  -362546.19883489568     
  -416728.43100107834     
  -479007.27222790942     
  -550592.48763331852     
  -632874.58029916848     
  -727451.79022525065     
  -836161.12595118827     
  -961114.03110711044     
  -1104737.3780875849     
  -1269820.5844046937     
  -1459569.7660698723     
  -1677669.9788840625     
  -1928356.7554295156     
  -2216498.3258971507     
  -2547690.1181477918     
  -2928363.3706129044     
  -3365909.9654095531     
  -3868825.9036834463     
  -4446876.2068036729     
  -5111284.4426240241     
  -5874950.5536560221     
  -6752701.2129277168     
  -7761577.5641716542     
  -8921165.9280250780     
  -10253977.889190204     
  -11785887.137144636     
  -13546631.533574313     
  -15570390.144556321     
  -17896446.429162446     
  -20569950.446760256     
  -23642794.865235183     
  -27174621.758853134     
  -31233979.720290210     
  -35899653.725615099     
  -41262193.540193848     
  -47425670.302495234     
  -54509695.346189775     
  -62651740.404464617     
  -72009804.182617471     
  -82765476.998933792     
  -95127462.909671143     
  -109335627.60115248     
  -125665650.52228934     
  -144434371.44172069     
  -166005935.07202074     
  -190798852.86978942     
  -219294118.89447907     
  -252044537.03478995     
  -289685440.38501292     
  -332947010.52942973     
  -382668435.49324280     
  -439814180.74385619     
  -505492688.56656647     
  -580977868.18664896     
  -667733793.07647634     
  -767443084.01858652     
  -882039527.89657414     
  -1013745564.2377480     
  -1165115365.8233151     
  -1339084348.0389054     
  -1539026066.1583123     
  -1768817602.8469365     
  -2032914712.6085863     
  -2336438178.8630829     
  -2685273056.4902029     
  -3086182722.2109208     
  -3546939941.9294763     
  -4076477493.6792803     
  -4685061263.4795151     
  -5384489166.5455046     
  -6188319746.3253489     
  -7112134878.4339075     
  -8173841666.8417797     
  -9394019378.4274940     
  -10796318133.896692     
  -12407917074.981924     
  -14260050879.144814     
  -16388614815.982494     
  -18834860059.785789     
  -21646192719.616676     
  -24877092055.658878     
  -28590165657.277493     
  -32857362008.817253     
  -37761363914.940971     
  -43397189757.166992     
  -49874033574.892891     
  -57317379585.367485     
  -65871432067.157585     
  -75701907633.334091     
  -86999243931.856812     
  -99982286867.037781     
  -114902527693.27419     
  -132048971969.44772     
  -151753734585.13312     
  -174398469114.33990     
  -200421755890.42667     
  -230327591739.02951     
  -264695145612.76965     
  -304189968853.98279     
  -349576876942.94031     
  -401734751912.69775     
  -461673551752.50317     
  -530553855797.37714     
  -609709324136.71301     
  -700672505417.07800     
  -805204492152.48254     
  -925328997040.09473     
  -1063371509247.8431     
  -1222004287843.8479     
  -1404298062373.2898     
  -1613781440235.9648     
  -1854509169481.7588     
  -2131140576799.0493     
  -2449029697128.5283     
  -2814328837290.4580     
  -3234107575630.8691     
  -3716489497985.5498     
  -4270809312990.2964     
  -4907793383550.1738     
  -5639767163723.1943     
  -6480893550110.9766     
  -7447446754117.4229     
  -8558126987667.5605     
  -9834422043420.6035     
  -11301022756384.797     
  -12986300374633.428     
  -14922855062621.803     
  -17148146134495.246     
  -19705216193275.398     
  -22643523165381.289     
  -26019896303582.551     
  -29899634625404.734     
  -34357769004406.195     
  -39480512291693.906     
  -45366925475512.531     
  -52130832057773.062     
  -59903017618455.391     
  -68833757044370.688     
  -79095718224011.453     
  -90887298277162.016     
  -104436456736759.14     
  -120005119692212.58     
  -137894239923009.06     
  -158449610711451.19     
  -182068545567967.88     
  -209207552812044.81     
  -240391153148664.50     
  -276222010434355.91     
  -317392571163745.56     
  -364698437315347.94     
  -419053730635377.00     
  -481508744855227.56     
  -553270226472487.50     
  -635724675427576.38     
  -730465115255585.75     
  -839321849208206.00     
  -964397795713316.88     
  -1108109084851269.0     
  -1273231698978783.2     
  -1462955057178539.2     
  -1680943577100422.5     
  -1931407401568531.5     
  -2219183654019469.8     
  -2549829789815890.0     
  -2929730843654557.5     
  -3366222641151649.0     
  -3867733350398622.5     
  -4443946102766034.0     
  -5105985818297401.0     
  -5866633837500065.0     
  -6740574497186949.0     
  -7744678403569495.0     
  -8898327862898881.0     
  -10223790742213064.     
  -11746649965807316.     
  -13496296924867114.     
  -15506498308914580.     
  -17816047282020664.     
  -20469511551343844.     
  -23518092741737352.     
  -27020613633831724.     
  -31044652285396992.     
  -35667844884296388.     
  -40979382430381160.     
  -47081730075748712.     
  -54092602239688240.     
  -62147231538830040.     
  -71400975229211400.     
  -82032309353958208.     
  -94246268253007936.     
  -1.0827839566327558E+017
  -1.2439928348372491E+017
  -1.4291978558926779E+017
  -1.6419700706772070E+017
  -1.8864118417493680E+017
  -2.1672358744154515E+017
  -2.4898560004990544E+017
  -2.8604914621030010E+017
  -3.2862867023560480E+017
  -3.7754489684281075E+017
  -4.3374063747104525E+017
  -4.9829894675751245E+017
  -5.7246397851116250E+017
  -6.5766494243729830E+017
  -7.5554362249208026E+017
  -8.6798598622940122E+017
  -9.9715849315937869E+017
  -1.1455498004785111E+018
  -1.3160186682914665E+018
  -1.5118489856161592E+018
  -1.7368129753356859E+018
  -1.9952437934609812E+018
  -2.2921189186150131E+018
  -2.6331559350091802E+018
  -3.0249225503360819E+018
  -3.4749629635214920E+018
  -3.9919430114121713E+018
  -4.5858168842542280E+018
  -5.2680186141627863E+018
  -6.0516820166490235E+018
  -6.9518933117861448E+018
  -7.9859812792474112E+018
  -9.1738505222785516E+018
  -1.0538364243501853E+019
  -1.2105783886169580E+019
  -1.3906274086325342E+019
  -1.5974482635234138E+019
  -1.8350206591451410E+019
  -2.1079157335632114E+019
  -2.4213839260341346E+019
  -2.7814558968130384E+019
  -3.1950584355798233E+019
  -3.6701475839081583E+019
  -4.2158615275137819E+019
  -4.8426961933415473E+019
  -5.5627069221538005E+019
  -6.3897400875135803E+019
  -7.3396991064996348E+019
  -8.4308499471525036E+019
  -9.6841719951696527E+019
  -1.1123761012253860E+020
  -1.2777291917435103E+020
  -1.4676550269763985E+020
  -1.6858042647981890E+020
  -1.9363697635333466E+020
  -2.2241670854562028E+020
  -2.5547269492572668E+020
  -2.9344014044442208E+020
  -3.3704857636239914E+020
  -3.8713586305833180E+020
  -4.4466427088281725E+020
  -5.1073894733928274E+020
  -5.8662912459059770E+020
  -6.7379247378514104E+020
  -7.7390307297273643E+020
  -8.8888352459226585E+020
  -1.0209418379827444E+021
  -1.1726137836181661E+021
  -1.3468115305385010E+021
  -1.5468794987483730E+021
  -1.7766584964812720E+021
  -2.0405593708214632E+021
  -2.3436475822697766E+021
  -2.6917403229138694E+021
  -3.0915180379143012E+021
  -3.5506524856323754E+021
  -4.0779537881708736E+021
  -4.6835392874206918E+021
  -5.3790274388462697E+021
  -6.1777604541690549E+021
  -7.0950599539689165E+021
  -8.1485205225201446E+021
  -9.3583467819670742E+021
  -1.0747740435064092E+022
  -1.2343344681043163E+022
  -1.4175754505967049E+022
  -1.6280102608114121E+022
  -1.8696732164554555E+022
  -2.1471969304706208E+022
  -2.4659010061970805E+022
  -2.8318938761900816E+022
  -3.2521897316464401E+022
  -3.7348427776761522E+022
  -4.2891013805983540E+022
  -4.9255850533617293E+022
  -5.6564876613319811E+022
  -6.4958107313691154E+022
  -7.4596313218803296E+022
  -8.5664095713366584E+022
  -9.8373418001592090E+022
  -1.1296765910348587E+023
  -1.2972626825317319E+023
  -1.4897010858106577E+023
  -1.7106759211352456E+023
  -1.9644172322066129E+023
  -2.2557818497260489E+023
  -2.5903462275696270E+023
  -2.9745130234411250E+023
  -3.4156334579711178E+023
  -3.9221477870836262E+023
  -4.5037465677837998E+023
  -5.1715557939031388E+023
  -5.9383494333156960E+023
  -6.8187934203663538E+023
  -7.8297257566658996E+023
  -8.9904780614091291E+023
  -1.0323244702047178E+024
  -1.1853506542510904E+024
  -1.3610517386472336E+024
  -1.5627862387123958E+024
  -1.7944099065347650E+024
  -2.0603493150983048E+024
  -2.3656863267079234E+024
  -2.7162550548824476E+024
  -3.1187531666658361E+024
  -3.5808696452047448E+024
  -4.1114314456382180E+024
  -4.7205718367907165E+024
  -5.4199236336779843E+024
  -6.2228409992581218E+024
  -7.1446540371742615E+024
  -8.2029610207523959E+024
  -9.4179638190702469E+024
  -1.0812852902077629E+025
  -1.2414249249103605E+025
  -1.4252711566505659E+025
  -1.6363318461210475E+025
  -1.8786336640996636E+025
  -2.1567987846576822E+025
  -2.4761329095829297E+025
  -2.8427262972448971E+025
  -3.2635697160616555E+025
  -3.7466875260807458E+025
  -4.3012904173259489E+025
  -4.9379507066474889E+025
  -5.6688035229103471E+025
  -6.5077777015699708E+025
  -7.4708607733162874E+025
  -8.5764030781844626E+025
  -9.8454667785735552E+025
  -1.1302226396023353E+026
  -1.2974428473482952E+026
  -1.4893919085640561E+026
  -1.7097249205870140E+026
  -1.9626369413803974E+026
  -2.2529427120355359E+026
  -2.5861681429190593E+026
  -2.9686552981889796E+026
  -3.4076828690445032E+026
  -3.9116044193618244E+026
  -4.4900070238418463E+026
  -5.1538933048100571E+026
  -5.9158903166523020E+026
  -6.7904892349028709E+026
  -7.7943203898120028E+026
  -8.9464688528067428E+026
  -1.0268836551236322E+027
  -1.1786557766628753E+027
  -1.3528475880972663E+027
  -1.5527690393308547E+027
  -1.7822184556993335E+027
  -2.0455545511423319E+027
  -2.3477790529471999E+027
  -2.6946315006343849E+027
  -3.0926980114720986E+027
  -3.5495360688286339E+027
  -4.0738176920600456E+027
  -4.6754936935832866E+027
  -5.3659821267302336E+027
  -6.1583844844044130E+027
  -7.0677337320562542E+027
  -8.1112788589005837E+027
  -9.3088113199120012E+027
  -1.0683039530895988E+028
  -1.2260018484690168E+028
  -1.4069642595321885E+028
  -1.6146211068250929E+028
  -1.8529076461035827E+028
  -2.1263388665534255E+028
  -2.4400948339497598E+028
  -2.8001185875870409E+028
  -3.2132284360922738E+028
  -3.6872467681854006E+028
  -4.2311478051531376E+028
  -4.8552270780823361E+028
  -5.5712958214352118E+028
  -6.3929039429981312E+028
  -7.3355957673755996E+028
  -8.4172033660933616E+028
  -9.6581829935532707E+028
  -1.1082000957769140E+029
  -1.2715576183162545E+029
  -1.4589787787082190E+029
  -1.6740057212041978E+029
  -1.9207015854774331E+029
  -2.2037270737226004E+029
  -2.5284282603565769E+029
  -2.9009372935491498E+029
  -3.3282878795001954E+029
  -3.8185477174474427E+029
  -4.3809703710093547E+029
  -5.0261694255693357E+029
  -5.7663181987844228E+029
  -6.6153787497397118E+029
  -7.5893644806910166E+029
  -8.7066412539668643E+029
  -9.9882726671526887E+029
  -1.1458415955579572E+030
  -1.3144775937770107E+030
  -1.5079125504480270E+030
  -1.7297902395514366E+030
  -1.9842893433718600E+030
  -2.2762019018989496E+030
  -2.6110232557139144E+030
  -2.9950551643839551E+030
  -3.4355240282488894E+030
  -3.9407164232376023E+030
  -4.5201344812285844E+030
  -5.1846740184624807E+030
  -5.9468287384909733E+030
  -6.8209243219703346E+030
  -7.8233867722882158E+030
  -8.9730500238677329E+030
  -1.0291508550842685E+031
  -1.1803521551179019E+031
  -1.3537476240735252E+031
  -1.5525918890965317E+031
  -1.7806163503308550E+031
  -2.0420989456072801E+031
  -2.3419441112470316E+031
  -2.6857744271954754E+031
  -3.0800356516107624E+031
  -3.5321170985083538E+031
  -4.0504895966905217E+031
  -4.6448635942210681E+031
  -5.3263703461518275E+031
  -6.1077695509525615E+031
  -7.0036872910205572E+031
  -8.0308886937732480E+031
  -9.2085903724854868E+031
  -1.0558818442047608E+032
  -1.2106818747726847E+032
  -1.3881526910308074E+032
  -1.5916106896405735E+032
  -1.8248568088578693E+032
  -2.0922472279378573E+032
  -2.3987743673214373E+032
  -2.7501596880357232E+032
  -3.1529600063372103E+032
  -3.6146892887608187E+032
  -4.1439581779723875E+032
  -4.7506338263760913E+032
  -5.4460229882744286E+032
  -6.2430817493508063E+032
  -7.1566557621624380E+032
  -8.2037554171401272E+032
  -9.4038710205260579E+032
  -1.0779333785449252E+033
  -1.2355729283334709E+033
  -1.4162370965387314E+033
  -1.6232842465510461E+033
  -1.8605618656756709E+033
  -2.1324776876189605E+033
  -2.4440811384082064E+033
  -2.8011566012672967E+033
  -3.2103302121540695E+033
  -3.6791921450241238E+033
  -4.2164366289036060E+033
  -4.8320222626565455E+033
  -5.5373555637819865E+033
  -6.3455011113733729E+033
  -7.2714221281778938E+033
  -8.3322559012638307E+033
  -9.5476290751490834E+033
  -1.0940018576805353E+034
  -1.2535164761806398E+034
  -1.4362544319980064E+034
  -1.6455911564331230E+034
  -1.8853917968242473E+034
  -2.1600821235331417E+034
  -2.4747296809327843E+034
  -2.8351366587040148E+034
  -3.2479461719165720E+034
  -3.7207638809353641E+034
  -4.2622971594944995E+034
  -4.8825143362760480E+034
  -5.5928268976785040E+034
  -6.4062979536260235E+034
  -7.3378807416359579E+034
  -8.4046914853581690E+034
  -9.6263215420491892E+034
  -1.1025194479934837E+035
  -1.2626974533689226E+035
  -1.4461033808633460E+035
  -1.6560986658074881E+035
  -1.8965300862117486E+035
  -2.1717996611558550E+035
  -2.4869445871430715E+035
  -2.8477286493060812E+035
  -3.2607467492807581E+035
  -3.7335444255970375E+035
  -4.2747545096860682E+035
  -4.8942533657608890E+035
  -5.6033395112437109E+035
  -6.4149378121865272E+035
  -7.3438329022184491E+035
  -8.4069359918816161E+035
  -9.6235898268261507E+035
  -1.1015917228524658E+036
  -1.2609219421678126E+036
  -1.4432431231694949E+036
  -1.6518641238774855E+036
  -1.8905686119582519E+036
  -2.1636829713029373E+036
  -2.4761538835820589E+036
  -2.8336369571817325E+036
  -3.2425979696115655E+036
  -3.7104285103299267E+036
  -4.2455780627425182E+036
  -4.8577048512016658E+036
  -5.5578481060670564E+036
  -6.3586247728589553E+036
  -7.2744541165842831E+036
  -8.3218141566569191E+036
  -9.5195344196679934E+036
  -1.0889130125914163E+037
  -1.2455183641660893E+037
  -1.4245779844649145E+037
  -1.6293002979033721E+037
  -1.8633503633318013E+037
  -2.1309145678581026E+037
  -2.4367744374430279E+037
  -2.7863908409421074E+037
  -3.1860000416994990E+037
  -3.6427232526623905E+037
  -4.1646915806056615E+037
  -4.7611885062070080E+037
  -5.4428123436689239E+037
  -6.2216614611930194E+037
  -7.1115454273667071E+037
  -8.1282256846443578E+037
  -9.2896898466407842E+037
  -1.0616464278881237E+038
  -1.2131970261996257E+038
  -1.3862929762324249E+038
  -1.5839827659038501E+038
  -1.8097438212303790E+038
  -2.0675424618342903E+038
  -2.3619021701317374E+038
  -2.6979813157411293E+038
  -3.0816616314680207E+038
  -3.5196489127032036E+038
  -4.0195876109136451E+038
  -4.5901912171525135E+038
  -5.2413905865896639E+038
  -5.9845026438217318E+038
  -6.8324222354964120E+038
  -7.7998402664508489E+038
  -8.9034916735914051E+038
  -1.0162437264273470E+039
  -1.1598383979862380E+039
  -1.3236048748187541E+039
  -1.5103571769380424E+039
  -1.7232985847775189E+039
  -1.9660749248942934E+039
  -2.2428350537573738E+039
  -2.5582994952242756E+039
  -2.9178383112046214E+039
  -3.3275594244288574E+039
  -3.7944087690289155E+039
  -4.3262838208397114E+039
  -4.9321622572070430E+039
  -5.6222477181351265E+039
  -6.4081348895758803E+039
  -7.3029964085742859E+039
  -8.3217944021524025E+039
  -9.4815198208583848E+039
  -1.0801463117768442E+040
  -1.2303520258685684E+040
  -1.4012538533949807E+040
  -1.5956707181620078E+040
  -1.8167998431124928E+040
  -2.0682665241411942E+040
  -2.3541802744101598E+040
  -2.6791981216312682E+040
  -3.0485959306024949E+040
  -3.4683487221488808E+040
  -3.9452210681630463E+040
  -4.4868687612735505E+040
  -5.1019530873534240E+040
  -5.8002691700961853E+040
  -6.5928900095918677E+040
  -7.4923280014169482E+040
  -8.5127158991566864E+040
  -9.6700093711313587E+040
  -1.0982213500597588E+041
  -1.2469635786484211E+041
  -1.4155168416720460E+041
  -1.6064602805421993E+041
  -1.8226979604442576E+041
  -2.0674977613415810E+041
  -2.3445345212870549E+041
  -2.6579378122426672E+041
  -3.0123447427649778E+041
  -3.4129581908387737E+041
  -3.8656108717295721E+041
  -4.3768356373084347E+041
  -4.9539423815081615E+041
  -5.6051018871561658E+041
  -6.3394368870767884E+041
  -7.1671205204110029E+041
  -8.0994822352613395E+041
  -9.1491210106896415E+041
  -1.0330025531904412E+042
  -1.1657700636175636E+042
  -1.3149298933738048E+042
  -1.4823755973018905E+042
  -1.6701926632328653E+042
  -1.8806719542662186E+042
  -2.1163225231258452E+042
  -2.3798832264389686E+042
  -2.6743323887550950E+042
  -3.0028945421008950E+042
  -3.3690429855434296E+042
  -3.7764965564979767E+042
  -4.2292085637402674E+042
  -4.7313452792102089E+042
  -5.2872506940800456E+042
  -5.9013933794893069E+042
  -6.5782902101408767E+042
  -7.3224003545274421E+042
  -8.1379812393056798E+042
  -9.0288960690755494E+042
  -9.9983598145701896E+042
  -1.1048607229441788E+043
  -1.2180462236433283E+043
  -1.3392782704780729E+043
  -1.4681747923158920E+043
  -1.6039947571459307E+043
  -1.7455220213378707E+043
  -1.8909175627265126E+043
  -2.0375317830783122E+043
  -2.1816663351256527E+043
  -2.3182720736134690E+043
  -2.4405660648777144E+043
  -2.5395458767380750E+043
  -2.6033733029084438E+043
  -2.6165918679320105E+043
  -2.5591324562905991E+043
  -2.4050487953178196E+043
  -2.1209094347533485E+043
  -1.6637588338810077E+043
  -9.7857757469939182E+042
  -8.8864571417132668E+038
