   0.0000000000000000     
  -1.1011010049952404E-016
  -2.2168430682383981E-016
  -3.3620614751872588E-016
  -4.5519829416783210E-016
  -5.8024280488702528E-016
  -7.1300215604712031E-016
  -8.5524134178246812E-016
  -1.0088513350108298E-015
  -1.1758742217611846E-015
  -1.3585303428203185E-015
  -1.5592478033609599E-015
  -1.7806947426575758E-015
  -2.0258147926480471E-015
  -2.2978661964468240E-015
  -2.6004651065199582E-015
  -2.9376336377398493E-015
  -3.3138533136845245E-015
  -3.7341246161710782E-015
  -4.2040334290664549E-015
  -4.7298252589770224E-015
  -5.3184882186969545E-015
  -5.9778458756653054E-015
  -6.7166611986877413E-015
  -7.5447529835603151E-015
  -8.4731263039459118E-015
  -9.5141187200989219E-015
  -1.0681564187282653E-014
  -1.1990976840754524E-014
  -1.3459757098126304E-014
  -1.5107422816243667E-014
  -1.6955868572404879E-014
  -1.9029656513168172E-014
  -2.1356342633137919E-014
  -2.3966842816534296E-014
  -2.6895843502283542E-014
  -3.0182262425822826E-014
  -3.3869765555658668E-014
  -3.8007347088774322E-014
  -4.2649980206150853E-014
  -4.7859347229059618E-014
  -5.3704658870866412E-014
  -6.0263573461849441E-014
  -6.7623228351668707E-014
  -7.5881397183246628E-014
  -8.5147788402687999E-014
  -9.5545502244653607E-014
  -1.0721266553618499E-013
  -1.2030426602226797E-013
  -1.3499421056474042E-013
  -1.5147763453763371E-013
  -1.6997349307611299E-013
  -1.9072746857708751E-013
  -2.1401523304692995E-013
  -2.4014610860126257E-013
  -2.6946717470591947E-013
  -3.0236787667708238E-013
  -3.3928519661086904E-013
  -3.8070945537657779E-013
  -4.2719082268237850E-013
  -4.7934662161858092E-013
  -5.3786952462635391E-013
  -6.0353674966876800E-013
  -6.7722037865318737E-013
  -7.5989893504541566E-013
  -8.5267037432409979E-013
  -9.5676665967036039E-013
  -1.0735701163210662E-012
  -1.2046317816136126E-012
  -1.3516919942284515E-012
  -1.5167034958441979E-012
  -1.7018573517528475E-012
  -1.9096120343815900E-012
  -2.1427260556288751E-012
  -2.4042945810022138E-012
  -2.6977905113680945E-012
  -3.0271105773907349E-012
  -3.3966270582322365E-012
  -3.8112458106936669E-012
  -4.2764713786840821E-012
  -4.7984800468224329E-012
  -5.3842018073508930E-012
  -6.0414123277647691E-012
  -6.7788361392111164E-012
  -7.6062624145344286E-012
  -8.5346748718263067E-012
  -9.5763975266807676E-012
  -1.0745258226551502E-011
  -1.2056772136438559E-011
  -1.3528347609726240E-011
  -1.5179517174858684E-011
  -1.7032196701610634E-011
  -1.9110976184402945E-011
  -2.1443445999379415E-011
  -2.4060562962361011E-011
  -2.6997061042560718E-011
  -3.0291912179072723E-011
  -3.3988843311491650E-011
  -3.8136916481376685E-011
  -4.2791179697530595E-011
  -4.8013397196297993E-011
  -5.3872868780736068E-011
  -6.0447349103524365E-011
  -6.7824079083510346E-011
  -7.6100943132393691E-011
  -8.5387767535935681E-011
  -9.5807777205342320E-011
  -1.0749923011390812E-010
  -1.2061725108944225E-010
  -1.3533588927563999E-010
  -1.5185042654042734E-010
  -1.7037996743567980E-010
  -1.9117034504467146E-010
  -2.1449738124059307E-010
  -2.4067054457696412E-010
  -2.7003705430098662E-010
  -3.0298648489367329E-010
  -3.3995593217426088E-010
  -3.8143580944887456E-010
  -4.2797635053323183E-010
  -4.8019490584698105E-010
  -5.3878412828714994E-010
  -6.0452115737935171E-010
  -6.7827792343405324E-010
  -7.6103270827657135E-010
  -8.5388311577011009E-010
  -9.5806062403162947E-010
  -1.0749469121980571E-009
  -1.2060921781128967E-009
  -1.3532356896820564E-009
  -1.5183288422420620E-009
  -1.7035610274856796E-009
  -1.9113886567390296E-009
  -2.1445677231738233E-009
  -2.4061903344217874E-009
  -2.6997256996564752E-009
  -3.0290661142170288E-009
  -3.3985785510503680E-009
  -3.8131625425193637E-009
  -4.2783151194481865E-009
  -4.8002036677554454E-009
  -5.3857476678985912E-009
  -6.0427104000079015E-009
  -6.7798018295827438E-009
  -7.6067940367043236E-009
  -8.5346507178480491E-009
  -9.5756724757542996E-009
  -1.0743659821905969E-008
  -1.2054096050732493E-008
  -1.3524352407818249E-008
  -1.5173918269621514E-008
  -1.7024659383416590E-008
  -1.9101107587739742E-008
  -2.1430785850467725E-008
  -2.4044572929302492E-008
  -2.6977112484066988E-008
  -3.0267272058777591E-008
  -3.3958658011738318E-008
  -3.8100193212638095E-008
  -4.2746765156628217E-008
  -4.7959953077608708E-008
  -5.3808843688796693E-008
  -6.0370946351925349E-008
  -6.7733219792654281E-008
  -7.5993223956376416E-008
  -8.5260412255120721E-008
  -9.5657581314591541E-008
  -1.0732249741514046E-007
  -1.2040972115921784E-007
  -1.3509265452153943E-007
  -1.5156583738153862E-007
  -1.7004752393959486E-007
  -1.9078257312271399E-007
  -2.1404569124078513E-007
  -2.4014506981622291E-007
  -2.6942646673938093E-007
  -3.0227778476877079E-007
  -3.3913420797643180E-007
  -3.8048396412182288E-007
  -4.2687478921999094E-007
  -4.7892117986105933E-007
  -5.3731252926114084E-007
  -6.0282225471747409E-007
  -6.7631803725752002E-007
  -7.5877330898641475E-007
  -8.5128014014412262E-007
  -9.5506369640115628E-007
  -1.0714984576946793E-006
  -1.2021264132098517E-006
  -1.3486774732525410E-006
  -1.5130923680846188E-006
  -1.6975483366897364E-006
  -1.9044879453406198E-006
  -2.1366514172364455E-006
  -2.3971129009180165E-006
  -2.6893211572631806E-006
  -3.0171452033038693E-006
  -3.3849255166617777E-006
  -3.7975314779386211E-006
  -4.2604258108911084E-006
  -4.7797368727606873E-006
  -5.3623397509368158E-006
  -6.0159472385820903E-006
  -6.7492118924769821E-006
  -7.5718405228777052E-006
  -8.4947226295593187E-006
  -9.5300744826099366E-006
  -1.0691600753387562E-005
  -1.1994675833081924E-005
  -1.3456547236605844E-005
  -1.5096563781513315E-005
  -1.6936431559162523E-005
  -1.9000501082738956E-005
  -2.1316089408880633E-005
  -2.3913841491949201E-005
  -2.6828135548575302E-005
  -3.0097537791824501E-005
  -3.3765312546866785E-005
  -3.7879994492007653E-005
  -4.2496030590021931E-005
  -4.7674500195767955E-005
  -5.3483922859215969E-005
  -6.0001164501946729E-005
  -6.7312453945171256E-005
  -7.5514523225560584E-005
  -8.4715886770913743E-005
  -9.5038276342536494E-005
  -1.0661825070938328E-004
  -1.1960900132771055E-004
  -1.3418237788968867E-004
  -1.5053116050931813E-004
  -1.6887160857245159E-004
  -1.8944631993276186E-004
  -2.1252743823537459E-004
  -2.3842025074873895E-004
  -2.6746722424385050E-004
  -3.0005253224627958E-004
  -3.3660713347697898E-004
  -3.7761446857823385E-004
  -4.2361685038748361E-004
  -4.7522263218188228E-004
  -5.3311424859129306E-004
  -5.9805723540255057E-004
  -6.7091034740539366E-004
  -7.5263690793109911E-004
  -8.4431753999990853E-004
  -9.4716444723750551E-004
  -1.0625374331848330E-003
  -1.1919618705794985E-003
  -1.3371488579338134E-003
  -1.5000178296138845E-003
  -1.6827219180172203E-003
  -1.8876764027804069E-003
  -2.1175906227030188E-003
  -2.3755037717866959E-003
  -2.6648250520624182E-003
  -2.9893787133908334E-003
  -3.3534545749288346E-003
  -3.7618646953113438E-003
  -4.2200069397550300E-003
  -4.7339362833209104E-003
  -5.3104447916762759E-003
  -5.9571513352198562E-003
  -6.6826022208881031E-003
  -7.4963840700391533E-003
  -8.4092504324145435E-003
  -9.4332638074384381E-003
  -1.0581954947420261E-002
  -1.1870501545260320E-002
  -1.3315928665026162E-002
  -1.4937333560642623E-002
  -1.6756137849703538E-002
  -1.8796370370310185E-002
  -2.1084984453629173E-002
  -2.3652213798877362E-002
  -2.6531971646669063E-002
  -2.9762298517814329E-002
  -3.3385864425266032E-002
  -3.7450532185421992E-002
  -4.2009989260867894E-002
  -4.7124456470519167E-002
  -5.2861482916899453E-002
  -5.9296837617340441E-002
  -6.6515509601189460E-002
  -7.4612829665473598E-002
  -8.3695728585742646E-002
  -9.3884148378138479E-002
 -0.10531262522682686     
 -0.11813206495436926     
 -0.13251173445123393     
 -0.14864149532789198     
 -0.16673430924633245     
 -0.18702904796942940     
 -0.20979364518359023     
 -0.23532863165542625     
 -0.26397110033616283     
 -0.29609915369470680     
 -0.33213689191636514     
 -0.37256000773287579     
 -0.41790206164456573     
 -0.46876152026238599     
 -0.52580965055438866     
 -0.58979937406034411     
 -0.66157519778817697     
 -0.74208435269331674     
 -0.83238928655371136     
 -0.93368167589866402     
  -1.0472981416637812     
  -1.1747378756906686     
  -1.3176824103640987     
  -1.4780177919126167     
  -1.6578594495626064     
  -1.8595800882475446     
  -2.0858409724009519     
  -2.3396270130276506     
  -2.6242861203412287     
  -2.9435733404354223     
  -3.3017003574628032     
  -3.7033910134548993     
  -4.1539435771635276     
  -4.6593005821765203     
  -5.2261271542315670     
  -5.8618988594311148     
  -6.5750002304197910     
  -7.3748352681730500     
  -8.2719513747111950     
  -9.2781783488708491     
  -10.406784275562332     
  -11.672650361324717     
  -13.092467018385825     
  -14.684953779122351     
  -16.471105936474284     
  -18.474471157623270     
  -20.721459712722215     
  -23.241692402851328     
  -26.068390767491202     
  -29.238814708170207     
  -32.794753288876869     
  -36.783075173532097     
  -41.256345945490025     
  -46.273520433996588     
  -51.900719159349656     
  -58.212099115146337     
  -65.290830347018783     
  -73.230191178962201     
  -82.134796499040547     
  -92.121975266427484     
  -103.32331536440785     
  -115.88639612491657     
  -129.97673131835683     
  -145.77994817024592     
  -163.50423107005756     
  -183.38306211824562     
  -205.67829456057643     
  -230.68359953584525     
  -258.72833147131053     
  -290.18186296422391     
  -325.45844615996765     
  -365.02266455861064     
  -409.39554694306281     
  -459.16142382539414     
  -514.97561656758535     
  -577.57306027717209     
  -647.77797385064969     
  -726.51470429927735     
  -814.81988792376467     
  -913.85608820885432     
  -1024.9270897132442     
  -1149.4950489893602     
  -1289.1997279668612     
  -1445.8800625937427     
  -1621.5983502086074     
  -1818.6673735198585     
  -2039.6808176437116     
  -2287.5473799093720     
  -2565.5290206441305     
  -2877.2838575400533     
  -3226.9142671911036     
  -3619.0208257751474     
  -4058.7627975367268     
  -4551.9259657097409     
  -5104.9986969324045     
  -5725.2572383148045     
  -6420.8613675402985     
  -7200.9616523060240     
  -8075.8197278176176     
  -9056.9431719481927     
  -10157.236749292691     
  -11391.172010209200     
  -12774.977471856169     
  -14326.851878367885     
  -16067.203340202273     
  -18018.917492316159     
  -20207.658191626564     
  -22662.204701194751     
  -25414.829787319530     
  -28501.723692524294     
  -31963.469549303809     
  -35845.576474351234     
  -40199.077339657968     
  -45081.199065285356     
  -50556.114229865496     
  -56695.783861464952     
  -63580.902467313950     
  -71301.957701734849     
  -79960.418574963274     
  -89670.067791138965     
  -100558.49569363269     
  -112768.77541482558     
  -126461.34120322349     
  -141816.09456448929     
  -159034.76583949398     
  -178343.56219093699     
  -199996.13672431558     
  -224276.91767818903     
  -251504.84133790448     
  -282037.53761800844     
  -316276.02319073776     
  -354669.96368891938     
  -397723.57396837918     
  -446002.23377516208     
  -500139.90553593385     
  -560847.45149853115     
  -628921.95923128433     
  -705257.19769862946     
  -790855.34093949385     
  -886840.11297775293     
  -994471.52620793588     
  -1115162.4063678237     
  -1250496.9206056423     
  -1402251.3513792278     
  -1572417.3883309539     
  -1763228.2432499304     
  -1977187.9301932203     
  -2217104.0942738857     
  -2486124.8190774294     
  -2787779.8947470733     
  -3126027.0871631810     
  -3505304.0140963960     
  -3930586.3075933196     
  -4407452.8241171064     
  -4942158.7561884429     
  -5541717.6026603896     
  -6213993.0706647970     
  -6967802.1122030253     
  -7813030.4440175919     
  -8760762.0626773890     
  -9823424.4498708360     
  -11014951.368120581     
  -12350965.377190804     
  -13848982.459359501     
  -15528641.430841489     
  -17411961.140749943     
  -19523628.822307531     
  -21891323.368307512     
  -24546077.759398844     
  -27522685.385589406     
  -30860155.575109638     
  -34602224.287946723     
  -38797926.652341880     
  -43502238.830752939     
  -48776797.607768953     
  -54690707.108048633     
  -61321443.190793164     
  -68755867.343412399     
  -77091363.327553898     
  -86437111.434200674     
  -96915517.002026469     
  -108663811.86807631     
  -121835849.67839767     
  -136604118.51794216     
  -153161997.15691119     
  -171726284.39173764     
  -192540034.52456394     
  -215875736.02188647     
  -242038874.87309989     
  -271371929.19140053     
  -304258847.22835696     
  -341130067.28280562     
  -382468145.05681032     
  -428814061.93841422     
  -480774296.57610697     
  -539028752.06911910     
  -604339642.26059687     
  -677561453.13285255     
  -759652109.32821894     
  -851685491.53826392     
  -954865468.12298071     
  -1070541624.0695360     
  -1200226892.5344288     
  -1345617319.0216939     
  -1508614216.0561371     
  -1691348997.3765419     
  -1896211015.6050682     
  -2125878766.5004077     
  -2383354866.7832880     
  -2672005261.7047195     
  -2995603173.6500740     
  -3358378364.8529134     
  -3765072356.5354066     
  -4221000324.3980303     
  -4732120477.3596888     
  -5305111823.9318380     
  -5947461339.8646679     
  -6667561673.1507835     
  -7474820659.7046309     
  -8379784076.8385468     
  -9394273234.0286865     
  -10531539193.647184     
  -11806435630.842117     
  -13235612584.388512     
  -14837733622.265448     
  -16633719250.470478     
  -18647019735.123272     
  -20903920890.673798     
  -23433886815.989235     
  -26269944040.821266     
  -29449112083.895786     
  -33012886027.618378     
  -37007777390.991913     
  -41485920340.584450     
  -46505751129.111465     
  -52132769603.439354     
  -58440392690.939209     
  -65510910968.973778     
  -73436560762.408051     
  -82320725715.787460     
  -92279283469.716461     
  -103442114956.82986     
  -115954795946.04956     
  -129980492831.97464     
  -145702087319.98355     
  -163324557631.35349     
  -183077647184.98956     
  -205218855446.41840     
  -230036789818.95349     
  -257854922140.63333     
  -289035798604.44714     
  -323985757806.60376     
  -363160218224.46497     
  -407069603817.75250     
  -456285984729.52466     
  -511450519344.53418     
  -573281794362.14600     
  -642585171193.73755     
  -720263260051.35010     
  -807327657724.39233     
  -904912101433.89441     
  -1014287209521.3801     
  -1136877000309.7058     
  -1274277403532.5715     
  -1428277004566.3545     
  -1600880290646.7788     
  -1794333700688.3674     
  -2011154816666.2837     
  -2254165075238.2090     
  -2526526423905.0806     
  -2831782397123.8687     
  -3173904145054.1655     
  -3557342011783.7432     
  -3987083331766.0430     
  -4468717193744.0625     
  -5008507011671.5889     
  -5613471843240.2842     
  -6291477509886.4365     
  -7051338699047.7451     
  -7902933371607.8018     
  -8857330956740.6367     
  -9926935994806.9590     
  -11125649088862.375     
  -12469047249297.092     
  -13974585967028.490     
  -15661825631751.328     
  -17552685226643.900     
  -19671726583696.191     
  -22046472879020.695     
  -24707765490227.262     
  -27690163833902.062     
  -31032393356825.453     
  -34777847476959.918     
  -38975149967464.852     
  -43678785058039.492     
  -48949803402829.266     
  -54856613044232.852     
  -61475865599850.781     
  -68893449129669.820     
  -77205600518229.594     
  -86520151749717.375     
  -96957926182564.391     
  -108654302866436.98     
  -121760969113465.75     
  -136447883965064.11     
  -152905477917033.53     
  -171347117313868.44     
  -192011865237491.28     
  -215167574540009.31     
  -241114352953694.66     
  -270188445009361.34     
  -302766580868362.00     
  -339270848192672.31     
  -380174149919377.38     
  -426006318357000.56     
  -477360964478599.56     
  -534903150759103.25     
  -599377986513707.25     
  -671620256576619.88     
  -752565207467701.75     
  -843260630099531.12     
  -944880394770572.50     
  -1058739612885796.4     
  -1186311620784330.2     
  -1329247004503288.5     
  -1489394910568828.0     
  -1668826917316699.8     
  -1869863774182488.8     
  -2095105353288918.8     
  -2347464198967137.5     
  -2630203107110594.0     
  -2946977218067118.5     
  -3301881164791281.0     
  -3699501882948670.0     
  -4144977762419017.5     
  -4644064901118302.0     
  -5203211313294875.0     
  -5829640046619813.0     
  -6531442276795521.0     
  -7317681576513905.0     
  -8198510699046158.0     
  -9185302377376520.0     
  -10290795819657810.     
  -11529260783168426.     
  -12916681334465282.     
  -14470961655939078.     
  -16212156541716450.     
  -18162729542432656.     
  -20347842072865288.     
  -22795677193304288.     
  -25537802219907416.     
  -28609574816830316.     
  -32050597779981564.     
  -35905228345948872.     
  -40223148557936824.     
  -45060004002362032.     
  -50478119105047136.     
  -56547298155908656.     
  -63345722328147144.     
  -70960954186215080.     
  -79491062551920528.     
  -89045882137455280.     
  -99748424077536768.     
  -1.1173645542218672E+017
  -1.2516426781151938E+017
  -1.4020465797178888E+017
  -1.5705114537864678E+017
  -1.7592045546354611E+017
  -1.9705530013107402E+017
  -2.2072749115186906E+017
  -2.4724142624599232E+017
  -2.7693799242924982E+017
  -3.1019893652050899E+017
  -3.4745175866924474E+017
  -3.8917519143516262E+017
  -4.3590533442059910E+017
  -4.8824252281638829E+017
  -5.4685901757922381E+017
  -6.1250761543207782E+017
  -6.8603128860196083E+017
  -7.6837397733003379E+017
  -8.6059267287434944E+017
  -9.6387094516163034E+017
  -1.0795340876400033E+018
  -1.2090660724727926E+018
  -1.3541285322553792E+018
  -1.5165820102248381E+018
  -1.6985097497923766E+018
  -1.9022443265271639E+018
  -2.1303974618660823E+018
  -2.3858933982749230E+018
  -2.6720062608547610E+018
  -2.9924018810455470E+018
  -3.3511846147683487E+018
  -3.7529497507852902E+018
  -4.2028421760442578E+018
  -4.7066220442114365E+018
  -5.2707382824826184E+018
  -5.9024108712272630E+018
  -6.6097229423138140E+018
  -7.4017238664964168E+018
  -8.2885446395840051E+018
  -9.2815270330215588E+018
  -1.0393368148957315E+019
  -1.1638282215049308E+019
  -1.3032181672641104E+019
  -1.4592879856263078E+019
  -1.6340317835771044E+019
  -1.8296818298262753E+019
  -2.0487369689066582E+019
  -2.2939944213883781E+019
  -2.5685853732404310E+019
  -2.8760148052795400E+019
  -3.2202060672407810E+019
  -3.6055507609597469E+019
  -4.0369645642256949E+019
  -4.5199497018920690E+019
  -5.0606648547576283E+019
  -5.6660033906121966E+019
  -6.3436809068543844E+019
  -7.1023331915526365E+019
  -7.9516258412092424E+019
  -8.9023769204475658E+019
  -9.9666942132181402E+019
  -1.1158128798969763E+020
  -1.2491846892860662E+020
  -1.3984822119067756E+020
  -1.5656050643468347E+020
  -1.7526791879637451E+020
  -1.9620837803824579E+020
  -2.1964814274369569E+020
  -2.4588518153386200E+020
  -2.7525294478513255E+020
  -3.0812458435726652E+020
  -3.4491767446906811E+020
  -3.8609949315086798E+020
  -4.3219293073920367E+020
  -4.8378309974680725E+020
  -5.4152472923840846E+020
  -6.0615043667957501E+020
  -6.7847998122439829E+020
  -7.5943061470523713E+020
  -8.5002866033705117E+020
  -9.5142246452113729E+020
  -1.0648968843195434E+021
  -1.1918894923857039E+021
  -1.3340087026177176E+021
  -1.4930540438149524E+021
  -1.6710388354644988E+021
  -1.8702155497945361E+021
  -2.0931041777792013E+021
  -2.3425239542800035E+021
  -2.6216288394269745E+021
  -2.9339472001977953E+021
  -3.2834261885253069E+021
  -3.6744813708011572E+021
  -4.1120522290700091E+021
  -4.6016642273336350E+021
  -5.1494982181109912E+021
  -5.7624680557384911E+021
  -6.4483073849717267E+021
  -7.2156666875254449E+021
  -8.0742217966694464E+021
  -9.0347952324556567E+021
  -1.0109491869341094E+022
  -1.1311850625852716E+022
  -1.2657014064702705E+022
  -1.4161918013851027E+022
  -1.5845503567156713E+022
  -1.7728954100508688E+022
  -1.9835960249086009E+022
  -2.2193016137467344E+022
  -2.4829750540935358E+022
  -2.7779297088242822E+022
  -3.1078708098614990E+022
  -3.4769417184765576E+022
  -3.8897756355796075E+022
  -4.3515534026394107E+022
  -4.8680681089965134E+022
  -5.4457973052398237E+022
  -6.0919837160323009E+022
  -6.8147254504392246E+022
  -7.6230768247083700E+022
  -8.5271610429993671E+022
  -9.5382961273490217E+022
  -1.0669135650963863E+023
  -1.1933826010730330E+023
  -1.3348182177835032E+023
  -1.4929884092057665E+023
  -1.6698696118386627E+023
  -1.8676712267181282E+023
  -2.0888630194587391E+023
  -2.3362057352123787E+023
  -2.6127853047557900E+023
  -2.9220510618129453E+023
  -3.2678584407165791E+023
  -3.6545166782072952E+023
  -4.0868421042178886E+023
  -4.5702176746305261E+023
  -5.1106594750455437E+023
  -5.7148910094777267E+023
  -6.3904261826191424E+023
  -7.1456619900145103E+023
  -7.9899820484539900E+023
  -8.9338722305132699E+023
  -9.9890498140385253E+023
  -1.1168607721241668E+024
  -1.2487175604898431E+024
  -1.3961099743112189E+024
  -1.5608643931653798E+024
  -1.7450213816725185E+024
  -1.9508607394145027E+024
  -2.1809294716787733E+024
  -2.4380730204376330E+024
  -2.7254701342618532E+024
  -3.0466717996843991E+024
  -3.4056447053941348E+024
  -3.8068197651290370E+024
  -4.2551462858979964E+024
  -4.7561524359073641E+024
  -5.3160127421022186E+024
  -5.9416234314430538E+024
  -6.6406865239173706E+024
  -7.4218036899361824E+024
  -8.2945810014166323E+024
  -9.2697458358717069E+024
  -1.0359277337739613E+025
  -1.1576552002683784E+025
  -1.2936506130566746E+025
  -1.4455817093346988E+025
  -1.6153105587604555E+025
  -1.8049161290368552E+025
  -2.0167194614291032E+025
  -2.2533117567205945E+025
  -2.5175857065308915E+025
  -2.8127704432576181E+025
  -3.1424705246038828E+025
  -3.5107094162065946E+025
  -3.9219779888366125E+025
  -4.3812886056078669E+025
  -4.8942354402865137E+025
  -5.4670617408852303E+025
  -6.1067348340984041E+025
  -6.8210297567106105E+025
  -7.6186225009262691E+025
  -8.5091939727702839E+025
  -9.5035458875724532E+025
  -1.0613729965488668E+026
  -1.1853191944601798E+026
  -1.3236932101131278E+026
  -1.4781684157601405E+026
  -1.6506114672627218E+026
  -1.8431045242662541E+026
  -2.0579700109269191E+026
  -2.2977982058152169E+026
  -2.5654779821627229E+026
  -2.8642310557966468E+026
  -3.1976501383220796E+026
  -3.5697414378100007E+026
  -3.9849719989239884E+026
  -4.4483224296176311E+026
  -4.9653456228646135E+026
  -5.5422321500167594E+026
  -6.1858830780668858E+026
  -6.9039910471482509E+026
  -7.7051305379446194E+026
  -8.5988583623261617E+026
  -9.5958255255867461E+026
  -1.0707901736377137E+027
  -1.1948313982177821E+027
  -1.3331800745451891E+027
  -1.4874783610140453E+027
  -1.6595558201765770E+027
  -1.8514506619141385E+027
  -2.0654333753819809E+027
  -2.3040330157440665E+027
  -2.5700664409839943E+027
  -2.8666708265197146E+027
  -3.1973398213000454E+027
  -3.5659637488918371E+027
  -3.9768743011879638E+027
  -4.4348942212302873E+027
  -4.9453925257466041E+027
  -5.5143458778954253E+027
  -6.1484067870018396E+027
  -6.8549793854174043E+027
  -7.6423036137794658E+027
  -8.5195487356861744E+027
  -9.4969172020285993E+027
  -1.0585759994904009E+028
  -1.1798704702243581E+028
  -1.3149797708197112E+028
  -1.4654662032213874E+028
  -1.6330672513054286E+028
  -1.8197150214208198E+028
  -2.0275578126075773E+028
  -2.2589840459639664E+028
  -2.5166488068248906E+028
  -2.8035032800759598E+028
  -3.1228273883052815E+028
  -3.4782659748512562E+028
  -3.8738689094269572E+028
  -4.3141355332028715E+028
  -4.8040639033500992E+028
  -5.3492053444551314E+028
  -5.9557248663161283E+028
  -6.6304680648537197E+028
  -7.3810351856870738E+028
  -8.2158630988464380E+028
  -9.1443160086646899E+028
  -1.0176785805703026E+029
  -1.1324803058254053E+029
  -1.2601159740209890E+029
  -1.4020044900611369E+029
  -1.5597194598784249E+029
  -1.7350057558446763E+029
  -1.9297978135416891E+029
  -2.1462398347485446E+029
  -2.3867080882628840E+029
  -2.6538355184036540E+029
  -2.9505388908490034E+029
  -3.2800487269557536E+029
  -3.6459423009998802E+029
  -4.0521799999865831E+029
  -4.5031453729207285E+029
  -5.0036892258200380E+029
  -5.5591781504082455E+029
  -6.1755479084525083E+029
  -6.8593621302095779E+029
  -7.6178768245081380E+029
  -8.4591112396934999E+029
  -9.3919256590475428E+029
  -1.0426106761395070E+030
  -1.1572461227405839E+030
  -1.2842918324542224E+030
  -1.4250642258572414E+030
  -1.5810155136885266E+030
  -1.7537471448237667E+030
  -1.9450245024666277E+030
  -2.1567929513606138E+030
  -2.3911953451130063E+030
  -2.6505911089825081E+030
  -2.9375770196108854E+030
  -3.2550098090454290E+030
  -3.6060307258422256E+030
  -3.9940921908623393E+030
  -4.4229866893333156E+030
  -4.8968780435554127E+030
  -5.4203352119340805E+030
  -5.9983687593956780E+030
  -6.6364701411874823E+030
  -7.3406539359741637E+030
  -8.1175031543056139E+030
  -8.9742177340969886E+030
  -9.9186663147271004E+030
  -1.0959441354540150E+031
  -1.2105917621530482E+031
  -1.3368314042155228E+031
  -1.4757758836621666E+031
  -1.6286357798364619E+031
  -1.7967265488102829E+031
  -1.9814759005723609E+031
  -2.1844313872643578E+031
  -2.4072681398962143E+031
  -2.6517966718676940E+031
  -2.9199706446641186E+031
  -3.2138944636011790E+031
  -3.5358305386727311E+031
  -3.8882060064807529E+031
  -4.2736186628179964E+031
  -4.6948418004715789E+031
  -5.1548275817504257E+031
  -5.6567084983971416E+031
  -6.2037963809260455E+031
  -6.7995783127001932E+031
  -7.4477086784974387E+031
  -8.1519964297374544E+031
  -8.9163864752307989E+031
  -9.7449339029207638E+031
  -1.0641769499532463E+032
  -1.1611054755364730E+032
  -1.2656924213675903E+032
  -1.3783412640030688E+032
  -1.4994364036965140E+032
  -1.6293319002067121E+032
  -1.7683376309722085E+032
  -1.9167023872605072E+032
  -2.0745933389920319E+032
  -2.2420711993401215E+032
  -2.4190603033105087E+032
  -2.6053126772094758E+032
  -2.8003650145330629E+032
  -3.0034872839553274E+032
  -3.2136214715104196E+032
  -3.4293086954642638E+032
  -3.6486026212143576E+032
  -3.8689667357742598E+032
  -4.0871526060743235E+032
  -4.2990557292737705E+032
  -4.4995449706327892E+032
  -4.6822608560404984E+032
  -4.8393771188927544E+032
  -4.9613188668917872E+032
  -5.0364295005332463E+032
  -5.0505770433741590E+032
  -4.9866887929631750E+032
  -4.8242011324251851E+032
  -4.5384089453945448E+032
  -4.0996964511419420E+032
  -3.4726289636853801E+032
  -2.6148857455119586E+032
  -1.4760364447885173E+032
  -1.3403878185355301E+028
