   0.0000000000000000     
  -1.1011010049952404E-016
  -2.2199209056587498E-016
  -3.3744632776812851E-016
  -4.5833060287707057E-016
  -5.8659003168635400E-016
  -7.2428835032124002E-016
  -8.7364111749855898E-016
  -1.0370513578429112E-015
  -1.2171482195962093E-015
  -1.4168292685106966E-015
  -1.6393070981681014E-015
  -1.8881610063589471E-015
  -2.1673945686013830E-015
  -2.4815000346872732E-015
  -2.8355305838384008E-015
  -3.2351816004007180E-015
  -3.6868822770302101E-015
  -4.1978990183612582E-015
  -4.7764523078660178E-015
  -5.4318489170606351E-015
  -6.1746315828700231E-015
  -7.0167485597917768E-015
  -7.9717457730153666E-015
  -9.0549846619902142E-015
  -1.0283889216935339E-014
  -1.1678226180081558E-014
  -1.3260422916577266E-014
  -1.5055928065538629E-014
  -1.7093620769416880E-014
  -1.9406275060740874E-014
  -2.2031086871921391E-014
  -2.5010272140423855E-014
  -2.8391745624403968E-014
  -3.2229891341221342E-014
  -3.6586437013946521E-014
  -4.1531446582722651E-014
  -4.7144446735497042E-014
  -5.3515705566694392E-014
  -6.0747683917473380E-014
  -6.8956682726581190E-014
  -7.8274712871090189E-014
  -8.8851617552085403E-014
  -1.0085748133912390E-013
  -1.1448536459422189E-013
  -1.2995440722525898E-013
  -1.4751335165403885E-013
  -1.6744454162116912E-013
  -1.9006846109665743E-013
  -2.1574888624451606E-013
  -2.4489873324116310E-013
  -2.7798669592927197E-013
  -3.1554477998058585E-013
  -3.5817685464697572E-013
  -4.0656835953009603E-013
  -4.6149732235904492E-013
  -5.2384686483060535E-013
  -5.9461939747629609E-013
  -6.7495273165868238E-013
  -7.6613836760209007E-013
  -8.6964225232482161E-013
  -9.8712834102275453E-013
  -1.1204853404952038E-012
  -1.2718570643265999E-012
  -1.4436768875629665E-012
  -1.6387068544823603E-012
  -1.8600820678111307E-012
  -2.1113610725836388E-012
  -2.3965830441446312E-012
  -2.7203326990973770E-012
  -3.0878139720623769E-012
  -3.5049336419233081E-012
  -3.9783962510601866E-012
  -4.5158118424711606E-012
  -5.1258182455769149E-012
  -5.8182198751916674E-012
  -6.6041452733848511E-012
  -7.4962259250068403E-012
  -8.5087992193447913E-012
  -9.6581388181971968E-012
  -1.0962716130835620E-011
  -1.2443497095926764E-011
  -1.4124279037539647E-011
  -1.6032073005965510E-011
  -1.8197537744565938E-011
  -2.0655472252965470E-011
  -2.3445374857930463E-011
  -2.6612077771333623E-011
  -3.0206467326841007E-011
  -3.4286301462836487E-011
  -3.8917137580706499E-011
  -4.4173385680013734E-011
  -5.0139503683746459E-011
  -5.6911354150032378E-011
  -6.4597744158104477E-011
  -7.3322173097498983E-011
  -8.3224816427664499E-011
  -9.4464777263950775E-011
  -1.0722264194614021E-010
  -1.2170338062630910E-010
  -1.3813963945219550E-010
  -1.5679547720931760E-010
  -1.7797060642073780E-010
  -2.0200520700213132E-010
  -2.2928538976167363E-010
  -2.6024939746673236E-010
  -2.9539464303986553E-010
  -3.3528569788521243E-010
  -3.8056335859868382E-010
  -4.3195493762618125E-010
  -4.9028594308120164E-010
  -5.5649333523189365E-010
  -6.3164057247575629E-010
  -7.1693468834382077E-010
  -8.1374567367623999E-010
  -9.2362847511083101E-010
  -1.0483479630189599E-009
  -1.1899072696830183E-009
  -1.3505799526013191E-009
  -1.5329464991974202E-009
  -1.7399357588866625E-009
  -1.9748719675309628E-009
  -2.2415281190623317E-009
  -2.5441865409161095E-009
  -2.8877076455206547E-009
  -3.2776079612958486E-009
  -3.7201486955231213E-009
  -4.2224362504536240E-009
  -4.7925363058297619E-009
  -5.4396032986854888E-009
  -6.1740273783544685E-009
  -7.0076011950156454E-009
  -7.9537091983404734E-009
  -9.0275424839798140E-009
  -1.0246342635534198E-008
  -1.1629678474863633E-008
  -1.3199760161573762E-008
  -1.4981795681732385E-008
  -1.7004395445934297E-008
  -1.9300031488650208E-008
  -2.1905558636745321E-008
  -2.4862806009182714E-008
  -2.8219248338179283E-008
  -3.2028767882550439E-008
  -3.6352519157198731E-008
  -4.1259910351974229E-008
  -4.6829717184908486E-008
  -5.3151347059113237E-008
  -6.0326273803502764E-008
  -6.8469666013601903E-008
  -7.7712235113912452E-008
  -8.8202332787415272E-008
  -1.0010833141729121E-007
  -1.1362132572497178E-007
  -1.2895819893995689E-007
  -1.4636510268304840E-007
  -1.6612140637947208E-007
  -1.8854417954816575E-007
  -2.1399327885900867E-007
  -2.4287712154795218E-007
  -2.7565923778635061E-007
  -3.1286570709171933E-007
  -3.5509359804289551E-007
  -4.0302054665036983E-007
  -4.5741562699028061E-007
  -5.1915168843085169E-007
  -5.8921935729503854E-007
  -6.6874292748971487E-007
  -7.5899839491761732E-007
  -8.6143392485886139E-007
  -9.7769308051501876E-007
  -1.1096411851756250E-006
  -1.2593952407040145E-006
  -1.4293578820516376E-006
  -1.6222559122111592E-006
  -1.8411840354455070E-006
  -2.0896544899592869E-006
  -2.3716533757458973E-006
  -2.6917045806636038E-006
  -3.0549423295864368E-006
  -3.4671935196925332E-006
  -3.9350711618081259E-006
  -4.4660804257329545E-006
  -5.0687389894845437E-006
  -5.7527136216510458E-006
  -6.5289751862082219E-006
  -7.4099745544036154E-006
  -8.4098422433701351E-006
  -9.5446149813698401E-006
  -1.0832492831077953E-005
  -1.2294130992009606E-005
  -1.3952970958911840E-005
  -1.5835616343592933E-005
  -1.7972259383341784E-005
  -2.0397164971265918E-005
  -2.3149219965556103E-005
  -2.6272556580631622E-005
  -2.9817259850085066E-005
  -3.3840170498340037E-005
  -3.8405796086532357E-005
  -4.3587345032806370E-005
  -4.9467900075764245E-005
  -5.6141749983741909E-005
  -6.3715900847686807E-005
  -7.2311791172275270E-005
  -8.2067238244599652E-005
  -9.3138646964555715E-005
  -1.0570351652529060E-004
  -1.1996328510305204E-004
  -1.3614655812990023E-004
  -1.5451277186669330E-004
  -1.7535635096590542E-004
  -1.9901142662581030E-004
  -2.2585719091603612E-004
  -2.5632397304320843E-004
  -2.9090013488746504E-004
  -3.3013989626113954E-004
  -3.7467221522991472E-004
  -4.2521086573257789E-004
  -4.8256587390863628E-004
  -5.4765649630037264E-004
  -6.2152594778570847E-004
  -7.0535811511568088E-004
  -8.0049652372387616E-004
  -9.0846586155366978E-004
  -1.0309964045900283E-003
  -1.1700517352411857E-003
  -1.3278601974352348E-003
  -1.5069505921212916E-003
  -1.7101926847517836E-003
  -1.9408431733579699E-003
  -2.2025978532477630E-003
  -2.4996508135521562E-003
  -2.8367616134113418E-003
  -3.2193315133251322E-003
  -3.6534899821383388E-003
  -4.1461928646095540E-003
  -4.7053337811528290E-003
  -5.3398705431322996E-003
  -6.0599686074181572E-003
  -6.8771638666234739E-003
  -7.8045473808980390E-003
  -8.8569750083080743E-003
  -1.0051305289296963E-002
  -1.1406669392875903E-002
  -1.2944777445267636E-002
  -1.4690266143927821E-002
  -1.6671093220509886E-002
  -1.8918985065987028E-002
  -2.1469944681789564E-002
  -2.4364828086062044E-002
  -2.7649998399430324E-002
  -3.1378068077510521E-002
  -3.5608741167665985E-002
  -4.0409769067777941E-002
  -4.5858035080631049E-002
  -5.2040785117963818E-002
  -5.9057024246243643E-002
  -6.7019101419181812E-002
  -7.6054507752325667E-002
  -8.6307917110884924E-002
  -9.7943501657882542E-002
 -0.11114755940773527     
 -0.12613149582078151     
 -0.14313520713686481     
 -0.16243091957137964     
 -0.18432754578790614     
 -0.20917562833425227     
 -0.23737294911562609     
 -0.26937089462982566     
 -0.30568167877501251     
 -0.34688653875399927     
 -0.39364503515922566     
 -0.44670560497840522     
 -0.50691753629439462     
 -0.57524455618432835     
 -0.65278024911576271     
 -0.74076555240367559     
 -0.84060860849934604     
 -0.95390729156105203     
  -1.0824747685092466     
  -1.2283685032785514     
  -1.3939231680206490     
  -1.5817879874653937     
  -1.7949691135100629     
  -2.0368777075107642     
  -2.3113844989801753     
  -2.6228816929095062     
  -2.9763532153834813     
  -3.3774544204215027     
  -3.8326025321847732     
  -4.3490792682533703     
  -4.9351472843394699     
  -5.6001823016724517     
  -6.3548230288961740     
  -7.2111412746609211     
  -8.1828349697135696     
  -9.2854471833419456     
  -10.536614634358887     
  -11.956349668050926     
  -13.567360205190877     
  -15.395412775860869     
  -17.469744439139497     
  -19.823530170663947     
  -22.494413186154993     
  -25.525106674336499     
  -28.964076553342913     
  -32.866316158899046     
  -37.294225240936946     
  -42.318607311327149     
  -48.019801275640376     
  -54.488965426495497     
  -61.829534309323485     
  -70.158871732124680     
  -79.610146323083185     
  -90.334459593721036     
  -102.50326049734555     
  -116.31108504721648     
  -131.97866474914090     
  -149.75645349192584     
  -169.92862922024725     
  -192.81763429464863     
  -218.78932704351189     
  -248.25882676917576     
  -281.69714554059601     
  -319.63871266467169     
  -362.68991197798675     
  -411.53876826757210     
  -466.96593747129378     
  -529.85717611822224     
  -601.21748907879362     
  -682.18718148034418     
  -774.06007103293496     
  -878.30415148801603     
  -996.58503706829640     
  -1130.7925620850733     
  -1283.0709603069695     
  -1455.8531057644859     
  -1651.8993614789097     
  -1874.3416561253291     
  -2126.7334920501871     
  -2413.1066826939468     
  -2738.0357248279593     
  -3106.7108328131817     
  -3525.0208002690101     
  -3999.6470113060595     
  -4538.1701013265674     
  -5149.1909691653682     
  -5842.4680712495610     
  -6629.0731881449092     
  -7521.5681484711149     
  -8534.2053294022717     
  -9683.1551321503066     
  -10986.764061001382     
  -12465.847522493930     
  -14144.022014969445     
  -16048.082006816529     
  -18208.427514273437     
  -20659.549198009063     
  -23440.578714747164     
  -26595.913100545284     
  -30175.923142563955     
  -34237.757035067159     
  -38846.252134311399     
  -44074.969350107378     
  -50007.366666622656     
  -56738.130502576758     
  -64374.686136683275     
  -73038.911278089057     
  -82869.080099102153     
  -94022.068720252675     
  -106675.85730418631     
  -121032.36864140125     
  -137320.68847267490     
  -155800.71887556848     
  -176767.32294250096     
  -200555.02680541514     
  -227543.35394165121     
  -258162.87676866719     
  -292902.08196207415     
  -332315.15889399784     
  -377030.83529339265     
  -427762.40091069270     
  -485319.07889161125     
  -550618.92603017937     
  -624703.46742090373     
  -708754.29865175567     
  -804111.92001318850     
  -912297.10274215753     
  -1035035.1276398186     
  -1174283.2821387993     
  -1332262.0537784537     
  -1511490.5168998300     
  -1714826.4761326148     
  -1945512.0059761896     
  -2207225.1116809612     
  -2504138.3340809019     
  -2840985.2315638368     
  -3223135.7977507794     
  -3656682.0156838829     
  -4148534.9106565341     
  -4706534.6468247809     
  -5339575.4203270739     
  -6057747.1371105677     
  -6872496.1307614762     
  -7796807.4786115456     
  -8845411.8180600647     
  -10035019.954875410     
  -11384588.997419717     
  -12915624.252304979     
  -14652521.685912345     
  -16622956.401532779     
  -18858323.313874766     
  -21394237.032968514     
  -24271098.911273308     
  -27534740.276033320     
  -31237152.080605157     
  -35437312.582853615     
  -40202126.217621319     
  -45607488.598494880     
  -51739494.589711629     
  -58695808.663944051     
  -66587219.342006885     
  -75539402.437249646     
  -85694921.147019163     
  -97215494.798837543     
  -110284572.32965086     
  -125110251.42049919     
  -141928589.70317614     
  -161007360.68714780     
  -182650314.12315467     
  -207202008.53677243     
  -235053292.75806391     
  -266647523.58670044     
  -302487618.42931920     
  -343144055.01313704     
  -389263945.32759416     
  -441581328.01294494     
  -500928842.77218050     
  -568250972.33773446     
  -644619062.42557609     
  -731248358.35177004     
  -829517329.01860952     
  -940989585.30737150     
  -1067438741.1191241     
  -1210876612.0376909     
  -1373585199.5913641     
  -1558152969.2032499     
  -1767515998.0979357     
  -2005004646.7561402     
  -2274396495.2057943     
  -2579976384.8987265     
  -2926604519.7244544     
  -3319793707.6456823     
  -3765796969.5329905     
  -4271706906.3300095     
  -4845568402.3045559     
  -5496506453.7952118     
  -6234871152.9027147     
  -7072402127.8072319     
  -8022415050.1322193     
  -9100013169.9177971     
  -10322327235.862030     
  -11708787608.831837     
  -13281432887.374702     
  -15065259943.172909     
  -17088620921.253340     
  -19383673504.708038     
  -21986891588.498543     
  -24939644464.997391     
  -28288853710.443802     
  -32087738193.671879     
  -36396659025.830040     
  -41284077854.486900     
  -46827643702.613091     
  -53115425590.907417     
  -60247310493.077095     
  -68336588794.590019     
  -77511752397.597946     
  -87918533985.249847     
  -99722219780.846161     
  -113110272471.74596     
  -128295305883.25682     
  -145518458561.72821     
  -165053219746.97192     
  -187209768382.00479     
  -212339893936.40405     
  -240842577036.93454     
  -273170318351.42404     
  -309836316024.53992     
  -351422605404.71191     
  -398589290042.62518     
  -452085010224.61719     
  -512758814902.38123     
  -581573625103.64465     
  -659621502108.49146     
  -748140962251.33533     
  -848536612611.18396     
  -962401418595.21826     
  -1091541956083.8877     
  -1238007048048.5283     
  -1404120239121.9165     
  -1592516622345.1782     
  -1806184601191.3623     
  -2048513248065.6487     
  -2323346009039.0610     
  -2635041604986.5239     
  -2988543093158.0688     
  -3389456182313.4663     
  -3844138040935.5415     
  -4359798004019.1230     
  -4944611772133.4404     
  -5607850909849.2686     
  -6360029692579.3320     
  -7213071625223.5234     
  -8180498267072.8047     
  -9277643350120.0332     
  -10521895577822.713     
  -11932973944776.688     
  -13533239931850.707     
  -15348051514216.947     
  -17406164580594.148     
  -19740188111331.629     
  -22387100312532.020     
  -25388833866648.055     
  -28792939552096.902     
  -32653338722649.543     
  -37031176541212.250     
  -41995789454273.797     
  -47625802197858.703     
  -54010371671773.047     
  -61250597338530.859     
  -69461120433194.539     
  -78771937251931.797     
  -89330455167407.453     
  -101303823851497.89     
  -114881578530671.08     
  -130278637025220.47     
  -147738697908039.00     
  -167538093449805.44     
  -189990158195129.19     
  -215450182151494.62     
  -244321026798008.38     
  -277059492579363.16     
  -314183538406889.44     
  -356280467129880.38     
  -404016206178320.38     
  -458145829852761.31     
  -519525489320491.12     
  -589125938577772.75     
  -668047869805433.88     
  -757539300075798.75     
  -859015283712110.12     
  -974080261266436.50     
  -1104553397645819.6     
  -1252497309033376.2     
  -1420250631662864.5     
  -1610464946052496.2     
  -1826146638939382.8     
  -2070704362959962.8     
  -2348002842318297.0     
  -2662423872660770.5     
  -3018935476705317.0     
  -3423170305638365.0     
  -3881514521913890.0     
  -4401208564156293.5     
  -4990461381978091.0     
  -5658579940616532.0     
  -6416116035704814.0     
  -7275032731002913.0     
  -8248893040803563.0     
  -9353073828855706.0     
  -10605008292512944.     
  -12024460850654700.     
  -13633838763810766.     
  -15458545392856362.     
  -17527380657713544.     
  -19872994999985056.     
  -22532403995019944.     
  -25547571712782388.     
  -28966072008044408.     
  -32841838145823608.     
  -37236012556877168.     
  -42217910092243504.     
  -47866109930002056.     
  -54269693309598680.     
  -61529646560992128.     
  -69760451493476304.     
  -79091888153075328.     
  -89671078294077056.     
  -1.0166480169190000E+017
  -1.1526212171038765E+017
  -1.3067736139399954E+017
  -1.4815347686038371E+017
  -1.6796588100777469E+017
  -1.9042677762236586E+017
  -2.1589007398408259E+017
  -2.4475694915061664E+017
  -2.7748216539148269E+017
  -3.1458122190748179E+017
  -3.5663846318903226E+017
  -4.0431626934641370E+017
  -4.5836547272068128E+017
  -5.1963716432170586E+017
  -5.8909607544071155E+017
  -6.6783574449015936E+017
  -7.5709570712062515E+017
  -8.5828097939066560E+017
  -9.7298413971813235E+017
  -1.1030103560825652E+018
  -1.2504057511156877E+018
  -1.4174895500329019E+018
  -1.6068905156414234E+018
  -1.8215882418375478E+018
  -2.0649599531270748E+018
  -2.3408335439594020E+018
  -2.6535476894059034E+018
  -3.0080199694647624E+018
  -3.4098240747686712E+018
  -3.8652773036698808E+018
  -4.3815397218011315E+018
  -4.9667265377783808E+018
  -5.6300354555740488E+018
  -6.3818909984789135E+018
  -7.2341080651473510E+018
  -8.2000772791315804E+018
  -9.2949750342538936E+018
  -1.0536001524464269E+019
  -1.1942650484513731E+019
  -1.3537014863672136E+019
  -1.5344133216570833E+019
  -1.7392382231821896E+019
  -1.9713921540286562E+019
  -2.2345197761985524E+019
  -2.5327515676405449E+019
  -2.8707685449795084E+019
  -3.2538756041312076E+019
  -3.6880846256100733E+019
  -4.1802086438533472E+019
  -4.7379685526700818E+019
  -5.3701140146708038E+019
  -6.0865604642925142E+019
  -6.8985443452581454E+019
  -7.8187990079120851E+019
  -8.8617540142854357E+019
  -1.0043760963985673E+020
  -1.1383349367760731E+020
  -1.2901516564296566E+020
  -1.4622056206763503E+020
  -1.6571930447090873E+020
  -1.8781691627277756E+020
  -2.1285960058836779E+020
  -2.4123965345719527E+020
  -2.7340159696378898E+020
  -3.0984912792380008E+020
  -3.5115299051611940E+020
  -3.9795989563423215E+020
  -4.5100262603265927E+020
  -5.1111148481012597E+020
  -5.7922726568685575E+020
  -6.5641594722391071E+020
  -7.4388533996560489E+020
  -8.4300394587823879E+020
  -9.5532232388143481E+020
  -1.0825972942563642E+021
  -1.2268193588730030E+021
  -1.3902437641912378E+021
  -1.5754256906337557E+021
  -1.7852601160805161E+021
  -2.0230269738897695E+021
  -2.2924423081351486E+021
  -2.5977162219375396E+021
  -2.9436185203080288E+021
  -3.3355530684391453E+021
  -3.7796420217369128E+021
  -4.2828212371718925E+021
  -4.8529483491164595E+021
  -5.4989251894149372E+021
  -6.2308364540450083E+021
  -7.0601067708172259E+021
  -7.9996786080240999E+021
  -9.0642137872058255E+021
  -1.0270321729244657E+022
  -1.1636817977492881E+022
  -1.3185017010986506E+022
  -1.4939063892250745E+022
  -1.6926309895974559E+022
  -1.9177737946214611E+022
  -2.1728444461305920E+022
  -2.4618185079218871E+022
  -2.7891992725193021E+022
  -3.1600877603361607E+022
  -3.5802619962033799E+022
  -4.0562667917882876E+022
  -4.5955154249635359E+022
  -5.2064047912028102E+022
  -5.8984458104160444E+022
  -6.6824111085022934E+022
  -7.5705022599269768E+022
  -8.5765391799350303E+022
  -9.7161745972475854E+022
  -1.1007136925525976E+023
  -1.2469505290486411E+023
  -1.4126020966060206E+023
  -1.6002440035056433E+023
  -1.8127932726040345E+023
  -2.0535535598374838E+023
  -2.3262663562654899E+023
  -2.6351689646625023E+023
  -2.9850601461286001E+023
  -3.3813744504314428E+023
  -3.8302663776292465E+023
  -4.3387056700122759E+023
  -4.9145852048631812E+023
  -5.5668431526052924E+023
  -6.3056012845592682E+023
  -7.1423215631306302E+023
  -8.0899834286144827E+023
  -9.1632845152414093E+023
  -1.0378867889478608E+024
  -1.1755579311462982E+024
  -1.3314758482023085E+024
  -1.5080568760110253E+024
  -1.7080370426599561E+024
  -1.9345143239381705E+024
  -2.1909964781678332E+024
  -2.4814551962149600E+024
  -2.8103873994716270E+024
  -3.1828846282901062E+024
  -3.6047115874658488E+024
  -4.0823950558061954E+024
  -4.6233245257287730E+024
  -5.2358661186327111E+024
  -5.9294915252196704E+024
  -6.7149239501125972E+024
  -7.6043033005367361E+024
  -8.6113731534583213E+024
  -9.7516923689098412E+024
  -1.1042874594342931E+025
  -1.2504859331481738E+025
  -1.4160218719793140E+025
  -1.6034504736687981E+025
  -1.8156642132221791E+025
  -2.0559373114764019E+025
  -2.3279760594468116E+025
  -2.6359757685406946E+025
  -2.9846852178513675E+025
  -3.3794795841337226E+025
  -3.8264429694438861E+025
  -4.3324617877645221E+025
  -4.9053304374519234E+025
  -5.5538708735396239E+025
  -6.2880679056517280E+025
  -7.1192222867232109E+025
  -8.0601239285185368E+025
  -9.1252478861809678E+025
  -1.0330976100364394E+026
  -1.1695848277132616E+026
  -1.3240845728675708E+026
  -1.4989712498678033E+026
  -1.6969318662438502E+026
  -1.9210071332135749E+026
  -2.1746379621607211E+026
  -2.4617180643586745E+026
  -2.7866534537856453E+026
  -3.1544297575155515E+026
  -3.5706883564706419E+026
  -4.0418125130669297E+026
  -4.5750247934835966E+026
  -5.1784972632157124E+026
  -5.8614761277944325E+026
  -6.6344227089822784E+026
  -7.5091728936520387E+026
  -8.4991174716406576E+026
  -9.6194060943192833E+026
  -1.0887177942165453E+027
  -1.2321822592604149E+027
  -1.3945275034834607E+027
  -1.5782349293094586E+027
  -1.7861115701531302E+027
  -2.0213327531243517E+027
  -2.2874903412952731E+027
  -2.5886472838244716E+027
  -2.9293992970921587E+027
  -3.3149446071865703E+027
  -3.7511628051913904E+027
  -4.2447040035613192E+027
  -4.8030896364745421E+027
  -5.4348264217167640E+027
  -6.1495351989783826E+027
  -6.9580965823659435E+027
  -7.8728156167511662E+027
  -8.9076079120419783E+027
  -1.0078210050778082E+028
  -1.1402417427389950E+028
  -1.2900353087389004E+028
  -1.4594771597743955E+028
  -1.6511402502590036E+028
  -1.8679338508940674E+028
  -2.1131474213944346E+028
  -2.3905001938292543E+028
  -2.7041972080740873E+028
  -3.0589926368882207E+028
  -3.4602613465443255E+028
  -3.9140797613411362E+028
  -4.4273172385227079E+028
  -5.0077393161395786E+028
  -5.6641243725070692E+028
  -6.4063954347263260E+028
  -7.2457690981468705E+028
  -8.1949237719502095E+028
  -9.2681897519265622E+028
  -1.0481763944178364E+029
  -1.1853952427624916E+029
  -1.3405444454113179E+029
  -1.5159621948648041E+029
  -1.7142909095491405E+029
  -1.9385167186252757E+029
  -2.1920140572181872E+029
  -2.4785960314344716E+029
  -2.8025712973112547E+029
  -3.1688082934700852E+029
  -3.5828077751196515E+029
  -4.0507847187199666E+029
  -4.5797608038448313E+029
  -5.1776688335379278E+029
  -5.8534706289803250E+029
  -6.6172901310847145E+029
  -7.4805636635328995E+029
  -8.4562095619633203E+029
  -9.5588196560820925E+029
  -1.0804875409453273E+030
  -1.2212991880169892E+030
  -1.3804193069636419E+030
  -1.5602222682069595E+030
  -1.7633894830534967E+030
  -1.9929489803682306E+030
  -2.2523200659041062E+030
  -2.5453637143031851E+030
  -2.8764394265144503E+030
  -3.2504693785728826E+030
  -3.6730107926704488E+030
  -4.1503375797026244E+030
  -4.6895324356589642E+030
  -5.2985907242151601E+030
  -5.9865376467819851E+030
  -6.7635603914396694E+030
  -7.6411571662944696E+030
  -8.6323052638265919E+030
  -9.7516505741143766E+030
  -1.1015721270192853E+031
  -1.2443168732475207E+031
  -1.4055039165895888E+031
  -1.5875079798572343E+031
  -1.7930084040334452E+031
  -2.0250280530179430E+031
  -2.2869771621143945E+031
  -2.5827027547739448E+031
  -2.9165443304503544E+031
  -3.2933966145074159E+031
  -3.7187802601491646E+031
  -4.1989215036630332E+031
  -4.7408418993843139E+031
  -5.3524594013983338E+031
  -6.0427022169903470E+031
  -6.8216370343567879E+031
  -7.7006134264850133E+031
  -8.6924264570582521E+031
  -9.8114997657332377E+031
  -1.1074091692512575E+032
  -1.2498527317933206E+032
  -1.4105459651602811E+032
  -1.5918163600920694E+032
  -1.7962866799856423E+032
  -2.0269121880284196E+032
  -2.2870225332129135E+032
  -2.5803688730787218E+032
  -2.9111768819103455E+032
  -3.2842063725755463E+032
  -3.7048183492376002E+032
  -4.1790504079521184E+032
  -4.7137015139326337E+032
  -5.3164273094522139E+032
  -5.9958472465161163E+032
  -6.7616649953478119E+032
  -7.6248037553318246E+032
  -8.5975582915268147E+032
  -9.6937657396210156E+032
  -1.0928997467940334E+033
  -1.2320774559827329E+033
  -1.3888809786708439E+033
  -1.5655279285143961E+033
  -1.7645127534200844E+033
  -1.9886409657136434E+033
  -2.2410675548655723E+033
  -2.5253400861466479E+033
  -2.8454470479657665E+033
  -3.2058720768365912E+033
  -3.6116547626781035E+033
  -4.0684588193057782E+033
  -4.5826484964277597E+033
  -5.1613742112291575E+033
  -5.8126684908128889E+033
  -6.5455534425813457E+033
  -7.3701611094213447E+033
  -8.2978682217539377E+033
  -9.3414470307259411E+033
  -1.0515234097793133E+034
  -1.1835319127573759E+034
  -1.3319756165199637E+034
  -1.4988799738700366E+034
  -1.6865168813648831E+034
  -1.8974341743990641E+034
  -2.1344885752493764E+034
  -2.4008824859608747E+034
  -2.7002050603953397E+034
  -3.0364780364562528E+034
  -3.4142068608108345E+034
  -3.8384376947323746E+034
  -4.3148209513845286E+034
  -4.8496820823773491E+034
  -5.4501004051672672E+034
  -6.1239968432800210E+034
  -6.8802315388355190E+034
  -7.7287123918651566E+034
  -8.6805156838322061E+034
  -9.7480200539553144E+034
  -1.0945055216700434E+035
  -1.2287066937377732E+035
  -1.3791299920282086E+035
  -1.5477000410234930E+035
  -1.7365640463525868E+035
  -1.9481166007686621E+035
  -2.1850270980533181E+035
  -2.4502700016389381E+035
  -2.7471582329795854E+035
  -3.0793799632178285E+035
  -3.4510391102052635E+035
  -3.8666998610666654E+035
  -4.3314355577735508E+035
  -4.8508822990043683E+035
  -5.4312976251497214E+035
  -6.0796246637147243E+035
  -6.8035621183878997E+035
  -7.6116404852186697E+035
  -8.5133048718677084E+035
  -9.5190047785548950E+035
  -1.0640291169427996E+036
  -1.1889921117325167E+036
  -1.3281970239313546E+036
  -1.4831953050117134E+036
  -1.6556951239746367E+036
  -1.8475749723238004E+036
  -2.0608980105874526E+036
  -2.2979270946291377E+036
  -2.5611403870107982E+036
  -2.8532474173218786E+036
  -3.1772054038702955E+036
  -3.5362355852858886E+036
  -3.9338392318157370E+036
  -4.3738129092668055E+036
  -4.8602624499113812E+036
  -5.3976149396829268E+036
  -5.9906278541942446E+036
  -6.6443942609228048E+036
  -7.3643427433849762E+036
  -8.1562303856645766E+036
  -9.0261267706648215E+036
  -9.9803864788616095E+036
  -1.1025607009106826E+037
  -1.2168568358463677E+037
  -1.3416149668971522E+037
  -1.4775217344947782E+037
  -1.6252477827470590E+037
  -1.7854286737206867E+037
  -1.9586404306554216E+037
  -2.1453684848093254E+037
  -2.3459685363549853E+037
  -2.5606175180848635E+037
  -2.7892524586462757E+037
  -3.0314945634919539E+037
  -3.2865552466482047E+037
  -3.5531201297617883E+037
  -3.8292061454206508E+037
  -4.1119858002564122E+037
  -4.3975713205726399E+037
  -4.6807497571662328E+037
  -4.9546580883378327E+037
  -5.2103848319171166E+037
  -5.4364815334993198E+037
  -5.6183635814853717E+037
  -5.7375749128000689E+037
  -5.7708850739764931E+037
  -5.6891795060184819E+037
  -5.4560945370065759E+037
  -5.0263372567885012E+037
  -4.3436179254477076E+037
  -3.3381140212769174E+037
  -1.9234200380075412E+037
  -1.7466565937316675E+033
