   0.0000000000000000     
  -1.1011010049952404E-016
  -2.2263827815667303E-016
  -3.4005566700730084E-016
  -4.6494071857171289E-016
  -6.0003582098624233E-016
  -7.4830751581038564E-016
  -9.1301163464273231E-016
  -1.0977647856318611E-015
  -1.3066237593162748E-015
  -1.5441745970275468E-015
  -1.8156332771566626E-015
  -2.1269602295683705E-015
  -2.4849911919475638E-015
  -2.8975872805352641E-015
  -3.3738075694305954E-015
  -3.9241079666535583E-015
  -4.5605707523224654E-015
  -5.2971698172649570E-015
  -6.1500774239203449E-015
  -7.1380192226977088E-015
  -8.2826853160263685E-015
  -9.6092063924131481E-015
  -1.1146705380896394E-014
  -1.2928936733696885E-014
  -1.4995027367979150E-014
  -1.7390335528651865E-014
  -2.0167446422007361E-014
  -2.3387326471511532E-014
  -2.7120661528066383E-014
  -3.1449408403957526E-014
  -3.6468593781044186E-014
  -4.2288399972264427E-014
  -4.9036583310320817E-014
  -5.6861278236594425E-014
  -6.5934248627055911E-014
  -7.6454657705897773E-014
  -8.8653439277120007E-014
  -1.0279836619902620E-013
  -1.1919992732601320E-013
  -1.3821814188182312E-013
  -1.6027046079776408E-013
  -1.8584092839955760E-013
  -2.1549080548067471E-013
  -2.4987088686495670E-013
  -2.8973578374042027E-013
  -3.3596048415503952E-013
  -3.8955955504967208E-013
  -4.5170940715966786E-013
  -5.2377411131643697E-013
  -6.0733533259749493E-013
  -7.0422703911744902E-013
  -8.1657574700483869E-013
  -9.4684718456849003E-013
  -1.0979003994863663E-012
  -1.2730504961388752E-012
  -1.4761413795389864E-012
  -1.7116301018361652E-012
  -1.9846846619052057E-012
  -2.3012974036574752E-012
  -2.6684165009041129E-012
  -3.0940984133638264E-012
  -3.5876846584443530E-012
  -4.1600067768264050E-012
  -4.8236239883407858E-012
  -5.5930987517177324E-012
  -6.4853162732296436E-012
  -7.5198549732791814E-012
  -8.7194160377469176E-012
  -1.0110321476920255E-011
  -1.1723091617500790E-011
  -1.3593114695485321E-011
  -1.5761423237845681E-011
  -1.8275594263195917E-011
  -2.1190793047397584E-011
  -2.4570983348870239E-011
  -2.8490330639295913E-011
  -3.3034829118493781E-011
  -3.8304188200321063E-011
  -4.4414019847153320E-011
  -5.1498374728598883E-011
  -5.9712682830289057E-011
  -6.9237163008607172E-011
  -8.0280776271570544E-011
  -9.3085809490263644E-011
  -1.0793319007069397E-010
  -1.2514864814584758E-010
  -1.4510986143352833E-010
  -1.6825473945478268E-010
  -1.9509102879281360E-010
  -2.2620745004107523E-010
  -2.6228661067684889E-010
  -3.0411997703942297E-010
  -3.5262523374382250E-010
  -4.0886641121176716E-010
  -4.7407722269889141E-010
  -5.4968812257192651E-010
  -6.3735767918434353E-010
  -7.3900895030266776E-010
  -8.5687165872223551E-010
  -9.9353109288513657E-010
  -1.1519848047623400E-009
  -1.3357083482188572E-009
  -1.5487314992928027E-009
  -1.7957266296313807E-009
  -2.0821111707767226E-009
  -2.4141664159228064E-009
  -2.7991752639430705E-009
  -3.2455819257679153E-009
  -3.7631770946747367E-009
  -4.3633126402940524E-009
  -5.0591505333695694E-009
  -5.8659514587240610E-009
  -6.8014094439242027E-009
  -7.8860398398754621E-009
  -9.1436291591216340E-009
  -1.0601756633605704E-008
  -1.2292398925788035E-008
  -1.4252631249770422E-008
  -1.6525440272387616E-008
  -1.9160666614416995E-008
  -2.2216097612818702E-008
  -2.5758734298509181E-008
  -2.9866260362768575E-008
  -3.4628745312670248E-008
  -4.0150619148918723E-008
  -4.6552961850675206E-008
  -5.3976157851748261E-008
  -6.2582973692129686E-008
  -7.2562126303554723E-008
  -8.4132420140795765E-008
  -9.7547543837381514E-008
  -1.1310163151854542E-007
  -1.3113571066215982E-007
  -1.5204517782739432E-007
  -1.7628846609655466E-007
  -2.0439709419156402E-007
  -2.3698731750505003E-007
  -2.7477363639039825E-007
  -3.1858445775454913E-007
  -3.6938025318344193E-007
  -4.2827461153664848E-007
  -4.9655864737342756E-007
  -5.7572930010672163E-007
  -6.6752214403548468E-007
  -7.7394942824688497E-007
  -8.9734417997369585E-007
  -1.0404113378489711E-006
  -1.2062870355303219E-006
  -1.3986073347439869E-006
  -1.6215879138363268E-006
  -1.8801164579526100E-006
  -2.1798597752479540E-006
  -2.5273879861688263E-006
  -2.9303185068926636E-006
  -3.3974829816712203E-006
  -3.9391208215888617E-006
  -4.5671035901325195E-006
  -5.2951951517423884E-006
  -6.1393532829728451E-006
  -7.1180793542012355E-006
  -8.2528237428717552E-006
  -9.5684558601162573E-006
  -1.1093809087991612E-005
  -1.2862312565512926E-005
  -1.4912723664080741E-005
  -1.7289977198461933E-005
  -2.0046169976489699E-005
  -2.3241702255094869E-005
  -2.6946601107087685E-005
  -3.1242054687538044E-005
  -3.6222191007905178E-005
  -4.1996140181399233E-005
  -4.8690425311685965E-005
  -5.6451734394923691E-005
  -6.5450133949861625E-005
  -7.5882794765049714E-005
  -8.7978311367945482E-005
  -1.0200170982342851E-004
  -1.1826025354365072E-004
  -1.3711017426731498E-004
  -1.5896447562702167E-004
  -1.8430198021184414E-004
  -2.1367781826304633E-004
  -2.4773558771001722E-004
  -2.8722145185221980E-004
  -3.3300048342248245E-004
  -3.8607561295619057E-004
  -4.4760959641671367E-004
  -5.1895048313812359E-004
  -6.0166114178917174E-004
  -6.9755349091538111E-004
  -8.0872818362401312E-004
  -9.3762061539444104E-004
  -1.0870542624381487E-003
  -1.2603025185285485E-003
  -1.4611603842842032E-003
  -1.6940275785924952E-003
  -1.9640048919256719E-003
  -2.2770058912009099E-003
  -2.6398864219157147E-003
  -3.0605947429054197E-003
  -3.5483455807481350E-003
  -4.1138219144697865E-003
  -4.7694089082378792E-003
  -5.5294651134626220E-003
  -6.4106368775492303E-003
  -7.4322228423195792E-003
  -8.6165965115425781E-003
  -9.9896961380745424E-003
  -1.1581592654628705E-002
  -1.3427148080411875E-002
  -1.5566778816166535E-002
  -1.8047340535871734E-002
  -2.0923154044720411E-002
  -2.4257194558238781E-002
  -2.8122470434053581E-002
  -3.2603621534104010E-002
  -3.7798772201759333E-002
  -4.3821679410508622E-002
  -5.0804223100552472E-002
  -5.8899293208078692E-002
  -6.8284136573080814E-002
  -7.9164236975206109E-002
  -9.1777813213466675E-002
 -0.10640103366994266     
 -0.12335406147571795     
 -0.14300806257219872     
 -0.16579333003026764     
 -0.19220870241432556     
 -0.22283248229245911     
 -0.25833509381711434     
 -0.29949375635073472     
 -0.34720949522014166     
 -0.40252686181681779     
 -0.46665679453614350     
 -0.54100312076354673     
 -0.62719327977240380     
 -0.72711393873960717     
 -0.84295228112960607     
 -0.97724387078760189     
  -1.1329281389313282     
  -1.3134127079844355     
  -1.5226479594997671     
  -1.7652134775051331     
  -2.0464182583680364     
  -2.3724168793996787     
  -2.7503441674874423     
  -3.1884713136920535     
  -3.6963868488191616     
  -4.2852064387320752     
  -4.9678160885026150     
  -5.7591540751830061     
  -6.6765377759998872     
  -7.7400425406415474     
  -8.9729408944992546     
  -10.402211679117876     
  -12.059130265556204     
  -13.979952749291471     
  -16.206709090485585     
  -18.788122545793133     
  -21.780675499514363     
  -25.249845003152387     
  -29.271535043302922     
  -33.933736859406892     
  -39.338453619262125     
  -45.603931540316694     
  -52.867246244999016     
  -61.287300905132682     
  -71.048301733600084     
  -82.363786817641468     
  -95.481296385604878     
  -110.68778662200185     
  -128.31590540085645     
  -148.75126714982017     
  -172.44088589916069     
  -199.90295088784961     
  -231.73815844686956     
  -268.64284789888097     
  -311.42422864694458     
  -361.01803133479871     
  -418.50896894608229     
  -485.15445512766451     
  -562.41209821491566     
  -651.97157195991417     
  -755.79155962034417     
  -876.14257894723403     
  -1015.6566241363169     
  -1177.3847097887508     
  -1364.8635746171283     
  -1582.1930028049303     
  -1834.1254529549740     
  -2126.1699535138914     
  -2464.7125353106999     
  -2857.1558332083760     
  -3312.0809077318513     
  -3839.4348230537630     
  -4450.7480804961406     
  -5159.3866590348289     
  -5980.8441704224097     
  -6933.0805129901719     
  -8036.9144240933201     
  -9316.4785087143973     
  -10799.746686656410     
  -12519.145582849027     
  -14512.263219110702     
  -16822.670491305267     
  -19500.873379623325     
  -22605.416695510507     
  -26204.163478919421     
  -30375.777996363242     
  -35211.444737477825     
  -40816.860962564388     
  -47314.546328442135     
  -54846.520045347766     
  -63577.404044787640     
  -73698.019942439729     
  -85429.558364555094     
  -99028.411706271028     
  -114791.77587871949     
  -133064.14339509615     
  -154244.82961055989     
  -178796.69649187793     
  -207256.26444261803     
  -240245.43301924766     
  -278485.06650433986     
  -322810.74102204829     
  -374190.99707688321     
  -433748.49609973823     
  -502784.54298904212     
  -582807.51012367674     
  -675565.78350181680     
  -783085.95038506063     
  -907717.06225472502     
  -1052181.9395141520     
  -1219636.6380916242     
  -1413739.3762675337     
  -1638730.4265547364     
  -1899524.7168087149     
  -2201819.1621569358     
  -2552217.0708677471     
  -2958372.3399438681     
  -3429156.5881550452     
  -3974852.8748426568     
  -4607380.2330581388     
  -5340553.9180959146     
  -6190387.0519214123     
  -7175440.2473797612     
  -8317226.8431082647     
  -9640682.5936063137     
  -11174710.065411743     
  -12952809.620472956     
  -15013810.757149138     
  -17402719.769026604     
  -20171702.219669782     
  -23381221.672884125     
  -27101359.527209461     
  -31413344.754537087     
  -36411326.922123440     
  -42204431.184724867     
  -48919140.084845528     
  -56702054.128313534     
  -65723091.365041368     
  -76179195.781058550     
  -88298635.406536400     
  -102345983.90755706     
  -118627894.33727254     
  -137499790.99989450     
  -159373625.40534779     
  -184726865.49998134     
  -214112914.25540701     
  -248173184.86969385     
  -287651095.96232712     
  -333408292.01409429     
  -386443442.82807684     
  -447914032.02595443     
  -519161609.77068758     
  -601741060.44297397     
  -697454523.54103911     
  -808390707.52932322     
  -936970453.94264519     
  -1085999545.3209867     
  -1258729908.4758780     
  -1458930547.6140423     
  -1690969753.9559247     
  -1959910384.3081014     
  -2271620285.9358974     
  -2632900275.2434115     
  -3051632460.3964314     
  -3536952141.4562135     
  -4099447035.4901152     
  -4751388169.6848116     
  -5506997475.6842718     
  -6382757918.2440100     
  -7397772918.2603226     
  -8574182904.4912949     
  -9937648073.2362194     
  -11517907877.999868     
  -13349429443.163832     
  -15472159033.336683     
  -17932392955.561008     
  -20783786873.824493     
  -24088525531.029057     
  -27918678368.392979     
  -32357770582.304493     
  -37502603852.107849     
  -43465366411.389153     
  -50376078438.476616     
  -58385426046.325874     
  -67668045616.770699     
  -78426330033.586823     
  -90894839736.515533     
  -105345414691.81480     
  -122093098640.84355     
  -141503004678.97751     
  -163998271717.91537     
  -190069285141.43091     
  -220284362494.99097     
  -255302136952.64188     
  -295885908274.56451     
  -342920273810.37793     
  -397430401749.05408     
  -460604366346.66571     
  -533819031530.15887     
  -618670046529.72144     
  -717006606715.27332     
  -830971736552.19055     
  -963048971804.92859     
  -1116116457420.4536     
  -1293509638947.2710     
  -1499093912402.5200     
  -1737348814258.7368     
  -2013465584399.2283     
  -2333460225950.8262     
  -2704304523176.8315     
  -3134077869437.9341     
  -3632143210106.1890     
  -4209350930097.4443     
  -4878275123785.2266     
  -5653487389700.0342     
  -6551874108927.3730     
  -7593004112253.2197     
  -8799554737442.7480     
  -10197805548418.346     
  -11818210460151.393     
  -13696060718807.891     
  -15872253163179.910     
  -18394180483667.535     
  -21316762848843.785     
  -24703643344633.848     
  -28628573234221.109     
  -33177017175415.227     
  -38448013316131.500     
  -44556328731827.297     
  -51634957091710.875     
  -59838012882888.570     
  -69344085145107.875     
  -80360123660807.859     
  -93125942122964.047     
  -107919436218321.59     
  -125062630107576.00     
  -144928682794659.97     
  -167950006745888.16     
  -194627675299740.38     
  -225542323424902.81     
  -261366778846545.03     
  -302880698173955.31     
  -350987526243723.12     
  -406734147388392.50     
  -471333655847818.62     
  -546191740330239.31     
  -632937256274766.38     
  -733457650372610.88     
  -849940007347414.00     
  -984918611165590.88     
  -1141330054398771.5     
  -1322577093466194.0     
  -1532602637506650.2     
  -1775975478793452.8     
  -2057989627692342.5     
  -2384779410709700.0     
  -2763452832603590.0     
  -3202246100267055.0     
  -3710702665754533.5     
  -4299880678386659.5     
  -4982593352896346.0     
  -5773687475463281.0     
  -6690366097741195.0     
  -7752562428589149.0     
  -8983373045000630.0     
  -10409559831810546.     
  -12062131552102574.     
  -13977017679221354.     
  -16195849124432438.     
  -18766862815031300.     
  -21745949766433268.     
  -25197869406813124.     
  -29197656521784584.     
  -33832251367706508.     
  -39202388346171432.     
  -45424784244145128.     
  -52634673545805968.     
  -60988745854393432.     
  -70668549188674888.     
  -81884433028224944.     
  -94880116693815712.     
  -1.0993798221781118E+017
  -1.2738520657876042E+017
  -1.4760086638522070E+017
  -1.7102416919105107E+017
  -1.9816399006538358E+017
  -2.2960992035506080E+017
  -2.6604506837932144E+017
  -3.0826088979695834E+017
  -3.5717436940874035E+017
  -4.1384792715674643E+017
  -4.7951248016270547E+017
  -5.5559416108986842E+017
  -6.4374527240055066E+017
  -7.4588014793241907E+017
  -8.6421669962110976E+017
  -1.0013245504603561E+018
  -1.1601807975840968E+018
  -1.3442346147716347E+018
  -1.5574820953003244E+018
  -1.8045529580515226E+018
  -2.0908109969230060E+018
  -2.4224704514845358E+018
  -2.8067308218845153E+018
  -3.2519330507481011E+018
  -3.7677404578573752E+018
  -4.3653483497996293E+018
  -5.0577268481253530E+018
  -5.8599021993270682E+018
  -6.7892826637175194E+018
  -7.8660360461019177E+018
  -9.1135270499124787E+018
  -1.0558823932422898E+019
  -1.2233285439837710E+019
  -1.4173240739949402E+019
  -1.6420777084310131E+019
  -1.9024652265067889E+019
  -2.2041351634261086E+019
  -2.5536312583934386E+019
  -2.9585343011672277E+019
  -3.4276264496504680E+019
  -3.9710815775497781E+019
  -4.6006857746960605E+019
  -5.3300927753987318E+019
  -6.1751198463221219E+019
  -7.1540905411817890E+019
  -8.2882317440024658E+019
  -9.6021335976980382E+019
  -1.1124282275737744E+020
  -1.2887677131082795E+020
  -1.4930545582500653E+020
  -1.7297171213269536E+020
  -2.0038853006898043E+020
  -2.3215016481761414E+020
  -2.6894500772831111E+020
  -3.1157049514983765E+020
  -3.6095037790989792E+020
  -4.1815472513484587E+020
  -4.8442309524368006E+020
  -5.6119137544965738E+020
  -6.5012287043934814E+020
  -7.5314431278726617E+020
  -8.7248757408964411E+020
  -1.0107379790626959E+021
  -1.1708902676115688E+021
  -1.3564134152199201E+021
  -1.5713257135079699E+021
  -1.8202817345949514E+021
  -2.1086730597698788E+021
  -2.4427449504695431E+021
  -2.8297314841084271E+021
  -3.2780120763411821E+021
  -3.7972927734796019E+021
  -4.3988162340095845E+021
  -5.0956049380132268E+021
  -5.9027428811767630E+021
  -6.8377018414508928E+021
  -7.9207192692692364E+021
  -9.1752359673015157E+021
  -1.0628403017082554E+022
  -1.2311668905380202E+022
  -1.4261459535111318E+022
  -1.6519965811349721E+022
  -1.9136055815761306E+022
  -2.2166331272753156E+022
  -2.5676351125753952E+022
  -2.9742048649536562E+022
  -3.4451372702147216E+022
  -3.9906188557903701E+022
  -4.6224479365382520E+022
  -5.3542895762120181E+022
  -6.2019708690774687E+022
  -7.1838229161682949E+022
  -8.3210768781641444E+022
  -9.6383226535472903E+022
  -1.1164040081695627E+023
  -1.2931214135012062E+023
  -1.4978047375783976E+023
  -1.7348785051243113E+023
  -2.0094670629450762E+023
  -2.3275052391494277E+023
  -2.6958664952638669E+023
  -3.1225113356685225E+023
  -3.6166591755074685E+023
  -4.1889873739283943E+023
  -4.8518617250692846E+023
  -5.6196033772418670E+023
  -6.5087979358602310E+023
  -7.5386534147289842E+023
  -8.7314147529063376E+023
  -1.0112843833148592E+024
  -1.1712775349153501E+024
  -1.3565760502818789E+024
  -1.5711812404677608E+024
  -1.8197269241270433E+024
  -2.1075793809589044E+024
  -2.4409530955443359E+024
  -2.8270447852821231E+024
  -3.2741885998163873E+024
  -3.7920358351626248E+024
  -4.3917630334846063E+024
  -5.0863129504975670E+024
  -5.8906735799099421E+024
  -6.8222012433739834E+024
  -7.9009947026999235E+024
  -9.1503283489797967E+024
  -1.0597153794359242E+025
  -1.2272680663801727E+025
  -1.4213049087928121E+025
  -1.6460108370487681E+025
  -1.9062318587595555E+025
  -2.2075794519605989E+025
  -2.5565514377158601E+025
  -2.9606719326263813E+025
  -3.4286533919366085E+025
  -3.9705842288212165E+025
  -4.5981460452002649E+025
  -5.3248651458729752E+025
  -6.1664037445400564E+025
  -7.1408971232133162E+025
  -8.2693439938916026E+025
  -9.5760584543992288E+025
  -1.1089193253458780E+026
  -1.2841345611788182E+026
  -1.4870258619125784E+026
  -1.7219633279623559E+026
  -1.9940068654021903E+026
  -2.3090150297373883E+026
  -2.6737710374787130E+026
  -3.0961286522944621E+026
  -3.5851810791041848E+026
  -4.1514564932660822E+026
  -4.8071444035803416E+026
  -5.5663577094294946E+026
  -6.4454360781780112E+026
  -7.4632971553612335E+026
  -8.6418431461936554E+026
  -1.0006431494491147E+027
  -1.1586419759660428E+027
  -1.3415796383391713E+027
  -1.5533910879156413E+027
  -1.7986319108977495E+027
  -2.0825761778821769E+027
  -2.4113297139150912E+027
  -2.7919612181753089E+027
  -3.2326540448657836E+027
  -3.7428818995527220E+027
  -4.3336122175093769E+027
  -5.0175415835541041E+027
  -5.8093682390980409E+027
  -6.7261075163079983E+027
  -7.7874569584220498E+027
  -9.0162189489741467E+027
  -1.0438789903722454E+028
  -1.2085726503738584E+028
  -1.3992401096839132E+028
  -1.6199760302546675E+028
  -1.8755203063807150E+028
  -2.1713596943918634E+028
  -2.5138454424103340E+028
  -2.9103294379010529E+028
  -3.3693217867216166E+028
  -3.9006731956000420E+028
  -4.5157860602120322E+028
  -5.2278587746088345E+028
  -6.0521684877517307E+028
  -7.0063983544841910E+028
  -8.1110162789395613E+028
  -9.3897132484123892E+028
  -1.0869910628568085E+029
  -1.2583347263661784E+029
  -1.4566758929573314E+029
  -1.6862664659256551E+029
  -1.9520276741660242E+029
  -2.2596553834905954E+029
  -2.6157419688732509E+029
  -3.0279173504978053E+029
  -3.5050122053413889E+029
  -4.0572468390608961E+029
  -4.6964497502378216E+029
  -5.4363105522223957E+029
  -6.2926726503745934E+029
  -7.2838719200120477E+029
  -8.4311286108701661E+029
  -9.7590008382098420E+029
  -1.1295909332992484E+030
  -1.3074744641678488E+030
  -1.5133569722462603E+030
  -1.7516432916460505E+030
  -2.0274308622674072E+030
  -2.3466185724417395E+030
  -2.7160326960028281E+030
  -3.1435726068910328E+030
  -3.6383793752492457E+030
  -4.2110308357892921E+030
  -4.8737672823251930E+030
  -5.6407525937339036E+030
  -6.5283763500334790E+030
  -7.5556033687437202E+030
  -8.7443780996960063E+030
  -1.0120092482358946E+031
  -1.1712127218258815E+031
  -1.3554477970778137E+031
  -1.5686479808560090E+031
  -1.8153645295146529E+031
  -2.1008634040522272E+031
  -2.4312374321025453E+031
  -2.8135360601695228E+031
  -3.2559154527880415E+031
  -3.7678121269815087E+031
  -4.3601438096210745E+031
  -5.0455417826316612E+031
  -5.8386196486450039E+031
  -6.7562842217854642E+031
  -7.8180951411102592E+031
  -9.0466808366796132E+031
  -1.0468219672117099E+032
  -1.2112996468053818E+032
  -1.4016046207184701E+032
  -1.6217898567503348E+032
  -1.8765439064582879E+032
  -2.1712905051571591E+032
  -2.5123037678935119E+032
  -2.9068414215081552E+032
  -3.3632988943415611E+032
  -3.8913875261491014E+032
  -4.5023406706707681E+032
  -5.2091520527858609E+032
  -6.0268514236936185E+032
  -6.9728233454469158E+032
  -8.0671758470145655E+032
  -9.3331667470282931E+032
  -1.0797696655638143E+033
  -1.2491879075059491E+033
  -1.4451699645036176E+033
  -1.6718778459763691E+033
  -1.9341251556330941E+033
  -2.2374790187114725E+033
  -2.5883779392567689E+033
  -2.9942680747454724E+033
  -3.4637608033274715E+033
  -4.0068149073767857E+033
  -4.6349472153124322E+033
  -5.3614761426467478E+033
  -6.2018032654964772E+033
  -7.1737388598611355E+033
  -8.2978782645962888E+033
  -9.5980369945523804E+033
  -1.1101753765185447E+034
  -1.2840872016920576E+034
  -1.4852212176519614E+034
  -1.7178348798162000E+034
  -1.9868508928733495E+034
  -2.2979610585952702E+034
  -2.6577463177608377E+034
  -3.0738155086731028E+034
  -3.5549657571897853E+034
  -4.1113678665978084E+034
  -4.7547805995065208E+034
  -5.4987983491364994E+034
  -6.3591373965585669E+034
  -7.3539667581616766E+034
  -8.5042905607246775E+034
  -9.8343899593660472E+034
  -1.1372333858783747E+035
  -1.3150569136481424E+035
  -1.5206602728020664E+035
  -1.7583789853279615E+035
  -2.0332244879112868E+035
  -2.3509893873733721E+035
  -2.7183690864728806E+035
  -3.1431023227225037E+035
  -3.6341335572193206E+035
  -4.2018006058957690E+035
  -4.8580514315071659E+035
  -5.6166946219757002E+035
  -6.4936887819844999E+035
  -7.5074768744722112E+035
  -8.6793724836690991E+035
  -1.0034006050871508E+036
  -1.1599840380582193E+036
  -1.3409766153694441E+036
  -1.5501789845776465E+036
  -1.7919828366499584E+036
  -2.0714626950403502E+036
  -2.3944819385142012E+036
  -2.7678152613756872E+036
  -3.1992901153132871E+036
  -3.6979500701672842E+036
  -4.2742434846240478E+036
  -4.9402414014805535E+036
  -5.7098891864557604E+036
  -6.5992971269599782E+036
  -7.6270760120789988E+036
  -8.8147246437898177E+036
  -1.0187077301131647E+037
  -1.1772820415657517E+037
  -1.3605089143296370E+037
  -1.5722156163945526E+037
  -1.8168226939335411E+037
  -2.0994357850754990E+037
  -2.4259516165820011E+037
  -2.8031803699162558E+037
  -3.2389869395149737E+037
  -3.7424539940004165E+037
  -4.3240701984954201E+037
  -4.9959474722285466E+037
  -5.7720717507266146E+037
  -6.6685924081724905E+037
  -7.7041562868825579E+037
  -8.9002931933754908E+037
  -1.0281860772647992E+038
  -1.1877557885340673E+038
  -1.3720517011001969E+038
  -1.5848987812899616E+038
  -1.8307125858337842E+038
  -2.1145902630702453E+038
  -2.4424155438648254E+038
  -2.8209798673678938E+038
  -3.2581221147093665E+038
  -3.7628898016795254E+038
  -4.3457250169650843E+038
  -5.0186788943314698E+038
  -5.7956589853206534E+038
  -6.6927145651408586E+038
  -7.7283656717776195E+038
  -8.9239825622803124E+038
  -1.0304223288308253E+039
  -1.1897538265643762E+039
  -1.3736752062835938E+039
  -1.5859734189275683E+039
  -1.8310172453698794E+039
  -2.1138464525882600E+039
  -2.4402745707978766E+039
  -2.8170073654465453E+039
  -3.2517793925086103E+039
  -3.7535113875423785E+039
  -4.3324916556261623E+039
  -5.0005851087569761E+039
  -5.7714741490026885E+039
  -6.6609362304649507E+039
  -7.6871636633686825E+039
  -8.8711320636245539E+039
  -1.0237024817414302E+040
  -1.1812722041557819E+040
  -1.3630363798258702E+040
  -1.5726998792113854E+040
  -1.8145331466503687E+040
  -2.0934582358348583E+040
  -2.4151478802240708E+040
  -2.7861395640176461E+040
  -3.2139668540890064E+040
  -3.7073105919735390E+040
  -4.2761729341092971E+040
  -4.9320776754803636E+040
  -5.6883008051435473E+040
  -6.5601358316005580E+040
  -7.5651990928064348E+040
  -8.7237810426050156E+040
  -1.0059250397238933E+041
  -1.1598519049107742E+041
  -1.3372576829386824E+041
  -1.5417106548491724E+041
  -1.7773191288868612E+041
  -2.0488127697021004E+041
  -2.3616361053986430E+041
  -2.7220560233304194E+041
  -3.1372853325889302E+041
  -3.6156247771290956E+041
  -4.1666262340684887E+041
  -4.8012802332686226E+041
  -5.5322313941771555E+041
  -6.3740259024146552E+041
  -7.3433957512360948E+041
  -8.4595851626214716E+041
  -9.7447253916964948E+041
  -1.1224265020510752E+042
  -1.2927463878906924E+042
  -1.4887959909502664E+042
  -1.7144419641372403E+042
  -1.9741284476378390E+042
  -2.2729626749969133E+042
  -2.6168131534956282E+042
  -3.0124222446685040E+042
  -3.4675352320107098E+042
  -3.9910482607696096E+042
  -4.5931778741879585E+042
  -5.2856552573199096E+042
  -6.0819487399586803E+042
  -6.9975186115014978E+042
  -8.0501088708578331E+042
  -9.2600811829314535E+042
  -1.0650797050070207E+043
  -1.2249055043745847E+043
  -1.4085590891577038E+043
  -1.6195649292180263E+043
  -1.8619637551486063E+043
  -2.1403872517245394E+043
  -2.4601433853699289E+043
  -2.8273138468282252E+043
  -3.2488652901714492E+043
  -3.7327762749495271E+043
  -4.2881820727053356E+043
  -4.9255397856064410E+043
  -5.6568165472288640E+043
  -6.4957039375574403E+043
  -7.4578621503614247E+043
  -8.5611979059165558E+043
  -9.8261806105520192E+043
  -1.1276201831976942E+044
  -1.2937983791316066E+044
  -1.4842043274976579E+044
  -1.7023218147688162E+044
  -1.9521264508069690E+044
  -2.2381533475407859E+044
  -2.5655737636024492E+044
  -2.9402818313872189E+044
  -3.3689926065772866E+044
  -3.8593528138093876E+044
  -4.4200658057140926E+044
  -5.0610324055085600E+044
  -5.7935094647015913E+044
  -6.6302881356548607E+044
  -7.5858940312918811E+044
  -8.6768116176310667E+044
  -9.9217353541202766E+044
  -1.1341850255253185E+045
  -1.2961144685644918E+045
  -1.4806758307704185E+045
  -1.6909368160615112E+045
  -1.9303615841177939E+045
  -2.2028578654838116E+045
  -2.5128287375111772E+045
  -2.8652292848241795E+045
  -3.2656283051952886E+045
  -3.7202751292161617E+045
  -4.2361714909927766E+045
  -4.8211482059269521E+045
  -5.4839461660866115E+045
  -6.2343008355047585E+045
  -7.0830289939424314E+045
  -8.0421159090554392E+045
  -9.1248003766378946E+045
  -1.0345654109994643E+046
  -1.1720650723392723E+046
  -1.3267217966006623E+046
  -1.5004264826688044E+046
  -1.6952172525403844E+046
  -1.9132735080514083E+046
  -2.1569030896206014E+046
  -2.4285201401105184E+046
  -2.7306105867197529E+046
  -3.0656812737282290E+046
  -3.4361876561879957E+046
  -3.8444335313659079E+046
  -4.2924344532115630E+046
  -4.7817341318319831E+046
  -5.3131601175711402E+046
  -5.8865012160596045E+046
  -6.5000841262342317E+046
  -7.1502204102354628E+046
  -7.8304866622839924E+046
  -8.5307900772339016E+046
  -9.2361577819847681E+046
  -9.9251702977301178E+046
  -1.0567936043343795E+047
  -1.1123473147082198E+047
  -1.1536324744329578E+047
  -1.1732181488588621E+047
  -1.1612216613825433E+047
  -1.1045750842327717E+047
  -9.8607558886568482E+046
  -7.8315952513557104E+046
  -4.6634695254861101E+046
  -4.2348939053343899E+042
