   0.0000000000000000     
  -1.1011010049952404E-016
  -2.2186068405923009E-016
  -3.3691662942013041E-016
  -4.5699200934160810E-016
  -5.8387562439358530E-016
  -7.1945764848155900E-016
  -8.6575778296465830E-016
  -1.0249553386643966E-015
  -1.1994216937429716E-015
  -1.3917556107813052E-015
  -1.6048219389342745E-015
  -1.8417942774166678E-015
  -2.1062022355277174E-015
  -2.4019839928317118E-015
  -2.7335449419949548E-015
  -3.1058232873088790E-015
  -3.5243635754523980E-015
  -3.9953992531038706E-015
  -4.5259454803609348E-015
  -5.1239035815638564E-015
  -5.7981786883159446E-015
  -6.5588123258300356E-015
  -7.4171319161240632E-015
  -8.3859194233502691E-015
  -9.4796016514172440E-015
  -1.0714465026290210E-014
  -1.2108898059726449E-014
  -1.3683665103140701E-014
  -1.5462215465927898E-014
  -1.7471032498825141E-014
  -1.9740027837599914E-014
  -2.2302986674354645E-014
  -2.5198070683035110E-014
  -2.8468386083617512E-014
  -3.2162625298687452E-014
  -3.6335791751131493E-014
  -4.1050018588726574E-014
  -4.6375493518935345E-014
  -5.2391503515983876E-014
  -5.9187614945795416E-014
  -6.6865006669106481E-014
  -7.5537975959068340E-014
  -8.5335639640686538E-014
  -9.6403855763815990E-014
  -1.0890739440230329E-013
  -1.2303238987804662E-013
  -1.3898911089534818E-013
  -1.5701508980022433E-013
  -1.7737865752164994E-013
  -2.0038293678649334E-013
  -2.2637035301688945E-013
  -2.5572773001937741E-013
  -2.8889204627380672E-013
  -3.2635693745614573E-013
  -3.6868004192902148E-013
  -4.1649129847213104E-013
  -4.7050231968803199E-013
  -5.3151698051783572E-013
  -6.0044337937388566E-013
  -6.7830734981131563E-013
  -7.6626772372097897E-013
  -8.6563357307549884E-013
  -9.7788368668538520E-013
  -1.1046885716607975E-012
  -1.2479353068207503E-012
  -1.4097556177035636E-012
  -1.5925575907406746E-012
  -1.7990614982727813E-012
  -2.0323402672171493E-012
  -2.2958651932465740E-012
  -2.5935575803403898E-012
  -2.9298470736755461E-012
  -3.3097375533508588E-012
  -3.7388815688594478E-012
  -4.2236644212142019E-012
  -4.7712991430763904E-012
  -5.3899337892704488E-012
  -6.0887726330968074E-012
  -6.8782130705998069E-012
  -7.7700002684820433E-012
  -8.7774018551508105E-012
  -9.9154052523572322E-012
  -1.1200940581472630E-011
  -1.2653132458641834E-011
  -1.4293584422509733E-011
  -1.6146700223317429E-011
  -1.8240046750116939E-011
  -2.0604763991801072E-011
  -2.3276028126785708E-011
  -2.6293574625904084E-011
  -2.9702289145111708E-011
  -3.3552874992211289E-011
  -3.7902607089961190E-011
  -4.2816183643539829E-011
  -4.8366688172504140E-011
  -5.4636676207678406E-011
  -6.1719402806211841E-011
  -6.9720209130876132E-011
  -7.8758088703632040E-011
  -8.8967456613695516E-011
  -1.0050014797645122E-010
  -1.1352767534639832E-010
  -1.2824377863548451E-010
  -1.4486730543485355E-010
  -1.6364546454776913E-010
  -1.8485750108721756E-010
  -2.0881884775581178E-010
  -2.3588581400116744E-010
  -2.6646088273199638E-010
  -3.0099869330747599E-010
  -3.4001279970908571E-010
  -3.8408330432150450E-010
  -4.3386548075839930E-010
  -4.9009951386321592E-010
  -5.5362150161265205E-010
  -6.2537588239784255E-010
  -7.0642947233384380E-010
  -7.9798732116623968E-010
  -9.0141062235980615E-010
  -1.0182369434693616E-009
  -1.1502030773603379E-009
  -1.2992708537780675E-009
  -1.4676562947383812E-009
  -1.6578625468808333E-009
  -1.8727170800271935E-009
  -2.1154137045547987E-009
  -2.3895600317678046E-009
  -2.6992310822919796E-009
  -3.0490298388307900E-009
  -3.4441556427577497E-009
  -3.8904814505136825E-009
  -4.3946410973570549E-009
  -4.9641278646343868E-009
  -5.6074058146022041E-009
  -6.3340355464340405E-009
  -7.1548162412002810E-009
  -8.0819461054941620E-009
  -9.1292035965844891E-009
  -1.0312152120560312E-008
  -1.1648371243474966E-008
  -1.3157717849170412E-008
  -1.4862621122110671E-008
  -1.6788415735774876E-008
  -1.8963718194410539E-008
  -2.1420851916644447E-008
  -2.4196327373101372E-008
  -2.7331384407529082E-008
  -3.0872604794102144E-008
  -3.4872604126276608E-008
  -3.9390813310266754E-008
  -4.4494361266390221E-008
  -5.0259071943917595E-008
  -5.6770590451961178E-008
  -6.4125655025523929E-008
  -7.2433533710543288E-008
  -8.1817647096723766E-008
  -9.2417401188435673E-008
  -1.0439025762293573E-007
  -1.1791407196791563E-007
  -1.3318973480917021E-007
  -1.5044415483302868E-007
  -1.6993362818377753E-007
  -1.9194764410892235E-007
  -2.1681318337982839E-007
  -2.4489957328809704E-007
  -2.7662397127745592E-007
  -3.1245755859948430E-007
  -3.5293253591753410E-007
  -3.9865002468302584E-007
  -4.5028899154840104E-007
  -5.0861632826074674E-007
  -5.7449823662462213E-007
  -6.4891308748618165E-007
  -7.3296594456050598E-007
  -8.2790496862444451E-007
  -9.3513994549458339E-007
  -1.0562632127178800E-006
  -1.1930732954883114E-006
  -1.3476016024942745E-006
  -1.5221425777944627E-006
  -1.7192877560875974E-006
  -1.9419642266439778E-006
  -2.1934780765628203E-006
  -2.4775634578785194E-006
  -2.7984380064563087E-006
  -3.1608654348301675E-006
  -3.5702262275400357E-006
  -4.0325974876989318E-006
  -4.5548431192450968E-006
  -5.1447156826219051E-006
  -5.8109714347514168E-006
  -6.5635002596925360E-006
  -7.4134724172001798E-006
  -8.3735042858010710E-006
  -9.4578455586716147E-006
  -1.0682590668718833E-005
  -1.2065917578541769E-005
  -1.3628357476713187E-005
  -1.5393099380083898E-005
  -1.7386334159366362E-005
  -1.9637643089770989E-005
  -2.2180436688610505E-005
  -2.5052450347337614E-005
  -2.8296304107488427E-005
  -3.1960134880945299E-005
  -3.6098310488900540E-005
  -4.0772236106810368E-005
  -4.6051265072449562E-005
  -5.2013727561207988E-005
  -5.8748092379933985E-005
  -6.6354279103811591E-005
  -7.4945140009195530E-005
  -8.4648133772034160E-005
  -9.5607215743772193E-005
  -1.0798497282655049E-004
  -1.2196503459466103E-004
  -1.3775479640327592E-004
  -1.5558849484909615E-004
  -1.7573068116925029E-004
  -1.9848014406186217E-004
  -2.2417434007154926E-004
  -2.5319439720435425E-004
  -2.8597076593065384E-004
  -3.2298960132723050E-004
  -3.6479997094301703E-004
  -4.1202199520745978E-004
  -4.6535604101719880E-004
  -5.2559310474043094E-004
  -5.9362653849999057E-004
  -6.7046529349679552E-004
  -7.5724887660954382E-004
  -8.5526424188721176E-004
  -9.6596486721379387E-004
  -1.0909922987942496E-003
  -1.2322004826660483E-003
  -1.3916832437232561E-003
  -1.5718053193609963E-003
  -1.7752374074975440E-003
  -2.0049957481887287E-003
  -2.2644868251949267E-003
  -2.5575578496887076E-003
  -2.8885537739236442E-003
  -3.2623816793894631E-003
  -3.6845834931870831E-003
  -4.1614181096855558E-003
  -4.6999541337969736E-003
  -5.3081746194863144E-003
  -5.9950953547488733E-003
  -6.7708984448668838E-003
  -7.6470831722678222E-003
  -8.6366363671016109E-003
  -9.7542248115179645E-003
  -1.1016412526833051E-002
  -1.2441906161153454E-002
  -1.4051832111026079E-002
  -1.5870049480460471E-002
  -1.7923503511175953E-002
  -2.0242624717009047E-002
  -2.2861779631940360E-002
  -2.5819779845173609E-002
  -2.9160456859424602E-002
  -3.2933311282818248E-002
  -3.7194245964958510E-002
  -4.2006393930104656E-002
  -4.7441053363334255E-002
  -5.3578743489850991E-002
  -6.0510396976637432E-002
  -6.8338706505920208E-002
  -7.7179645451287970E-002
  -8.7164185163522270E-002
  -9.8440234282368116E-002
 -0.11117482877560772     
 -0.12555660511648939     
 -0.14179859319966090     
 -0.16014137032621048     
 -0.18085662293017335     
 -0.20425116875090599     
 -0.23067149896725023     
 -0.26050890750111511     
 -0.29420528338371582     
 -0.33225965188563938     
 -0.37523556118714785     
 -0.42376942387141592     
 -0.47857993664560144     
 -0.54047871764152988     
 -0.61038231865504622     
 -0.68932579001693406     
 -0.77847799874925583     
 -0.87915892658839856     
 -0.99285920373322534     
  -1.1212621672361991     
  -1.2662687702857538     
  -1.4300257107812002     
  -1.6149571951999788     
  -1.8238008075044856     
  -2.0596480135261714     
  -2.3259898997949362     
  -2.6267688231645252     
  -2.9664367349630480     
  -3.3500210420627967     
  -3.7831989786728739     
  -4.2723815884577201     
  -4.8248085586326823     
  -5.4486553080828060     
  -6.1531539126622414     
  -6.9487296553342164     
  -7.8471552197261358     
  -8.8617248064114769     
  -10.007450745640748     
  -11.301285512675959     
  -12.762372427246177     
  -14.412328742479101     
  -16.275565307234018     
  -18.379647526131823     
  -20.755702951726988     
  -23.438881532203823     
  -26.468875315876637     
  -29.890505292116199     
  -33.754384040080048     
  -38.117663976433803     
  -43.044882257645263     
  -48.608914820078304     
  -54.892053653082648     
  -61.987223220363276     
  -69.999353999983441     
  -79.046933433740904     
  -89.263757196604402     
  -100.80090665507186     
  -113.82898172337212     
  -128.54062209766491     
  -145.15335410645281     
  -163.91280522313528     
  -185.09633371494712     
  -209.01712703152913     
  -236.02882945650146     
  -266.53076735875294     
  -300.97384920198658     
  -339.86722743152131     
  -383.78582060337436     
  -433.37880681813067     
  -489.37921385833943     
  -552.61474761462716     
  -624.02001866110959     
  -704.65034747457480     
  -795.69735208859561     
  -898.50654827677999     
  -1014.5972220566790     
  -1145.6848678353490     
  -1293.7065233736400     
  -1460.8493754871174     
  -1649.5830586573250     
  -1862.6961232093183     
  -2103.3372112232660     
  -2375.0615477962815     
  -2681.8834336792725     
  -3028.3355138383440     
  -3419.5356964359949     
  -3861.2627095672610     
  -4360.0414104831807     
  -4923.2391058661397     
  -5559.1743041086111     
  -6277.2395038815457     
  -7088.0398302630838     
  -8003.5495633821947     
  -9037.2888683588790     
  -10204.523333179950     
  -11522.489257425648     
  -13010.648014412009     
  -14690.973237929962     
  -16588.275068659008     
  -18730.566241639222     
  -21149.475412947650     
  -23880.713820028479     
  -26964.602156226814     
  -30446.665427550914     
  -34378.304561608355     
  -38817.554669782541     
  -43829.941140694471     
  -49489.446184635024     
  -55879.600076183175     
  -63094.713179609033     
  -71241.266915950313     
  -80439.484172385826     
  -90825.102298184735     
  -102551.37481600324     
  -115791.33134656512     
  -130740.32904839305     
  -147618.93316824100     
  -166676.16914541306     
  -188193.19418558647     
  -212487.44239762297     
  -239917.30456106659     
  -270887.41146521689     
  -305854.59864868602     
  -345334.64040197246     
  -389909.85222244036     
  -440237.67369782849     
  -497060.35822913860     
  -561215.91229881765     
  -633650.44538525923     
  -715432.11239037814     
  -807766.85388880782     
  -912016.16596989357     
  -1029717.1613163158     
  -1162605.2168851688     
  -1312639.5416245672     
  -1482032.0406311024     
  -1673279.9006626003     
  -1889202.3766798845     
  -2132982.3209056947     
  -2408213.0656673494     
  -2718951.3500579624     
  -3069777.0693669110     
  -3465860.7266008272     
  -3913039.5787169100     
  -4417903.5980860908     
  -4987892.5140742073     
  -5631405.3625964765     
  -6357924.1554590967     
  -7178153.4889548514     
  -8104178.1455783313     
  -9149641.0073147863     
  -10329943.897621935     
  -11662474.306354076     
  -13166861.332424996     
  -14865264.608560575     
  -16782700.457362961     
  -18947410.075217769     
  -21391275.158361703     
  -24150287.082763512     
  -27265076.536596637     
  -30781511.392555546     
  -34751371.610135674     
  -39233111.089983441     
  -44292717.680147991     
  -50004683.976287566     
  -56453103.185773022     
  -63732906.163084626     
  -71951257.797886610     
  -81229133.278127119     
  -91703097.392807126     
  -103527313.02146634     
  -116875808.32371444     
  -131945035.94168617     
  -148956761.81687129     
  -168161326.06328467     
  -189841323.80241418     
  -214315760.03196555     
  -241944739.56056890     
  -273134760.89641964     
  -308344691.84451640     
  -348092514.57477528     
  -392962939.21860909     
  -443615997.80020374     
  -500796744.69763970     
  -565346206.06917906     
  -638213739.00957084     
  -720470981.88885343     
  -813327600.67511272     
  -918149062.39527929     
  -1036476696.6305737     
  -1170050339.5115716     
  -1320833892.5640483     
  -1491044171.5159800     
  -1683183468.4349272     
  -1900076305.0306447     
  -2144910916.4281719     
  -2421286074.0924702     
  -2733263934.8832512     
  -3085429691.5849395     
  -3482958899.9861674     
  -3931693470.1364951     
  -4438227436.4336882     
  -5010003764.5531139     
  -5655423615.0210037     
  -6383969665.8244982     
  -7206345302.5170994     
  -8134631716.8352976     
  -9182465217.2953568     
  -10365237351.430519     
  -11700320773.593779     
  -13207324169.482361     
  -14908379974.258238     
  -16828469101.574417     
  -18995787443.000011     
  -21442159509.201466     
  -24203505274.735268     
  -27320367067.541199     
  -30838504223.593998     
  -34809564219.538910     
  -39291840116.018120     
  -44351125408.169823     
  -50061678805.931976     
  -56507313076.164062     
  -63782623894.745941     
  -71994376706.277130     
  -81263071901.746979     
  -91724711234.385620     
  -103532791338.98947     
  -116860553543.38875     
  -131903522910.96446     
  -148882373685.03387     
  -168046163081.35098     
  -189675980763.69040     
  -214089067418.23587     
  -241643462704.11435     
  -272743250600.14639     
  -307844478904.82300     
  -347461839505.28168     
  -392176207155.63336     
  -442643147057.84247     
  -499602515702.79779     
  -563889295412.04810     
  -636445821055.27063     
  -718335577768.17969     
  -810758771457.32922     
  -915069899787.27258     
  -1032797580579.9800     
  -1165666927542.9143     
  -1315624800462.1052     
  -1484868298993.0364     
  -1675876916567.9038     
  -1891448824404.1533     
  -2134741815926.0649     
  -2409319509978.5557     
  -2719203488013.0049     
  -3068932127078.8960     
  -3463626988226.0229     
  -3909067730235.5264     
  -4411776643062.5439     
  -4979114035803.2129     
  -5619385872441.3223     
  -6341965227394.4736     
  -7157429334571.6465     
  -8077714231212.8154     
  -9116289254522.8398     
  -10288353938776.914     
  -11611060187383.818     
  -13103762963106.771     
  -14788303155630.836     
  -16689326754989.264     
  -18834644988854.305     
  -21255640679071.004     
  -23987726746763.867     
  -27070863555688.582     
  -30550142641302.461     
  -34476445340775.660     
  -38907185930945.273     
  -43907150112915.984     
  -49549441071558.000     
  -55916546905764.273     
  -63101544993812.344     
  -71209460853258.875     
  -80358801305498.484     
  -90683284294178.156     
  -102333790571002.02     
  -115480565693739.62     
  -130315704426449.56     
  -147055953744044.12     
  -165945875282130.88     
  -187261413305998.91     
  -211313920175730.06     
  -238454697943494.19     
  -269080122230897.31     
  -303637423007932.31     
  -342631206453742.19     
  -386630812861892.12     
  -436278617715776.88     
  -492299396779801.62     
  -555510891528306.31     
  -626835728691567.12     
  -707314867390052.25     
  -798122769540295.12     
  -900584514270677.38     
  -1016195105346717.8     
  -1146641252483262.5     
  -1293825943377797.2     
  -1459896163856632.5     
  -1647274169272300.2     
  -1858692761889666.8     
  -2097235087198384.5     
  -2366379527734351.0     
  -2670050347034610.0     
  -3012674819862123.5     
  -3399247679029612.0     
  -3835403815390483.5     
  -4327500287389437.5     
  -4882708831711954.0     
  -5509120218998735.0     
  -6215861970506470.0     
  -7013231145490290.0     
  -7912844127764244.0     
  -8927805586530984.0     
  -10072899064731678.     
  -11364801961879390.     
  -12822328032144858.     
  -14466700917484090.     
  -16321862685606978.     
  -18414821850097232.     
  -20776045922349296.     
  -23439904190467248.     
  -26445167148211248.     
  -29835569818006096.     
  -33660447137815876.     
  -37975450625723736.     
  -42843356713430216.     
  -48334978467615928.     
  -54530193915394144.     
  -61519105878542480.     
  -69403350125247592.     
  -78297570795227952.     
  -88331084475334224.     
  -99649757033030464.     
  -1.1241812039396232E+017
  -1.2682175992157058E+017
  -1.4307000697153136E+017
  -1.6139897560820333E+017
  -1.8207498744794707E+017
  -2.0539843420697974E+017
  -2.3170813386031789E+017
  -2.6138624345464192E+017
  -2.9486379966451462E+017
  -3.3262696725434637E+017
  -3.7522408583864070E+017
  -4.2327361686786291E+017
  -4.7747310577301990E+017
  -5.3860928886615552E+017
  -6.0756949112777395E+017
  -6.8535447965390362E+017
  -7.7309295855365056E+017
  -8.7205791478539430E+017
  -9.8368505113748902E+017
  -1.1095935726821638E+018
  -1.2516096269928906E+018
  -1.4117927367046497E+018
  -1.5924656061642903E+018
  -1.7962477325856991E+018
  -2.0260933069918674E+018
  -2.2853339520824527E+018
  -2.5777269139005763E+018
  -2.9075094027891666E+018
  -3.2794598677553357E+018
  -3.6989670882750141E+018
  -4.1721080802052772E+018
  -4.7057359394468977E+018
  -5.3075788901388493E+018
  -5.9863519655257129E+018
  -6.7518829315356252E+018
  -7.6152542681521551E+018
  -8.5889632548020961E+018
  -9.6871024665300726E+018
  -1.0925563281429144E+019
  -1.2322265330858250E+019
  -1.3897415197151445E+019
  -1.5673798084162652E+019
  -1.7677106660125057E+019
  -1.9936311806733787E+019
  -2.2484080610744832E+019
  -2.5357247613355332E+019
  -2.8597346097918829E+019
  -3.2251207059117466E+019
  -3.6371634468915462E+019
  -4.1018166550376686E+019
  -4.6257934005431624E+019
  -5.2166627534603526E+019
  -5.8829588555469939E+019
  -6.6343038794690601E+019
  -7.4815466421067809E+019
  -8.4369188632820548E+019
  -9.5142113143159489E+019
  -1.0728972386052995E+020
  -1.2098731927431062E+020
  -1.3643253567925073E+020
  -1.5384819145425332E+020
  -1.7348549321157355E+020
  -1.9562764981680013E+020
  -2.2059394612213809E+020
  -2.4874433483890577E+020
  -2.8048461239374660E+020
  -3.1627225297268297E+020
  -3.5662298437704660E+020
  -4.0211819992984381E+020
  -4.5341331263159442E+020
  -5.1124717124159963E+020
  -5.7645267314600863E+020
  -6.4996872598431387E+020
  -7.3285372928472737E+020
  -8.2630076908081211E+020
  -9.3165474295600972E+020
  -1.0504316605376814E+021
  -1.1843403955303264E+021
  -1.3353072003807563E+021
  -1.5055033341040082E+021
  -1.6973761982284070E+021
  -1.9136844258730110E+021
  -2.1575374253620488E+021
  -2.4324399433100616E+021
  -2.7423422836806726E+021
  -3.0916968999474876E+021
  -3.4855221683121899E+021
  -3.9294742522514280E+021
  -4.4299280839223893E+021
  -4.9940686177917972E+021
  -5.6299936581056589E+021
  -6.3468297265607701E+021
  -7.1548626221085019E+021
  -8.0656845338461098E+021
  -9.0923598033912353E+021
  -1.0249611698325454E+022
  -1.1554032856986481E+022
  -1.3024322401313252E+022
  -1.4681553093362792E+022
  -1.6549472337881960E+022
  -1.8654841313964461E+022
  -2.1027817060147818E+022
  -2.3702382946955139E+022
  -2.6716833657474247E+022
  -3.0114321569787182E+022
  -3.3943472305831988E+022
  -3.8259078191883529E+022
  -4.3122879480115451E+022
  -4.8604444424223790E+022
  -5.4782160702386087E+022
  -6.1744352257631882E+022
  -6.9590537401226878E+022
  -7.8432846023929050E+022
  -8.8397616011107612E+022
  -9.9627191492407852E+022
  -1.1228194841055472E+023
  -1.2654257610715584E+023
  -1.4261264724116053E+023
  -1.6072151242880300E+023
  -1.8112756057962406E+023
  -2.0412189106592643E+023
  -2.3003244967524915E+023
  -2.5922868683870714E+023
  -2.9212680399411796E+023
  -3.2919566223501259E+023
  -3.7096343673113238E+023
  -4.1802511091362666E+023
  -4.7105091624605492E+023
  -5.3079583671604408E+023
  -5.9811031216836787E+023
  -6.7395229146792964E+023
  -7.5940080546648464E+023
  -8.5567125111529279E+023
  -9.6413260211575667E+023
  -1.0863267885673389E+024
  -1.2239905185344575E+024
  -1.3790798487366701E+024
  -1.5537978501473793E+024
  -1.7506257577033167E+024
  -1.9723580421851704E+024
  -2.2221418973093491E+024
  -2.5035216969373516E+024
  -2.8204890469234021E+024
  -3.1775391344510258E+024
  -3.5797341658439383E+024
  -4.0327747830005721E+024
  -4.5430804601718594E+024
  -5.1178800083271264E+024
  -5.7653134555746615E+024
  -6.4945467309798034E+024
  -7.3159007578562315E+024
  -8.2409967636712557E+024
  -9.2829198398869437E+024
  -1.0456403039485647E+025
  -1.1778034586119469E+025
  -1.3266491090734173E+025
  -1.4942800033596222E+025
  -1.6830635176895714E+025
  -1.8956649031127958E+025
  -2.1350847013588476E+025
  -2.4047008516650695E+025
  -2.7083160755012534E+025
  -3.0502111993766320E+025
  -3.4352051583046952E+025
  -3.8687225151473341E+025
  -4.3568694352349446E+025
  -4.9065191727939072E+025
  -5.5254082574148737E+025
  -6.2222447168707478E+025
  -7.0068298390717848E+025
  -7.8901951631069482E+025
  -8.8847565997274229E+025
  -1.0004487818158071E+026
  -1.1265115302008537E+026
  -1.2684337775929660E+026
  -1.4282073040602288E+026
  -1.6080735631236527E+026
  -1.8105549139146638E+026
  -2.0384897512929936E+026
  -2.2950720191808647E+026
  -2.5838956526080883E+026
  -2.9090045616556774E+026
  -3.2749488465518952E+026
  -3.6868480186463586E+026
  -4.1504620980235204E+026
  -4.6722715664173809E+026
  -5.2595672753149004E+026
  -5.9205515453255563E+026
  -6.6644518458887997E+026
  -7.5016486162550841E+026
  -8.4438189817274937E+026
  -9.5040983359912413E+026
  -1.0697262003906452E+027
  -1.2039929472671518E+027
  -1.3550793986455352E+027
  -1.5250880644570961E+027
  -1.7163836530646286E+027
  -1.9316256835231616E+027
  -2.1738051422687760E+027
  -2.4462856841556196E+027
  -2.7528499393245641E+027
  -3.0977515564993384E+027
  -3.4857736908885356E+027
  -3.9222947319576001E+027
  -4.4133621640818051E+027
  -4.9657755627978792E+027
  -5.5871798524938629E+027
  -6.2861700895457473E+027
  -7.0724091899543593E+027
  -7.9567601945066477E+027
  -8.9514348596791321E+027
  -1.0070160581491976E+028
  -1.1328367905194171E+028
  -1.2743401149245068E+028
  -1.4334754981174940E+028
  -1.6124340129612513E+028
  -1.8136781805601873E+028
  -2.0399754842381439E+028
  -2.2944360051759334E+028
  -2.5805546843469928E+028
  -2.9022587768575714E+028
  -3.2639611337079052E+028
  -3.6706200232377360E+028
  -4.1278062911043986E+028
  -4.6417787546851686E+028
  -5.2195688365511872E+028
  -5.8690755635308377E+028
  -6.5991721944347907E+028
  -7.4198258925081731E+028
  -8.3422320300698967E+028
  -9.3789649047898147E+028
  -1.0544146862094561E+029
  -1.1853638059025458E+029
  -1.3325249374562521E+029
  -1.4978981273403131E+029
  -1.6837291768270513E+029
  -1.8925397004302464E+029
  -2.1271608412711677E+029
  -2.3907710855050604E+029
  -2.6869386710013409E+029
  -3.0196691448415719E+029
  -3.3934586906233612E+029
  -3.8133539208641321E+029
  -4.2850189129106919E+029
  -4.8148103597099417E+029
  -5.4098618107331560E+029
  -6.0781780945536516E+029
  -6.8287411444852442E+029
  -7.6716285938906471E+029
  -8.6181466700408345E+029
  -9.6809790967272799E+029
  -1.0874353918402790E+030
  -1.2214230384907512E+030
  -1.3718508288556825E+030
  -1.5407262427567700E+030
  -1.7303005184862870E+030
  -1.9430980562980652E+030
  -2.1819493408316865E+030
  -2.4500277995884797E+030
  -2.7508910634368614E+030
  -3.0885271496205930E+030
  -3.4674061485142834E+030
  -3.8925380631236317E+030
  -4.3695375258488881E+030
  -4.9046962011898078E+030
  -5.5050637768349052E+030
  -6.1785385500173330E+030
  -6.9339687323199198E+030
  -7.7812657255856354E+030
  -8.7315307656898259E+030
  -9.7971964912639242E+030
  -1.0992185172803560E+031
  -1.2332085535909829E+031
  -1.3834350332868129E+031
  -1.5518517061756254E+031
  -1.7406454504429354E+031
  -1.9522638056960554E+031
  -2.1894457161622435E+031
  -2.4552558521797641E+031
  -2.7531229194177540E+031
  -3.0868824110497962E+031
  -3.4608243088536746E+031
  -3.8797462954273417E+031
  -4.3490131019588151E+031
  -4.8746226848781590E+031
  -5.4632800009220794E+031
  -6.1224792343862039E+031
  -6.8605954234220456E+031
  -7.6869865350202736E+031
  -8.6121071517484372E+031
  -9.6476350583979006E+031
  -1.0806612154542713E+032
  -1.2103601270810803E+032
  -1.3554860633694720E+032
  -1.5178537907358952E+032
  -1.6994885942603586E+032
  -1.9026502584488449E+032
  -2.1298597132774183E+032
  -2.3839286315060087E+032
  -2.6679922923148443E+032
  -2.9855460580683637E+032
  -3.3404858456518688E+032
  -3.7371530115631837E+032
  -4.1803841109873037E+032
  -4.6755660356502044E+032
  -5.2286970835507841E+032
  -5.8464545659133081E+032
  -6.5362696130812999E+032
  -7.3064099017640301E+032
  -8.1660710911981786E+032
  -9.1254778255126922E+032
  -1.0195995233947247E+033
  -1.1390251939571981E+033
  -1.2722275670702004E+033
  -1.4207642657102115E+033
  -1.5863642085008187E+033
  -1.7709456980458457E+033
  -1.9766362988730496E+033
  -2.2057946617864903E+033
  -2.4610344615061666E+033
  -2.7452506244520365E+033
  -3.0616480331964456E+033
  -3.4137729031995272E+033
  -3.8055470356251279E+033
  -4.2413051568992810E+033
  -4.7258355607125979E+033
  -5.2644242707612076E+033
  -5.8629029419104833E+033
  -6.5277007127312125E+033
  -7.2659002123848016E+033
  -8.0852979082772380E+033
  -8.9944689561415815E+033
  -1.0002836679300681E+034
  -1.1120746756474131E+034
  -1.2359546134836366E+034
  -1.3731666603772864E+034
  -1.5250712860940970E+034
  -1.6931554771079349E+034
  -1.8790423353878852E+034
  -2.0845009833407330E+034
  -2.3114566830079169E+034
  -2.5620010467474074E+034
  -2.8384021789145048E+034
  -3.1431145421489595E+034
  -3.4787882861840382E+034
  -3.8482777097202680E+034
  -4.2546484445986282E+034
  -4.7011828535841624E+034
  -5.1913830153414418E+034
  -5.7289705288496225E+034
  -6.3178822000408483E+034
  -6.9622604704529172E+034
  -7.6664372047203294E+034
  -8.4349091630831359E+034
  -9.2723031375507443E+034
  -1.0183328314868680E+035
  -1.1172712932738681E+035
  -1.2245121701893692E+035
  -1.3405049756430339E+035
  -1.4656688045089368E+035
  -1.6003754058949963E+035
  -1.7449280572351214E+035
  -1.8995353612604377E+035
  -2.0642789120127196E+035
  -2.2390735652943133E+035
  -2.4236187953394164E+035
  -2.6173393138952986E+035
  -2.8193127590846648E+035
  -3.0281818155492445E+035
  -3.2420475873757747E+035
  -3.4583403900536584E+035
  -3.6736633310129803E+035
  -3.8836030775951361E+035
  -4.0825010261187350E+035
  -4.2631766356016723E+035
  -4.4165929119806469E+035
  -4.5314518456724051E+035
  -4.5937049218948540E+035
  -4.5859605257058893E+035
  -4.4867660253872312E+035
  -4.2697374253435968E+035
  -3.9025037392811299E+035
  -3.3454272120662694E+035
  -2.5500576114635709E+035
  -1.4573039546650820E+035
  -1.3233768553868599E+031
