   0.0000000000000000     
  -1.1011010049952404E-016
  -2.2355511674495033E-016
  -3.4377092374320544E-016
  -4.7439841061100459E-016
  -6.1939374555396910E-016
  -7.8314818618344375E-016
  -9.7062106337843230E-016
  -1.1874899657074738E-015
  -1.4403226721712034E-015
  -1.7367760394742866E-015
  -2.0858278661181115E-015
  -2.4980487540283059E-015
  -2.9859221994194175E-015
  -3.5642226048138325E-015
  -4.2504626577790990E-015
  -5.0654236221163319E-015
  -6.0337845975015363E-015
  -7.1848697999455066E-015
  -8.5535364886055160E-015
  -1.0181230422623393E-014
  -1.2117240803684879E-014
  -1.4420192699436760E-014
  -1.7159822132588188E-014
  -2.0419087578106705E-014
  -2.4296681795450364E-014
  -2.8910020042555275E-014
  -3.4398795140203371E-014
  -4.0929207015992413E-014
  -4.8698994775882737E-014
  -5.7943423646286981E-014
  -6.8942408036314072E-014
  -8.2028986363078821E-014
  -9.7599404204016572E-014
  -1.1612511102755463E-013
  -1.3816703368101345E-013
  -1.6439255873564377E-013
  -1.9559573778939422E-013
  -2.3272132739037506E-013
  -2.7689339132106459E-013
  -3.2944933108849899E-013
  -3.9198037477909868E-013
  -4.6637974993174986E-013
  -5.5489999867631956E-013
  -6.6022117011681131E-013
  -7.8553195418456647E-013
  -9.3462621291234414E-013
  -1.1120178311407182E-012
  -1.3230773631696760E-012
  -1.5741946115928272E-012
  -1.8729720594659151E-012
  -2.2284550108207308E-012
  -2.6514054056029928E-012
  -3.1546275970140093E-012
  -3.7533559519772025E-012
  -4.4657160066289436E-012
  -5.3132731349772262E-012
  -6.3216853375549183E-012
  -7.5214799081738288E-012
  -8.9489774861279952E-012
  -1.0647391461860757E-011
  -1.2668136011189836E-011
  -1.5072382347280327E-011
  -1.7932910291741997E-011
  -2.1336311203833682E-011
  -2.5385608940245733E-011
  -3.0203378169078976E-011
  -3.5935454413276611E-011
  -4.2755348106359561E-011
  -5.0869496248750065E-011
  -6.0523510600938338E-011
  -7.2009611507267367E-011
  -8.5675472323722954E-011
  -1.0193474211049357E-010
  -1.2127956503686958E-010
  -1.4429547536900185E-010
  -1.7167911879841638E-010
  -2.0425933639613091E-010
  -2.4302224923156596E-010
  -2.8914110275598593E-010
  -3.4401177407985311E-010
  -4.0929501663007406E-010
  -4.8696672054127917E-010
  -5.7937770968323010E-010
  -6.8932488479266480E-010
  -8.2013586549304515E-010
  -9.7576969243682062E-010
  -1.1609366367495744E-009
  -1.3812407420958257E-009
  -1.6433494125135034E-009
  -1.9551951774876999E-009
  -2.3262157393115313E-009
  -2.7676395660667584E-009
  -3.2928256715909426E-009
  -3.9176678632706553E-009
  -4.6610756890097993E-009
  -5.5455466352754885E-009
  -6.5978468889224334E-009
  -7.8498212600587719E-009
  -9.3393567709040457E-009
  -1.1111529064615031E-008
  -1.3219966319053357E-008
  -1.5728471930755363E-008
  -1.8712955062993399E-008
  -2.2263727465603171E-008
  -2.6488236054930862E-008
  -3.1514313925007800E-008
  -3.7494048144652965E-008
  -4.4608381354040334E-008
  -5.3072586372746518E-008
  -6.3142779440872156E-008
  -7.5123669134335940E-008
  -8.9377775375228527E-008
  -1.0633639742881194E-007
  -1.2651266268545147E-007
  -1.5051705096870687E-007
  -1.7907586399376705E-007
  -2.1305319868827883E-007
  -2.5347708907490052E-007
  -3.0157060750720243E-007
  -3.5878886606148524E-007
  -4.2686303735369206E-007
  -5.0785272637044083E-007
  -6.0420827749766820E-007
  -7.1884490143881499E-007
  -8.5523086422524927E-007
  -1.0174924058468770E-006
  -1.2105385620335929E-006
  -1.4402096647010385E-006
  -1.7134540127422012E-006
  -2.0385380568578310E-006
  -2.4252964557393796E-006
  -2.8854295668011020E-006
  -3.4328573692698232E-006
  -4.0841405241647755E-006
  -4.8589813061472636E-006
  -5.7808195577907767E-006
  -6.8775416905618963E-006
  -8.1823241756100218E-006
  -9.7346370347198918E-006
  -1.1581437680472340E-005
  -1.3778591211098214E-005
  -1.6392560113759473E-005
  -1.9502414477123308E-005
  -2.3202223506454802E-005
  -2.7603900665106379E-005
  -3.2840588483873045E-005
  -3.9070685398977025E-005
  -4.6482636393869073E-005
  -5.5300632316588570E-005
  -6.5791390221435928E-005
  -7.8272219771936867E-005
  -9.3120619629827011E-005
  -1.1078569401778837E-004
  -1.3180173468062774E-004
  -1.5680437894445014E-004
  -1.8654983246564882E-004
  -2.2193773792609543E-004
  -2.6403838116923091E-004
  -3.1412505741654917E-004
  -3.7371257621994741E-004
  -4.4460306940914554E-004
  -5.2894048709582319E-004
  -6.2927542947226287E-004
  -7.4864227463287514E-004
  -8.9065093439855874E-004
  -1.0595960123742792E-003
  -1.2605866645883828E-003
  -1.4997010889519153E-003
  -1.7841703143572486E-003
  -2.1225968460148962E-003
  -2.5252147773806052E-003
  -3.0041992326038367E-003
  -3.5740344947255368E-003
  -4.2519519489445292E-003
  -5.0584510807821408E-003
  -6.0179192796959531E-003
  -7.1593691855137195E-003
  -8.5173158682548648E-003
  -1.0132820358874263E-002
  -1.2054731076959002E-002
  -1.4341160683415552E-002
  -1.7061243002500365E-002
  -2.0297223123251027E-002
  -2.4146943861326077E-002
  -2.8726803742830466E-002
  -3.4175275923970141E-002
  -4.0657094415073772E-002
  -4.8368234147038662E-002
  -5.7541835412147413E-002
  -6.8455251754575702E-002
  -8.1438434341361346E-002
  -9.6883906238264803E-002
 -0.11525862806750364     
 -0.13711811368790000     
 -0.16312322253995984     
 -0.19406013619372364     
 -0.23086412287039351     
 -0.27464780818770135     
 -0.32673480656298542     
 -0.38869972971205763     
 -0.46241578140138201     
 -0.55011137686908995     
 -0.65443749805415330     
 -0.77854782020307478     
 -0.92619403136241452     
  -1.1018392253743372     
  -1.3107927951427871     
  -1.5593709026311704     
  -1.8550873749180306     
  -2.2068807950257927     
  -2.6253846499263864     
  -3.1232486991592894     
  -3.7155212751788240     
  -4.4201040676361867     
  -5.2582931339188796     
  -6.2554224835809444     
  -7.4416296835087410     
  -8.8527666174057842     
  -10.531482918820720     
  -12.528514813970935     
  -14.904218316630072     
  -17.730393099823381     
  -21.092452151019454     
  -25.092002764199929     
  -29.849916849193754     
  -35.509983321357467     
  -42.243252919595811     
  -50.253206719014464     
  -59.781904488023137     
  -71.117298640067460     
  -84.601934741428465     
  -100.64330142221110     
  -119.72614236285250     
  -142.42710229809862     
  -169.43214948453556     
  -201.55730094581540     
  -239.77327657466668     
  -285.23482684568472     
  -339.31562006187312     
  -403.64974298436124     
  -480.18106845007179     
  -571.22198119894756     
  -679.52323578654955     
  -808.35705668528328     
  -961.61599063177187     
  -1143.9304970368451     
  -1360.8088282050583     
  -1618.8034243021284     
  -1925.7088487894227     
  -2290.7972425952776     
  -2725.0984083766566     
  -3241.7329840554107     
  -3856.3087680890267     
  -4587.3921660664219     
  -5457.0689967892786     
  -6491.6115945050378     
  -7722.2723538756718     
  -9186.2276825130393     
  -10927.700867768792     
  -12999.297767061700     
  -15463.595657469808     
  -18395.033224629809     
  -21882.158763956992     
  -26030.304483343596     
  -30964.767662346148     
  -36834.594726842472     
  -43817.082502233199     
  -52123.132562028877     
  -62003.620345782096     
  -73756.971358329596     
  -87738.173206067178     
  -104369.49557559335     
  -124153.24182407123     
  -147686.91718555358     
  -175681.27155468022     
  -208981.76159076291     
  -248594.08011073442     
  -295714.52352445829     
  -351766.11411649751     
  -418441.56770280085     
  -497754.40383224032     
  -592099.74149828835     
  -704326.61569372821     
  -837823.99790496705     
  -996623.11729783157     
  -1185519.1713776044     
  -1410216.1001615957     
  -1677498.7940449333     
  -1995437.9335777839     
  -2373633.6442931327     
  -2823505.3212506147     
  -3358636.3714465043     
  -3995184.2797327931     
  -4752368.3754052846     
  -5653050.0216525849     
  -6724422.7393653514     
  -7998833.0945530506     
  -9514757.1249123719     
  -11317961.775009362     
  -13462886.392704185     
  -16014285.980318908     
  -19049185.792990766     
  -22659206.271985199     
  -26953328.475927401     
  -32061183.465103574     
  -38136964.904203102     
  -45364082.954098284     
  -53960699.890815109     
  -64186314.494519211     
  -76349593.895721018     
  -90817689.204605296     
  -108027316.01783653     
  -128497934.14586022     
  -152847424.23887378     
  -181810734.32177022     
  -216262058.84979880     
  -257241219.47015214     
  -305985043.43476784     
  -363964686.37974638     
  -432930025.51446956     
  -514962462.55755925     
  -612537729.45039737     
  -728600591.62355340     
  -866653702.48771203     
  -1030863289.6926399     
  -1226184861.4193180     
  -1458512724.8535709     
  -1734857827.2460816     
  -2063559284.2541082     
  -2454535976.3470030     
  -2919585802.5818791     
  -3472741618.4610152     
  -4130694594.2136693     
  -4913297763.2545366     
  -5844164949.0740757     
  -6951383135.3378344     
  -8268359765.2473249     
  -9834830525.4022274     
  -11698058009.194653     
  -13914257411.084692     
  -16550292249.507101     
  -19685691259.058716     
  -23415047277.516144     
  -27850870472.119045     
  -33126981949.696545     
  -39402550089.635887     
  -46866891318.617477     
  -55745180095.699646     
  -66305240290.574097     
  -78865622743.031769     
  -93805212570.741608     
  -111574655914.29944     
  -132709950663.40872     
  -157848610949.47925     
  -187748892784.37418     
  -223312660511.30569     
  -265612583493.54782     
  -315924483007.87311     
  -375765804566.87726     
  -446941375546.91125     
  -531597827611.30640     
  -632288324610.57056     
  -752049547283.80237     
  -894493255540.36975     
  -1063915188501.7208     
  -1265424585071.4705     
  -1505098229325.5427     
  -1790163664202.1030     
  -2129217096097.3743     
  -2532482558528.5942     
  -3012120146513.9370     
  -3582592612209.1777     
  -4261101371192.1055     
  -5068105060592.5146     
  -6027936278052.7773     
  -7169535089225.3984     
  -8527321410310.1982     
  -10142232557016.992     
  -12062957228386.855     
  -14347403113055.305     
  -17064442345110.842     
  -20295987408757.758     
  -24139460047733.625     
  -28710727576790.340     
  -34147595075217.855     
  -40613958690570.461     
  -48304745198926.195     
  -57451786656119.453     
  -68330807145923.219     
  -81269732134627.734     
  -96658570785948.172     
  -114961168975729.92     
  -136729187099630.33     
  -162618723786022.34     
  -193410086329128.78     
  -230031303444118.56     
  -273586088671036.81     
  -325387096812576.12     
  -386995475218737.62     
  -460267901330128.12     
  -547412523370135.88     
  -651055489223887.62     
  -774320067432707.50     
  -920920743468426.25     
  -1095275125450648.5     
  -1302637029810691.8     
  -1549254755236143.5     
  -1842559311752765.2     
  -2191388273851798.5     
  -2606251999306983.5     
  -3099650231040896.5     
  -3686448616498244.5     
  -4384326483133634.5     
  -5214309354131899.0     
  -6201402239933266.0     
  -7375342775334027.0     
  -8771496880205008.0     
  -10431923912821150.     
  -12406643387576556.     
  -14755141397052316.     
  -17548162094642904.     
  -20869838175411668.     
  -24820224497799192.     
  -29518311124363708.     
  -35105606491095072.     
  -41750398576296744.     
  -49652822347999304.     
  -59050886037460968.     
  -70227637645781360.     
  -83519687409384432.     
  -99327342760731008.     
  -1.1812666085102429E+017
  -1.4048378141202758E+017
  -1.6707197136073693E+017
  -1.9869189415823210E+017
  -2.3629571397773664E+017
  -2.8101576013623757E+017
  -3.3419861447055405E+017
  -3.9744564752063482E+017
  -4.7266122342890701E+017
  -5.6211002421178605E+017
  -6.6848521844889677E+017
  -7.9498952572058522E+017
  -9.4543161611908326E+017
  -1.1243407455331642E+018
  -1.3371030760369818E+018
  -1.5901237831015793E+018
  -1.8910198271129270E+018
  -2.2488491891538404E+018
  -2.6743834679306348E+018
  -3.1804320390861742E+018
  -3.7822275291633060E+018
  -4.4978842008071066E+018
  -5.3489430388794890E+018
  -6.3610199349496330E+018
  -7.5645764685298381E+018
  -8.9958364706846392E+018
  -1.0697875940114049E+019
  -1.2721919095321072E+019
  -1.5128879545761487E+019
  -1.7991192936314161E+019
  -2.1394996184609284E+019
  -2.5442718853209068E+019
  -3.0256164591660249E+019
  -3.5980175319566942E+019
  -4.2786988344021459E+019
  -5.0881417439668830E+019
  -6.0507013693609918E+019
  -7.1953391374886806E+019
  -8.5564939114803905E+019
  -1.0175117833252766E+020
  -1.2099908036195816E+020
  -1.4388771261903605E+020
  -1.7110565416298201E+020
  -2.0347170425445787E+020
  -2.4195950649992105E+020
  -2.8772682886896065E+020
  -3.4215037981671902E+020
  -4.0686720714156678E+020
  -4.8382392405861381E+020
  -5.7533524221684377E+020
  -6.8415357109944648E+020
  -8.1355177582671980E+020
  -9.6742158082013292E+020
  -1.1503905769642470E+021
  -1.3679613489444251E+021
  -1.6266769041357658E+021
  -1.9343173747387883E+021
  -2.3001339045390875E+021
  -2.7351267489358907E+021
  -3.2523759452955618E+021
  -3.8674344901382714E+021
  -4.5987958375952532E+021
  -5.4684497663784219E+021
  -6.5025433172372210E+021
  -7.7321666592611815E+021
  -9.1942874962038327E+021
  -1.0932862085943924E+022
  -1.3000156251241616E+022
  -1.5458316067378995E+022
  -1.8381235411475424E+022
  -2.1856776474393068E+022
  -2.5989409936882484E+022
  -3.0903354115213710E+022
  -3.6746307366361848E+022
  -4.3693885858703728E+022
  -5.1954899995938548E+022
  -6.1777627965389181E+022
  -7.3457274822883486E+022
  -8.7344841123739805E+022
  -1.0385766743140658E+023
  -1.2349197135223804E+023
  -1.4683775356682769E+023
  -1.7459652045056427E+023
  -2.0760235543296616E+023
  -2.4684697177430833E+023
  -2.9350949895567987E+023
  -3.4899189697116176E+023
  -4.1496106174177930E+023
  -4.9339888570884318E+023
  -5.8666177643491414E+023
  -6.9755141990740951E+023
  -8.2939891271890295E+023
  -9.8616478851356381E+023
  -1.1725579410765923E+024
  -1.3941770135110569E+024
  -1.6576784971037720E+024
  -1.9709765849497607E+024
  -2.3434807782220416E+024
  -2.7863783757169371E+024
  -3.3129703239466957E+024
  -3.9390705059763146E+024
  -4.6834804504191363E+024
  -5.5685537045883190E+024
  -6.6208668055942073E+024
  -7.8720169808337467E+024
  -9.3595705107140906E+024
  -1.1128190205562806E+025
  -1.3230975820988895E+025
  -1.5731057622532272E+025
  -1.8703490902734314E+025
  -2.2237508279373440E+025
  -2.6439197333088557E+025
  -3.1434683897571171E+025
  -3.7373916478251920E+025
  -4.4435165300397744E+025
  -5.2830370914992658E+025
  -6.2811502762866149E+025
  -7.4678118377608434E+025
  -8.8786349903265209E+025
  -1.0555958739225627E+026
  -1.2550117921455759E+026
  -1.4920953037499828E+026
  -1.7739605141319068E+026
  -2.1090649600359203E+026
  -2.5074632694124362E+026
  -2.9811087093455778E+026
  -3.5442116614686762E+026
  -4.2136657703241321E+026
  -5.0095545381012610E+026
  -5.9557535498414203E+026
  -7.0806463787340922E+026
  -8.4179756273603569E+026
  -1.0007854609679487E+027
  -1.1897969991450103E+027
  -1.4145011427749812E+027
  -1.6816371036610847E+027
  -1.9992163631138313E+027
  -2.3767628240840173E+027
  -2.8255982873937193E+027
  -3.3591818048052487E+027
  -3.9935130753302520E+027
  -4.7476119692464504E+027
  -5.6440885441711755E+027
  -6.7098206274788886E+027
  -7.9767592604524889E+027
  -9.4828861282276581E+027
  -1.1273351650405906E+028
  -1.3401827816359844E+028
  -1.5932116278595661E+028
  -1.8940059859453106E+028
  -2.2515814709563322E+028
  -2.6766551152609489E+028
  -3.1819664083037048E+028
  -3.7826589035324393E+028
  -4.4967338171503073E+028
  -5.3455891980069957E+028
  -6.3546608088741126E+028
  -7.5541839031620451E+028
  -8.9800986988634984E+028
  -1.0675126651345183E+029
  -1.2690049737138586E+029
  -1.5085231034923407E+029
  -1.7932422109074921E+029
  -2.1316911281309711E+029
  -2.5340077073642506E+029
  -3.0122423225932164E+029
  -3.5807186096071725E+029
  -4.2564622370965066E+029
  -5.0597105363570287E+029
  -6.0145182353640905E+029
  -7.1494774170114622E+029
  -8.4985732370315895E+029
  -1.0102200996601325E+030
  -1.2008374989197666E+030
  -1.4274165275062275E+030
  -1.6967405350980630E+030
  -2.0168721781574110E+030
  -2.3973946482885183E+030
  -2.8496983787226486E+030
  -3.3873218011740364E+030
  -4.0263563407910267E+030
  -4.7859277567888482E+030
  -5.6887682179343032E+030
  -6.7618962134955306E+030
  -8.0374246225418378E+030
  -9.5535210937975592E+030
  -1.1355549438957723E+031
  -1.3497426150330205E+031
  -1.6043232580331811E+031
  -1.9069130957587208E+031
  -2.2665641490137018E+031
  -2.6940348591454517E+031
  -3.2021117081503310E+031
  -3.8059914445447900E+031
  -4.5237353331373132E+031
  -5.3768089975558151E+031
  -6.3907239801234658E+031
  -7.5958001806887675E+031
  -9.0280719449113224E+031
  -1.0730364860946255E+032
  -1.2753575419384197E+032
  -1.5158191746693815E+032
  -1.8016100817890522E+032
  -2.1412736104318355E+032
  -2.5449629772266446E+032
  -3.0247445620614032E+032
  -3.5949583290783841E+032
  -4.2726461327692755E+032
  -5.0780606924304574E+032
  -6.0352704248610034E+032
  -7.1728781847777420E+032
  -8.5248753602190509E+032
  -1.0131656807482287E+033
  -1.2041226907209614E+033
  -1.4310632723057139E+033
  -1.7007667016795651E+033
  -2.0212891920486251E+033
  -2.4022043627291697E+033
  -2.8548889822354120E+033
  -3.3928625072387020E+033
  -4.0321905429227754E+033
  -4.7919642556208766E+033
  -5.6948700324279341E+033
  -6.7678663721488453E+033
  -8.0429881875619652E+033
  -9.5583024956926200E+033
  -1.1359043983640469E+034
  -1.3498964296772192E+034
  -1.6041935263306772E+034
  -1.9063853834001282E+034
  -2.2654905502930678E+034
  -2.6922253652702276E+034
  -3.1993234952579248E+034
  -3.8019156008345661E+034
  -4.5179804366698082E+034
  -5.3688808247123467E+034
  -6.3800004643334827E+034
  -7.5815005455987307E+034
  -9.0092186981411050E+034
  -1.0705737044804268E+035
  -1.2721651162293331E+035
  -1.5117077730165283E+035
  -1.7963445752371280E+035
  -2.1345624673381636E+035
  -2.5364452734496010E+035
  -3.0139740823187990E+035
  -3.5813841213131727E+035
  -4.2555887395243403E+035
  -5.0566831159912463E+035
  -6.0085426800621457E+035
  -7.1395340473735555E+035
  -8.4833596205015536E+035
  -1.0080060977407827E+036
  -1.1977210891386522E+036
  -1.4231329433501588E+036
  -1.6909566268986514E+036
  -2.0091699170510485E+036
  -2.3872508168465052E+036
  -2.8364595920443179E+036
  -3.3701738140167848E+036
  -4.0042863673754034E+036
  -4.7576782515663040E+036
  -5.6527802273025799E+036
  -6.7162399974296500E+036
  -7.9797147459236162E+036
  -9.4808125811659132E+036
  -1.1264210850823598E+037
  -1.3382984546706213E+037
  -1.5900184254572553E+037
  -1.8890710510932475E+037
  -2.2443540226017140E+037
  -2.6664371280042137E+037
  -3.1678763808326723E+037
  -3.7635871427487395E+037
  -4.4712873156471441E+037
  -5.3120237571178503E+037
  -6.3107975415590294E+037
  -7.4973066206869145E+037
  -8.9068279185028247E+037
  -1.0581265030048497E+038
  -1.2570392602926508E+038
  -1.4933334310942679E+038
  -1.7740318252940274E+038
  -2.1074761831880018E+038
  -2.5035747932812195E+038
  -2.9740965812510954E+038
  -3.5330203881247084E+038
  -4.1969497905771613E+038
  -4.9856057575669265E+038
  -5.9224117426991030E+038
  -7.0351885489190114E+038
  -8.3569795523223186E+038
  -9.9270307311146469E+038
  -1.1791954528145037E+039
  -1.4007112016413810E+039
  -1.6638254297310208E+039
  -1.9763471731961669E+039
  -2.3475508713596613E+039
  -2.7884512502271769E+039
  -3.3121297482075717E+039
  -3.9341221444139150E+039
  -4.6728788596546218E+039
  -5.5503115488845477E+039
  -6.5924421548550536E+039
  -7.8301736212688533E+039
  -9.3002050592809630E+039
  -1.1046118429776921E+040
  -1.3119668871428099E+040
  -1.5582316820542662E+040
  -1.8507047210617984E+040
  -2.1980529517843770E+040
  -2.6105682483559863E+040
  -3.1004719292515251E+040
  -3.6822763168831245E+040
  -4.3732140187776050E+040
  -5.1937476086840559E+040
  -6.1681747582880328E+040
  -7.3253466861958149E+040
  -8.6995211334213912E+040
  -1.0331375042172314E+041
  -1.2269206824080967E+041
  -1.4570363693769111E+041
  -1.7302936178252030E+041
  -2.0547769787381648E+041
  -2.4400853176935920E+041
  -2.8976153228965199E+041
  -3.4408980639793740E+041
  -4.0859985231710952E+041
  -4.8519898749169160E+041
  -5.7615164909228599E+041
  -6.8414622595731808E+041
  -8.1237439084560426E+041
  -9.6462526973761662E+041
  -1.1453972214756414E+042
  -1.3600305190901038E+042
  -1.6148648389277369E+042
  -1.9174261932186536E+042
  -2.2766488073985339E+042
  -2.7031384707335993E+042
  -3.2094851077068948E+042
  -3.8106337639558477E+042
  -4.5243249167033939E+042
  -5.3716170558976028E+042
  -6.3775068983360912E+042
  -7.5716654636832960E+042
  -8.9893116424531621E+042
  -1.0672248921322940E+043
  -1.2670095718702771E+043
  -1.5041745463438539E+043
  -1.7857099288079845E+043
  -2.1199122202438203E+043
  -2.5166283097010076E+043
  -2.9875450176560749E+043
  -3.5465326770656203E+043
  -4.2100528300258530E+043
  -4.9976419960265578E+043
  -5.9324856955685876E+043
  -7.0420995554586211E+043
  -8.3591374565543952E+043
  -9.9223504025965844E+043
  -1.1777724198517501E+044
  -1.3979829256903668E+044
  -1.6593422054645226E+044
  -1.9695345119093701E+044
  -2.3376781148717968E+044
  -2.7745927221553959E+044
  -3.2931167317140131E+044
  -3.9084835931513628E+044
  -4.6387682823924175E+044
  -5.5054169400519423E+044
  -6.5338751509853806E+044
  -7.7543332203589961E+044
  -9.2026102139999836E+044
  -1.0921202576975505E+045
  -1.2960527941879155E+045
  -1.5380400426537832E+045
  -1.8251780464974777E+045
  -2.1658850211255080E+045
  -2.5701475035334034E+045
  -3.0498122868223695E+045
  -3.6189326476590859E+045
  -4.2941789540517847E+045
  -5.0953256130274695E+045
  -6.0458285370912272E+045
  -7.1735099389940279E+045
  -8.5113703824780424E+045
  -1.0098551712533105E+046
  -1.1981478869184310E+046
  -1.4215213780591033E+046
  -1.6865060684320428E+046
  -2.0008469517823386E+046
  -2.3737292660969039E+046
  -2.8160460554436655E+046
  -3.3407153853307486E+046
  -3.9630564155344453E+046
  -4.7012352382750867E+046
  -5.5767934085658029E+046
  -6.6152744856714620E+046
  -7.8469667387612600E+046
  -9.3077835275739917E+046
  -1.1040306846816463E+047
  -1.3095024235441992E+047
  -1.5531794834316794E+047
  -1.8421586988404647E+047
  -2.1848537622304930E+047
  -2.5912392895494959E+047
  -3.0731400631997607E+047
  -3.6445738033356080E+047
  -4.3221573596545804E+047
  -5.1255880411051171E+047
  -6.0782139624057427E+047
  -7.2077098457680561E+047
  -8.5468777468909271E+047
  -1.0134595762714649E+048
  -1.2016942027029859E+048
  -1.4248526330037561E+048
  -1.6894067652767734E+048
  -2.0030262956559702E+048
  -2.3748000912318405E+048
  -2.8154984131443876E+048
  -3.3378835151068762E+048
  -3.9570775262760130E+048
  -4.6909981649080182E+048
  -5.5608747671056064E+048
  -6.5918594081212700E+048
  -7.8137506071181051E+048
  -9.2618503168323354E+048
  -1.0977978698069343E+049
  -1.3011675672785579E+049
  -1.5421623565606496E+049
  -1.8277331432055411E+049
  -2.1661129109865491E+049
  -2.5670527827106629E+049
  -3.0421014605155125E+049
  -3.6049359998420215E+049
  -4.2717533261988282E+049
  -5.0617336241441144E+049
  -5.9975887618589343E+049
  -7.1062113192690254E+049
  -8.4194426302038876E+049
  -9.9749816090556976E+049
  -1.1817460103681815E+050
  -1.3999715209707441E+050
  -1.6584294527761981E+050
  -1.9645236898959608E+050
  -2.3270178897387317E+050
  -2.7562846506601146E+050
  -3.2646002213978488E+050
  -3.8664930521702615E+050
  -4.5791559949445793E+050
  -5.4229337408171649E+050
  -6.4218991848339933E+050
  -7.6045348908672704E+050
  -9.0045387596781062E+050
  -1.0661776462580308E+051
  -1.2623407286111343E+051
  -1.4945214851691587E+051
  -1.7693179860235911E+051
  -2.0945338720370803E+051
  -2.4793979833227640E+051
  -2.9348238642147216E+051
  -3.4737163565684190E+051
  -4.1113337915632082E+051
  -4.8657158209829768E+051
  -5.7581887335795920E+051
  -6.8139622292281766E+051
  -8.0628341303875068E+051
  -9.5400224641745866E+051
  -1.1287147828260960E+052
  -1.3353393052783479E+052
  -1.5796871997794296E+052
  -1.8686245009805047E+052
  -2.2102625252443557E+052
  -2.6141828002108194E+052
  -3.0917024267483350E+052
  -3.6561870995574739E+052
  -4.3234202952382038E+052
  -5.1120386448604491E+052
  -6.0440452812697969E+052
  -7.1454150355413316E+052
  -8.4468078060653262E+052
  -9.9844093008077346E+052
  -1.1800921732168965E+053
  -1.3946731010918587E+053
  -1.6481281641855310E+053
  -1.9474695987070253E+053
  -2.3009680970695250E+053
  -2.7183772812517196E+053
  -3.2111979184278581E+053
  -3.7929888500330479E+053
  -4.4797328137999010E+053
  -5.2902667528683253E+053
  -6.2467878612651140E+053
  -7.3754485508784962E+053
  -8.7070557879485859E+053
  -1.0277892890898998E+054
  -1.2130684968409495E+054
  -1.4315732779118933E+054
  -1.6892243995605085E+054
  -1.9929895751479550E+054
  -2.3510668052338977E+054
  -2.7730994266315500E+054
  -3.2704282624282345E+054
  -3.8563871620858947E+054
  -4.5466492606578602E+054
  -5.3596324917006211E+054
  -6.3169742844008645E+054
  -7.4440869898370416E+054
  -8.7708074457998123E+054
  -1.0332156239743657E+055
  -1.2169224704924496E+055
  -1.4330210529650697E+055
  -1.6871626122369039E+055
  -1.9859707608996882E+055
  -2.3372056600661845E+055
  -2.7499551720614625E+055
  -3.2348572381964174E+055
  -3.8043583527499962E+055
  -4.4730137042263189E+055
  -5.2578353386802748E+055
  -6.1786955722274021E+055
  -7.2587938438664824E+055
  -8.5251962558498570E+055
  -1.0009458193408291E+056
  -1.1748341639194811E+056
  -1.3784640082574139E+056
  -1.6168125240480018E+056
  -1.8956631109636671E+056
  -2.2217292092299822E+056
  -2.6027952982503234E+056
  -3.0478769330335746E+056
  -3.5674016927615841E+056
  -4.1734128617286972E+056
  -4.8797974962924637E+056
  -5.7025402038278633E+056
  -6.6600034054294030E+056
  -7.7732339851305903E+056
  -9.0662949265778988E+056
  -1.0566618645397790E+057
  -1.2305376030903010E+057
  -1.4317851432728436E+057
  -1.6643808590948938E+057
  -1.9327825311411921E+057
  -2.2419564863302312E+057
  -2.5973938731398486E+057
  -3.0051097299096261E+057
  -3.4716160675081676E+057
  -4.0038569068932388E+057
  -4.6090887999013735E+057
  -5.2946844318946805E+057
  -6.0678289371204163E+057
  -6.9350678482977167E+057
  -7.9016511978525690E+057
  -8.9705988944768771E+057
  -1.0141386351364810E+058
  -1.1408114032162713E+058
  -1.2756976807551513E+058
  -1.4162784249604221E+058
  -1.5584195003554136E+058
  -1.6957208598532394E+058
  -1.8186294732203098E+058
  -1.9132317201143747E+058
  -1.9596106072300542E+058
  -1.9296121539513247E+058
  -1.7838114362410971E+058
  -1.4674060205517723E+058
  -9.0475189074728958E+057
  -8.2160465443722257E+053
