   0.0000000000000000     
  -1.1011010049952404E-016
  -2.2314754710275009E-016
  -3.4211746569681754E-016
  -4.7018264771719638E-016
  -6.1074762881458399E-016
  -7.6754919138751282E-016
  -9.4475569666413953E-016
  -1.1470778866205271E-015
  -1.3798941008014368E-015
  -1.6493932361605402E-015
  -1.9627392495374405E-015
  -2.3282615748668354E-015
  -2.7556765158817257E-015
  -3.2563454982263056E-015
  -3.8435770444071882E-015
  -4.5329804969106878E-015
  -5.3428808899718136E-015
  -6.2948059954367104E-015
  -7.4140584860907397E-015
  -8.7303884216898431E-015
  -1.0278783928831742E-014
  -1.2100401086569361E-014
  -1.4243657728751382E-014
  -1.6765520229757565E-014
  -1.9733017468307476E-014
  -2.3225022200607492E-014
  -2.7334347179648337E-014
  -3.2170211720758950E-014
  -3.7861144256761570E-014
  -4.4558398010775101E-014
  -5.2439970548659671E-014
  -6.1715334018508086E-014
  -7.2631001767753327E-014
  -8.5477079251048301E-014
  -1.0059497329446866E-013
  -1.1838646455857354E-013
  -1.3932438426206393E-013
  -1.6396517885140806E-013
  -1.9296369646218998E-013
  -2.2709058804761965E-013
  -2.6725278551676485E-013
  -3.1451760097501990E-013
  -3.7014108736378894E-013
  -4.3560141401095090E-013
  -5.1263814383585267E-013
  -6.0329845574152614E-013
  -7.0999154023742980E-013
  -8.3555261346952949E-013
  -9.8331825035869113E-013
  -1.1572150382506445E-012
  -1.3618639063486175E-012
  -1.6027029026327152E-012
  -1.8861316800295513E-012
  -2.2196815302983965E-012
  -2.6122154827643152E-012
  -3.0741637836806014E-012
  -3.6178010118552801E-012
  -4.2575721921926760E-012
  -5.0104765703573716E-012
  -5.8965192434338128E-012
  -6.9392426439112824E-012
  -8.1663519954435081E-012
  -9.6104513549503400E-012
  -1.1309909793040256E-011
  -1.3309880721451097E-011
  -1.5663501444037492E-011
  -1.8433304794811635E-011
  -2.1692880359801142E-011
  -2.5528829408630548E-011
  -3.0043065462813542E-011
  -3.5355521607935830E-011
  -4.1607336460010124E-011
  -4.8964603409187863E-011
  -5.7622782724324387E-011
  -6.7811893706900212E-011
  -7.9802624800014128E-011
  -9.3913523937737592E-011
  -1.1051946010945648E-010
  -1.3006158087476490E-010
  -1.5305903029352378E-010
  -1.8012273848782722E-010
  -2.1197164906928659E-010
  -2.4945181540713951E-010
  -2.9355887289933856E-010
  -3.4546448406296379E-010
  -4.0654745876259769E-010
  -4.7843037604705637E-010
  -5.6302268016258166E-010
  -6.6257139523343939E-010
  -7.7972080541366759E-010
  -9.1758268538814428E-010
  -1.0798189462583095E-009
  -1.2707388915261641E-009
  -1.4954136658426570E-009
  -1.7598109357134733E-009
  -2.0709533785772199E-009
  -2.4371051888510899E-009
  -2.8679915534611472E-009
  -3.3750569247887070E-009
  -3.9717689491120008E-009
  -4.6739761208519883E-009
  -5.5003286594252071E-009
  -6.4727737841349746E-009
  -7.6171385378583650E-009
  -8.9638156347493009E-009
  -1.0548570542484833E-008
  -1.2413491228345113E-008
  -1.4608105786083272E-008
  -1.7190697617656618E-008
  -2.0229853088771524E-008
  -2.3806282749067872E-008
  -2.8014964470467005E-008
  -3.2967665403515184E-008
  -3.8795909708328377E-008
  -4.5654470850931374E-008
  -5.3725481181506261E-008
  -6.3223267897959690E-008
  -7.4400043781241240E-008
  -8.7552603779822649E-008
  -1.0303020522195111E-007
  -1.2124384085442807E-007
  -1.4267715087968066E-007
  -1.6789926367010853E-007
  -1.9757990603483135E-007
  -2.3250718415782263E-007
  -2.7360850721689513E-007
  -3.2197520911154584E-007
  -3.7889152188819566E-007
  -4.4586866995899932E-007
  -5.2468499013063949E-007
  -6.1743314239952665E-007
  -7.2657566467418071E-007
  -8.5501034604887668E-007
  -1.0061471538520781E-006
  -1.1839987563444220E-006
  -1.3932870437817472E-006
  -1.6395684751644727E-006
  -1.9293815776331081E-006
  -2.2704205133993787E-006
  -2.6717393209245878E-006
  -3.1439922511293617E-006
  -3.6997165773434225E-006
  -4.3536653848989808E-006
  -5.1231991726463551E-006
  -6.0287466594198881E-006
  -7.0943470250189242E-006
  -8.3482879763223949E-006
  -9.8238565720661953E-006
  -1.1560222732050722E-005
  -1.3603478877503580E-005
  -1.6007863292417978E-005
  -1.8837199670845277E-005
  -2.2166591051685304E-005
  -2.6084413092688806E-005
  -3.0694659578249997E-005
  -3.6119702401851876E-005
  -4.2503539261690833E-005
  -5.0015615248816223E-005
  -5.8855319734386826E-005
  -6.9257277880335785E-005
  -8.1497577181182036E-005
  -9.5901094253239533E-005
  -1.1285011627917657E-004
  -1.3279448586515596E-004
  -1.5626353848583504E-004
  -1.8388014925149434E-004
  -2.1637726169307099E-004
  -2.5461733710935172E-004
  -2.9961524050271685E-004
  -3.5256517030088228E-004
  -4.1487234634038519E-004
  -4.8819029681864600E-004
  -5.7446473345352286E-004
  -6.7598517886203395E-004
  -7.9544571581899868E-004
  -9.3601647003622817E-004
  -1.1014277228316360E-003
  -1.2960688850869955E-003
  -1.5251049581087746E-003
  -1.7946135708639033E-003
  -2.1117462288636865E-003
  -2.4849180521896502E-003
  -2.9240310358271278E-003
  -3.4407367546365883E-003
  -4.0487454815297920E-003
  -4.7641899184736984E-003
  -5.6060531884664158E-003
  -6.5966724410296031E-003
  -7.7623314292389065E-003
  -9.1339577760497972E-003
  -1.0747943424245603E-002
  -1.2647110031365167E-002
  -1.4881844915091274E-002
  -1.7511437677731265E-002
  -2.0605652960535153E-002
  -2.4246581040794832E-002
  -2.8530815352995790E-002
  -3.3572014685122810E-002
  -3.9503918002431131E-002
  -4.6483891854063535E-002
  -5.4697104441070760E-002
  -6.4361437042133027E-002
  -7.5733263046174545E-002
  -8.9114247847511319E-002
 -0.10485934992913326     
 -0.12338623531087239     
 -0.14518635501597532     
 -0.17083797930553710     
 -0.20102153431438111     
 -0.23653764776976069     
 -0.27832838230408674     
 -0.32750221938893836     
 -0.38536345636034153     
 -0.45344679601081817     
 -0.53355804589364197     
 -0.62782200646845021     
 -0.73873881780864625     
 -0.86925025884194229     
  -1.0228177569500865     
  -1.2035141762061592     
  -1.4161318178066225     
  -1.6663094960425093     
  -1.9606820588413119     
  -2.3070563169013845     
  -2.7146180455038271     
  -3.1941755467772901     
  -3.7584462293395848     
  -4.4223938025318699     
  -5.2036250241172217     
  -6.1228565188924993     
  -7.2044640429958031     
  -8.4771287540032905     
  -9.9745976181117282     
  -11.736578110934978     
  -13.809790927872942     
  -16.249208607963748     
  -19.119512902582294     
  -22.496809517871988     
  -26.470645681017103     
  -31.146384006128930     
  -36.647995578290441     
  -43.121346284387421     
  -50.738063491129459     
  -59.700085550484360     
  -70.245014708115391     
  -82.652415280765183     
  -97.251224017959444     
  -114.42846903557957     
  -134.63952838461185     
  -158.42020011640918     
  -186.40090370696410     
  -219.32338917867415     
  -258.06039670505317     
  -303.63878766210746     
  -357.26676007070381     
  -420.36586959384817     
  -494.60870457816657     
  -581.96321343286706     
  -684.74485889031496     
  -805.67798105878330     
  -947.96799515280782     
  -1115.3863368323134     
  -1312.3704058014853     
  -1544.1411556574690     
  -1816.8414454616679     
  -2137.6988185145151     
  -2515.2170209155761     
  -2959.4013338234136     
  -3482.0236890575920     
  -4096.9345915314098     
  -4820.4301118784151     
  -5671.6836713747134     
  -6673.2540574942414     
  -7851.6831276159792     
  -9238.1990340023603     
  -10869.543598096814     
  -12788.945750458070     
  -15047.266821334959     
  -17704.348018431479     
  -20830.595783341014     
  -24508.847018234839     
  -28836.563586492251     
  -33928.414211316238     
  -39919.312155885164     
  -46967.989138890262     
  -55261.200139982437     
  -65018.670456680709     
  -76498.916030008666     
  -90006.091180914460     
  -105898.04510561575     
  -124595.80048565558     
  -146594.70522501678     
  -172477.55262901526     
  -202930.01746067751     
  -238758.81662966328     
  -280913.07540974993     
  -330509.46495310316     
  -388861.77671965072     
  -457515.71691089106     
  -538289.84219883499     
  -633323.72063055588     
  -745134.59287054522     
  -876684.03397959599     
  -1031456.3806764402     
  -1213551.0004939330     
  -1427790.8456686144     
  -1679850.1656888591     
  -1976404.7595814450     
  -2325308.7456610426     
  -2735802.5283917347     
  -3218757.4677898362     
  -3786963.7282859157     
  -4455468.9268693859     
  -5241976.5449051326     
  -6167314.6498180544     
  -7255987.3337444682     
  -8536823.4654899091     
  -10043739.927638438     
  -11816639.540575875     
  -13902467.439687155     
  -16356453.865377329     
  -19243576.258794907     
  -22640279.359725803     
  -26636498.830620073     
  -31338041.962742418     
  -36869388.469493695     
  -43376985.488010295     
  -51033123.987282678     
  -60040499.165185198     
  -70637575.514941454     
  -83104898.532409981     
  -97772520.082356721     
  -115028733.90711464     
  -135330352.42410672     
  -159214796.73648614     
  -187314319.75219804     
  -220372738.73990151     
  -259265120.03799671     
  -305020936.73132718     
  -358851311.98449081     
  -422181068.80090535     
  -496686434.12118387     
  -584339394.74543393     
  -687459878.51725960     
  -808777141.19555604     
  -951501982.93727362     
  -1119411704.7591207     
  -1316950052.3131230     
  -1549344790.7102609     
  -1822746020.4395599     
  -2144388892.9868665     
  -2522785030.0622592     
  -2967947709.4594078     
  -3491656773.5647140     
  -4107770267.0183306     
  -4832591045.7759991     
  -5685298053.5000763     
  -6688453671.2508821     
  -7868600558.0626497     
  -9256963766.3502388     
  -10890276699.757921     
  -12811752755.614689     
  -15072228346.159992     
  -17731507523.970203     
  -20859943767.321671     
  -24540300751.461082     
  -28869941307.647232     
  -33963402448.329868     
  -39955424543.259575     
  -47004514737.426224     
  -55297138824.807625     
  -65052652405.217941     
  -76529101694.123871     
  -90030047343.589127     
  -105912591674.00461     
  -124596821525.54250     
  -146576916355.88931     
  -172434215225.48776     
  -202852588086.26801     
  -238636517692.70233     
  -280732370094.15027     
  -330253415937.70422     
  -388509263937.57422     
  -457040484469.39581     
  -537659338406.26306     
  -632497687651.31726     
  -744063353601.58191     
  -875306413012.89490     
  -1029697183323.3521     
  -1211317958369.1379     
  -1424970918751.0002     
  -1676305068478.9661     
  -1971965552225.6428     
  -2319769298832.5352     
  -2728911632257.2769     
  -3210209309292.9668     
  -3776386405741.9277     
  -4442410604701.1045     
  -5225888772109.9150     
  -6147532270886.9424     
  -7231704307199.0781     
  -8507063769313.8252     
  -10007322568303.246     
  -11772136487900.449     
  -13848153077220.244     
  -16290244267957.756     
  -19162956276592.590     
  -22542215090869.551     
  -26517332589915.871     
  -31193366287002.223     
  -36693895022773.172     
  -43164283921307.711     
  -50775524841605.430     
  -59728753754105.172     
  -70260564346796.359     
  -82649258190225.703     
  -97222196520207.359     
  -114364447784060.30     
  -134528959308466.78     
  -158248521687567.72     
  -186149841820758.56     
  -218970096200000.09     
  -257576401525540.31     
  -302988716744808.88     
  -356406781194341.19     
  -419241800069397.38     
  -493153713762010.06     
  -580095035002330.62     
  -682362411099613.88     
  -802657272482320.75     
  -944157168561670.12     
  -1110599674017177.2     
  -1306381080368448.5     
  -1536672477907666.5     
  -1807556292016352.2     
  -2126186877685756.8     
  -2500979410942654.5     
  -2941832062599302.5     
  -3460387317995336.0     
  -4070339339346821.0     
  -4787795482209623.0     
  -5631701506445055.0     
  -6624341702632680.0     
  -7791927131432084.0     
  -9165287498081640.0     
  -10780684918346184.     
  -12680771047891654.     
  -14915712829073682.     
  -17544516557211618.     
  -20636585199873000.     
  -24273550055461508.     
  -28551425073718748.     
  -33583140671414656.     
  -39501523885904992.     
  -46462803481275312.     
  -54650732466828728.     
  -64281436770710888.     
  -75609117961757616.     
  -88932760435031392.     
  -1.0460401996468149E+017
  -1.2303650167994243E+017
  -1.4471667215740605E+017
  -1.7021669341084774E+017
  -2.0020951723452637E+017
  -2.3548663795259504E+017
  -2.7697897171672915E+017
  -3.2578141292345344E+017
  -3.8318171526421075E+017
  -4.5069445892959136E+017
  -5.3010099956862150E+017
  -6.2349645228762842E+017
  -7.3334494941585766E+017
  -8.6254462885284006E+017
  -1.0145040662915948E+018
  -1.1932321662394575E+018
  -1.4034438814812265E+018
  -1.6506845477924859E+018
  -1.9414761113040504E+018
  -2.2834891028650132E+018
  -2.6857448922497080E+018
  -3.1588535529751757E+018
  -3.7152936068575340E+018
  -4.3697410209533706E+018
  -5.1394561272701420E+018
  -6.0447386617658757E+018
  -7.1094629138853274E+018
  -8.3617070884608942E+018
  -9.8344934638217810E+018
  -1.1566658848762378E+019
  -1.3603878273478185E+019
  -1.5999868886063753E+019
  -1.8817805772961997E+019
  -2.2131987003834216E+019
  -2.6029791765649002E+019
  -3.0613983170181612E+019
  -3.6005416396791677E+019
  -4.2346223507270762E+019
  -4.9803558822724092E+019
  -5.8574003514301555E+019
  -6.8888745418674061E+019
  -8.1019670502357828E+019
  -9.5286526403580281E+019
  -1.1206534670811206E+020
  -1.3179835780923143E+020
  -1.5500562923526272E+020
  -1.8229877422809504E+020
  -2.1439706133054279E+020
  -2.5214636120956132E+020
  -2.9654142757615744E+020
  -3.4875209882497633E+020
  -4.1015411021596708E+020
  -4.8236532777222124E+020
  -5.6728835776443875E+020
  -6.6716065344727391E+020
  -7.8461343801984588E+020
  -9.2274099479186322E+020
  -1.0851821483505233E+021
  -1.2762160813169768E+021
  -1.5008750084916107E+021
  -1.7650766737349838E+021
  -2.0757801564802588E+021
  -2.4411690880384494E+021
  -2.8708670989658237E+021
  -3.3761911666744141E+021
  -3.9704495294760254E+021
  -4.6692920055706440E+021
  -5.4911219339429245E+021
  -6.4575805749542351E+021
  -7.5941167142212972E+021
  -8.9306564542537054E+021
  -1.0502390813185020E+022
  -1.2350701848031977E+022
  -1.4524251662682174E+022
  -1.7080262943982003E+022
  -2.0086024705439034E+022
  -2.3620662839514489E+022
  -2.7777222041868192E+022
  -3.2665113857181476E+022
  -3.8412995221424192E+022
  -4.5172153192548376E+022
  -5.3120484867921223E+022
  -6.2467177131936951E+022
  -7.3458209272178837E+022
  -8.6382823130462012E+022
  -1.0158113088419943E+023
  -1.1945306045173624E+023
  -1.4046887366788179E+023
  -1.6518153370608141E+023
  -1.9424124681696011E+023
  -2.2841256058546012E+023
  -2.6859446808079249E+023
  -3.1584404624877027E+023
  -3.7140424974847703E+023
  -4.3673659060257047E+023
  -5.1355956237897748E+023
  -6.0389381852085147E+023
  -7.1011529185282107E+023
  -8.3501765087186532E+023
  -9.8188573365564320E+023
  -1.1545818885263170E+024
  -1.3576474895607745E+024
  -1.5964222935343822E+024
  -1.8771847733828646E+024
  -2.2073171140598598E+024
  -2.5954992042091659E+024
  -3.0519367183515226E+024
  -3.5886292792800422E+024
  -4.2196857425472354E+024
  -4.9616948819136992E+024
  -5.8341612088638314E+024
  -6.8600173689244385E+024
  -8.0662265673913976E+024
  -9.4844908398937216E+024
  -1.1152083760973321E+025
  -1.3112829449380347E+025
  -1.5418253567713352E+025
  -1.8128936527036656E+025
  -2.1316104412519209E+025
  -2.5063499383064638E+025
  -2.9469578629858801E+025
  -3.4650099597965751E+025
  -4.0741159307504181E+025
  -4.7902767522135603E+025
  -5.6323047514801494E+025
  -6.6223174640855875E+025
  -7.7863182278343654E+025
  -9.1548787441261073E+025
  -1.0763941511026268E+026
  -1.2655763175708931E+026
  -1.4880023548754912E+026
  -1.7495129366124031E+026
  -2.0569746990224052E+026
  -2.4184604243120030E+026
  -2.8434608619778809E+026
  -3.3431337422113565E+026
  -3.9305965102685770E+026
  -4.6212704565537295E+026
  -5.4332852640843146E+026
  -6.3879545782605123E+026
  -7.5103350649016989E+026
  -8.8298836100696656E+026
  -1.0381229886542567E+027
  -1.2205084534252213E+027
  -1.4349306754670155E+027
  -1.6870159295018924E+027
  -1.9833783706593205E+027
  -2.3317934530864999E+027
  -2.7414017848403535E+027
  -3.2229487596422097E+027
  -3.7890662429538693E+027
  -4.4546036910236215E+027
  -5.2370173758634075E+027
  -6.1568279104141431E+027
  -7.2381580562309084E+027
  -8.5093648976443444E+027
  -1.0003782936497612E+028
  -1.1760597564822230E+028
  -1.3825871785125441E+028
  -1.6253753058546365E+028
  -1.9107891874864967E+028
  -2.2463109178459507E+028
  -2.6407356295642770E+028
  -3.1044018661581349E+028
  -3.6494623639255410E+028
  -4.2902023293736172E+028
  -5.0434135408718069E+028
  -5.9288340633415230E+028
  -6.9696650808166266E+028
  -8.1931783684772069E+028
  -9.6314302959644247E+028
  -1.1322101039348612E+029
  -1.3309480952813656E+029
  -1.5645629898449841E+029
  -1.8391739854002040E+029
  -2.1619736432085706E+029
  -2.5414161189022936E+029
  -2.9874383940126564E+029
  -3.5117202922585617E+029
  -4.1279900782243069E+029
  -4.8523836271091362E+029
  -5.7038665539148817E+029
  -6.7047303352854255E+029
  -7.8811753901516777E+029
  -9.2639963568114009E+029
  -1.0889387473357404E+030
  -1.2799889105107427E+030
  -1.5045500148721234E+030
  -1.7684985374174142E+030
  -2.0787411855678455E+030
  -2.4433954623763969E+030
  -2.8720018699035565E+030
  -3.3757732926903546E+030
  -3.9678880737182649E+030
  -4.6638344355907969E+030
  -5.4818152396315282E+030
  -6.4432236500983296E+030
  -7.5732021208042166E+030
  -8.9012992953309281E+030
  -1.0462241966375335E+031
  -1.2296842241142883E+031
  -1.4453063586299373E+031
  -1.6987273569691041E+031
  -1.9965715984788838E+031
  -2.3466240764426514E+031
  -2.7580336811878837E+031
  -3.2415520774711303E+031
  -3.8098144065773951E+031
  -4.4776691337808707E+031
  -5.2625656427224443E+031
  -6.1850096832112408E+031
  -7.2690985471254175E+031
  -8.5431499244907606E+031
  -1.0040440832516074E+032
  -1.1800075877871271E+032
  -1.3868007481414871E+032
  -1.6298234652555460E+032
  -1.9154211550423965E+032
  -2.2510502531984532E+032
  -2.6454726805194840E+032
  -3.1089843345234553E+032
  -3.6536835589697155E+032
  -4.2937865834772859E+032
  -5.0459981479345696E+032
  -5.9299469625336119E+032
  -6.9686973413780067E+032
  -8.1893503295459018E+032
  -9.6237499717347978E+032
  -1.1309313105660242E+033
  -1.3290004276273626E+033
  -1.5617481141055556E+033
  -1.8352440170148004E+033
  -2.1566197653036730E+033
  -2.5342547141105028E+033
  -2.9779941641468593E+033
  -3.4994057318603547E+033
  -4.1120805375477752E+033
  -4.8319870432499772E+033
  -5.6778867402812624E+033
  -6.6718224931205168E+033
  -7.8396922338031778E+033
  -9.2119229178570125E+033
  -1.0824262256714184E+034
  -1.2718708799928023E+034
  -1.4944604532720767E+034
  -1.7559918373511593E+034
  -2.0632753911482797E+034
  -2.4243120544363328E+034
  -2.8485014012260118E+034
  -3.3468860351655881E+034
  -3.9324386722596324E+034
  -4.6203993635837751E+034
  -5.4286716112109402E+034
  -6.3782876579432623E+034
  -7.4939550252081902E+034
  -8.8046984800622700E+034
  -1.0344614086176856E+035
  -1.2153754898980140E+035
  -1.4279171276975155E+035
  -1.6776132787913195E+035
  -1.9709563393618669E+035
  -2.3155727122525344E+035
  -2.7204207927275726E+035
  -3.1960235043811704E+035
  -3.7547414115208996E+035
  -4.4110934849329309E+035
  -5.1821338315684229E+035
  -6.0878941472478729E+035
  -7.1519033523855948E+035
  -8.4017978679247201E+035
  -9.8700383337231608E+035
  -1.1594751325095552E+036
  -1.3620717856181856E+036
  -1.6000534254731184E+036
  -1.8795975449725519E+036
  -2.2079595946024445E+036
  -2.5936609903889540E+036
  -3.0467098954318038E+036
  -3.5788604849603850E+036
  -4.2039173990810813E+036
  -4.9380932546203409E+036
  -5.8004284577996918E+036
  -6.8132841682205657E+036
  -8.0029211532393786E+036
  -9.4001794889287915E+036
  -1.1041276666553819E+037
  -1.2968744718864252E+037
  -1.5232530567181331E+037
  -1.7891288000560884E+037
  -2.1013894640602207E+037
  -2.4681233046909414E+037
  -2.8988281928043210E+037
  -3.4046571416174116E+037
  -3.9987065746109798E+037
  -4.6963547692133683E+037
  -5.5156592042229049E+037
  -6.4778230560949514E+037
  -7.6077428699233930E+037
  -8.9346515209258814E+037
  -1.0492873035170941E+038
  -1.2322708717143135E+038
  -1.4471477410429544E+038
  -1.6994736683036825E+038
  -1.9957716382352516E+038
  -2.3437001465918526E+038
  -2.7522507423044926E+038
  -3.2319799123179896E+038
  -3.7952812752654277E+038
  -4.4567050858116220E+038
  -5.2333332668011415E+038
  -6.1452196124144292E+038
  -7.2159064788864427E+038
  -8.4730312428167583E+038
  -9.9490381109534142E+038
  -1.1682013568517024E+039
  -1.3716666924798826E+039
  -1.6105481136031448E+039
  -1.8910063451539471E+039
  -2.2202730551528253E+039
  -2.6068368854460328E+039
  -3.0606617722325271E+039
  -3.5934431563295369E+039
  -4.2189086534458399E+039
  -4.9531708930205141E+039
  -5.8151415694886400E+039
  -6.8270173162178074E+039
  -8.0148498497669759E+039
  -9.4092149873961295E+039
  -1.1045997668832791E+040
  -1.2967313078592390E+040
  -1.5222587443182662E+040
  -1.7869826156858337E+040
  -2.0977101674069590E+040
  -2.4624299218113600E+040
  -2.8905164936495088E+040
  -3.3929708851480044E+040
  -3.9827024005485019E+040
  -4.6748593815291587E+040
  -5.4872172096252133E+040
  -6.4406334813747132E+040
  -7.5595819734693361E+040
  -8.8727790221212995E+040
  -1.0413918294075323E+041
  -1.2222532685871056E+041
  -1.4345005323035900E+041
  -1.6835755423832194E+041
  -1.9758629239065780E+041
  -2.3188531492874139E+041
  -2.7213338861295653E+041
  -3.1936144190397685E+041
  -3.7477888554998758E+041
  -4.3980448104872286E+041
  -5.1610254186541003E+041
  -6.0562538756850729E+041
  -7.1066312960970253E+041
  -8.3390205332427137E+041
  -9.7849307855027330E+041
  -1.1481320365518593E+042
  -1.3471538001164510E+042
  -1.5806426543137033E+042
  -1.8545617062833571E+042
  -2.1759046138988946E+042
  -2.5528734773446224E+042
  -2.9950873987291452E+042
  -3.5138269894493657E+042
  -4.1223210125696418E+042
  -4.8360824107713955E+042
  -5.6733022161354116E+042
  -6.6553112973783463E+042
  -7.8071216097498890E+042
  -9.1580606154285139E+042
  -1.0742514888064491E+043
  -1.2600801662799070E+043
  -1.4780190311343446E+043
  -1.7336099490954339E+043
  -2.0333500130531752E+043
  -2.3848559586771119E+043
  -2.7970568357281134E+043
  -3.2804197826747582E+043
  -3.8472145823191587E+043
  -4.5118236480802174E+043
  -5.2911052285534242E+043
  -6.2048189502588507E+043
  -7.2761243782047098E+043
  -8.5321650997580801E+043
  -1.0004752974627978E+044
  -1.1731169695518341E+044
  -1.3755105732178690E+044
  -1.6127760158656409E+044
  -1.8909128874310235E+044
  -2.2169513422713370E+044
  -2.5991288104874747E+044
  -3.0470969509771418E+044
  -3.5721640104470741E+044
  -4.1875786323368781E+044
  -4.9088621887818064E+044
  -5.7541979126761833E+044
  -6.7448865151741514E+044
  -7.9058796211494627E+044
  -9.2664042816274597E+044
  -1.0860694075200473E+045
  -1.2728844945088624E+045
  -1.4917816999234021E+045
  -1.7482607102870432E+045
  -2.0487621304287302E+045
  -2.4008281057657014E+045
  -2.8132902961687794E+045
  -3.2964898459466182E+045
  -3.8625347806571669E+045
  -4.5256011802141630E+045
  -5.3022855513699101E+045
  -6.2120170771099360E+045
  -7.2775398861162105E+045
  -8.5254771976280785E+045
  -9.9869911970363724E+045
  -1.1698554833542584E+046
  -1.3702854459369515E+046
  -1.6049845415825193E+046
  -1.8797986391376593E+046
  -2.2015682719830932E+046
  -2.5782973856550417E+046
  -3.0193506188322600E+046
  -3.5356839239053381E+046
  -4.1401141393105456E+046
  -4.8476340662223423E+046
  -5.6757806993443589E+046
  -6.6450655413720710E+046
  -7.7794774234399415E+046
  -9.1070699946877621E+046
  -1.0660648073925011E+047
  -1.2478569422875687E+047
  -1.4605681259068672E+047
  -1.7094414041557962E+047
  -2.0006058809266840E+047
  -2.3412258716987552E+047
  -2.7396750499210654E+047
  -3.2057397514686084E+047
  -3.7508562921637065E+047
  -4.3883879563617918E+047
  -5.1339482493450542E+047
  -6.0057780941425906E+047
  -7.0251859192242399E+047
  -8.2170610560895874E+047
  -9.6104725784786236E+047
  -1.1239367706463439E+048
  -1.3143386213878287E+048
  -1.5368809968340327E+048
  -1.7969669859629133E+048
  -2.1009036004009139E+048
  -2.4560521329679489E+048
  -2.8710033544975956E+048
  -3.3557816173764696E+048
  -3.9220825935861632E+048
  -4.5835501397659308E+048
  -5.3560986684855522E+048
  -6.2582884325964877E+048
  -7.3117623201893285E+048
  -8.5417541366268404E+048
  -9.9776799464530469E+048
  -1.1653825895163383E+049
  -1.3610148067295322E+049
  -1.5893202407172120E+049
  -1.8557225582471951E+049
  -2.1665390966512307E+049
  -2.5291267718979940E+049
  -2.9520515332483988E+049
  -3.4452851070114698E+049
  -4.0204333545528861E+049
  -4.6910012403850242E+049
  -5.4727001775915554E+049
  -6.3838044044080598E+049
  -7.4455640637714965E+049
  -8.6826838254279469E+049
  -1.0123877228406325E+050
  -1.1802508453491834E+050
  -1.3757334986657302E+050
  -1.6033366634053446E+050
  -1.8682858629054794E+050
  -2.1766459167201192E+050
  -2.5354534654209042E+050
  -2.9528699297441671E+050
  -3.4383579457434631E+050
  -4.0028847451289235E+050
  -4.6591564314356637E+050
  -5.4218876432486134E+050
  -6.3081117006193638E+050
  -7.3375370050615429E+050
  -8.5329562116734434E+050
  -9.9207155177522985E+050
  -1.1531252318139481E+051
  -1.3399710463850992E+051
  -1.5566643424743825E+051
  -1.8078816792330425E+051
  -2.0990122752908880E+051
  -2.4362620393596359E+051
  -2.8267716943705247E+051
  -3.2787506256067847E+051
  -3.8016281933435507E+051
  -4.4062243415091020E+051
  -5.1049413936705998E+051
  -5.9119789397690098E+051
  -6.8435736594111082E+051
  -7.9182657707733210E+051
  -9.1571934993374193E+051
  -1.0584416476388140E+052
  -1.2227268235915613E+052
  -1.4116736891708496E+052
  -1.6287871528067239E+052
  -1.8780209676177816E+052
  -2.1638218275865424E+052
  -2.4911736480854212E+052
  -2.8656403217570477E+052
  -3.2934045112626803E+052
  -3.7812990687144950E+052
  -4.3368263824774088E+052
  -4.9681592469863230E+052
  -5.6841146011784200E+052
  -6.4940885165808312E+052
  -7.4079369140535924E+052
  -8.4357813547903887E+052
  -9.5877124982478936E+052
  -1.0873354933272288E+053
  -1.2301245386689366E+053
  -1.3877960888290776E+053
  -1.5606913111250448E+053
  -1.7486698191817038E+053
  -1.9508855686873171E+053
  -2.1654843026291741E+053
  -2.3891968911049779E+053
  -2.6167945259832249E+053
  -2.8403605288610175E+053
  -3.0483185334689327E+053
  -3.2241366911224773E+053
  -3.3446005605972140E+053
  -3.3775112125619185E+053
  -3.2786171675785550E+053
  -2.9875273299081689E+053
  -2.4222837046569406E+053
  -1.4722760011166494E+053
  -1.3369729618742423E+049
