   0.0000000000000000     
  -1.1011010049952404E-016
  -2.2189247107906936E-016
  -3.3704473382885630E-016
  -4.5731563905742590E-016
  -5.8453162050060458E-016
  -7.2062452868998399E-016
  -8.6766096354991855E-016
  -1.0278736515399648E-015
  -1.2036953436672955E-015
  -1.3977957489309370E-015
  -1.6131220638064938E-015
  -1.8529437129345462E-015
  -2.1209019800655341E-015
  -2.4210652825076044E-015
  -2.7579909279469066E-015
  -3.1367942908608479E-015
  -3.5632264583156076E-015
  -4.0437615234371701E-015
  -4.5856948512193451E-015
  -5.1972538078027730E-015
  -5.8877226334507770E-015
  -6.6675833540291303E-015
  -7.5486748691219272E-015
  -8.5443726306754361E-015
  -9.6697916384382520E-015
  -1.0942015832197256E-014
  -1.2380357361259362E-014
  -1.4006649664872346E-014
  -1.5845578810187919E-014
  -1.7925058114725262E-014
  -2.0276651736894958E-014
  -2.2936053660948979E-014
  -2.5943629342996662E-014
  -2.9345028235212247E-014
  -3.3191876480469554E-014
  -3.7542560285677372E-014
  -4.2463111857494642E-014
  -4.8028211339733733E-014
  -5.4322319951201488E-014
  -6.1440961512659925E-014
  -6.9492171802184144E-014
  -7.8598137723579095E-014
  -8.8897051151282859E-014
  -1.0054520557097980E-013
  -1.1371936731733611E-013
  -1.2861945737467882E-013
  -1.4547158441620663E-013
  -1.6453147508384842E-013
  -1.8608835353492820E-013
  -2.1046932909467959E-013
  -2.3804435855866044E-013
  -2.6923185840305785E-013
  -3.0450505201584133E-013
  -3.4439914820711146E-013
  -3.8951945986175634E-013
  -4.4055058585273646E-013
  -4.9826679545505726E-013
  -5.6354377273313324E-013
  -6.3737189899415658E-013
  -7.2087127471981919E-013
  -8.1530870876173418E-013
  -9.2211693241193103E-013
  -1.0429163296908781E-012
  -1.1795395133428950E-012
  -1.3340591191706926E-012
  -1.5088192401309752E-012
  -1.7064709767910052E-012
  -1.9300126431479841E-012
  -2.1828352373847441E-012
  -2.4687738669460522E-012
  -2.7921659075793044E-012
  -3.1579167780592710E-012
  -3.5715743277557380E-012
  -4.0394129647546211E-012
  -4.5685287998857051E-012
  -5.1669472489807620E-012
  -5.8437447245144888E-012
  -6.6091862613285809E-012
  -7.4748811626421224E-012
  -8.4539590256682964E-012
  -9.5612688150264930E-012
  -1.0813604001439733E-011
  -1.2229957178232213E-011
  -1.3831808014875453E-011
  -1.5643448912042045E-011
  -1.7692353293967340E-011
  -2.0009592120046946E-011
  -2.2630304928300025E-011
  -2.5594232549674670E-011
  -2.8946319566679545E-011
  -3.2737395646652383E-011
  -3.7024946075129116E-011
  -4.1873983166361445E-011
  -4.7358031756518417E-011
  -5.3560243713651326E-011
  -6.0574658353282472E-011
  -6.8507627859105491E-011
  -7.7479429308240105E-011
  -8.7626087727631825E-011
  -9.9101437805344564E-011
  -1.1207945549608512E-010
  -1.2675689484907850E-010
  -1.4335627001030612E-010
  -1.6212922758015094E-010
  -1.8336036042085065E-010
  -2.0737152069539541E-010
  -2.3452669748188178E-010
  -2.6523753285937293E-010
  -2.9996956003251203E-010
  -3.3924925799893781E-010
  -3.8367202963156530E-010
  -4.3391122403429055E-010
  -4.9072833984643244E-010
  -5.5498456405772129E-010
  -6.2765382112269188E-010
  -7.0983753003719227E-010
  -8.0278129290668212E-010
  -9.0789376778769273E-010
  -1.0267680116631020E-009
  -1.1612056168195403E-009
  -1.3132440061975816E-009
  -1.4851873011227995E-009
  -1.6796412289224166E-009
  -1.8995525991070917E-009
  -2.1482539459763643E-009
  -2.4295140137366024E-009
  -2.7475948486861327E-009
  -3.1073163630626163E-009
  -3.5141293482768988E-009
  -3.9741980431878144E-009
  -4.4944935077400263E-009
  -5.0828992158815080E-009
  -5.7483304666746582E-009
  -6.5008694217151714E-009
  -7.3519178135416296E-009
  -8.3143696372365754E-009
  -9.4028064399350187E-009
  -1.0633718165046822E-008
  -1.2025752894842069E-008
  -1.3599999272497140E-008
  -1.5380305879373169E-008
  -1.7393642402683326E-008
  -1.9670508061264967E-008
  -2.2245393472478354E-008
  -2.5157302952128701E-008
  -2.8450345153990739E-008
  -3.2174400989844412E-008
  -3.6385878940555271E-008
  -4.1148569191349327E-008
  -4.6534609520049302E-008
  -5.2625577558283556E-008
  -5.9513725958136248E-008
  -6.7303379159308305E-008
  -7.6112512897318783E-008
  -8.6074540358587210E-008
  -9.7340332015229662E-008
  -1.1008049970837588E-007
  -1.2448797954725425E-007
  -1.4078095271267812E-007
  -1.5920614836628496E-007
  -1.8004257864826081E-007
  -2.0360576228376600E-007
  -2.3025250071073876E-007
  -2.6038627900099274E-007
  -2.9446337329896394E-007
  -3.3299975719105182E-007
  -3.7657891150487862E-007
  -4.2586065570473292E-007
  -4.8159113450364505E-007
  -5.4461411078764586E-007
  -6.1588373570804000E-007
  -6.9647898914176731E-007
  -7.8762000898598927E-007
  -8.9068655632294480E-007
  -1.0072388957968422E-006
  -1.1390414070745300E-006
  -1.2880892845682213E-006
  -1.4566387293061157E-006
  -1.6472410896515220E-006
  -1.8627814672914680E-006
  -2.1065223724445990E-006
  -2.3821530885962887E-006
  -2.6938454934105256E-006
  -3.0463171800985680E-006
  -3.4449028339191949E-006
  -3.8956349433134893E-006
  -4.4053350663250615E-006
  -4.9817170325580414E-006
  -5.6335036413921707E-006
  -6.3705586212345877E-006
  -7.2040358453254024E-006
  -8.1465480605161405E-006
  -9.2123576804495177E-006
  -1.0417592528144046E-005
  -1.1780489790168742E-005
  -1.3321671871081352E-005
  -1.5064458319042957E-005
  -1.7035218538799360E-005
  -1.9263770624774864E-005
  -2.1783832344172821E-005
  -2.4633531088253344E-005
  -2.7855980501272347E-005
  -3.1499932504383299E-005
  -3.5620514571351594E-005
  -4.0280063401426037E-005
  -4.5549067591619524E-005
  -5.1507233557980932E-005
  -5.8244690818078089E-005
  -6.5863354852995054E-005
  -7.4478468148490284E-005
  -8.4220342707536588E-005
  -9.5236330370940248E-005
  -1.0769305072510158E-004
  -1.2177891026822652E-004
  -1.3770695090721516E-004
  -1.5571807083350933E-004
  -1.7608466645252732E-004
  -1.9911475040292512E-004
  -2.2515660789487017E-004
  -2.5460406172942411E-004
  -2.8790242555681964E-004
  -3.2555523532874802E-004
  -3.6813186065575018E-004
  -4.1627611107293957E-004
  -4.7071596724628672E-004
  -5.3227458414448366E-004
  -6.0188273241455455E-004
  -6.8059286592296142E-004
  -7.6959502798596509E-004
  -8.7023483658424166E-004
  -9.8403382025649992E-004
  -1.1127124118691131E-003
  -1.2582159475995115E-003
  -1.4227440638562281E-003
  -1.6087839361731498E-003
  -1.8191478621342582E-003
  -2.0570157559837358E-003
  -2.3259831967448368E-003
  -2.6301157555288965E-003
  -2.9740104225288761E-003
  -3.3628650613909124E-003
  -3.8025569398602846E-003
  -4.2997315226341783E-003
  -4.8619028672906408E-003
  -5.4975671393392269E-003
  -6.2163309604975825E-003
  -7.0290565282280703E-003
  -7.9480256977486601E-003
  -8.9871255039826268E-003
  -1.0162057924551366E-002
  -1.1490577050826735E-002
  -1.2992757247764473E-002
  -1.4691296350979936E-002
  -1.6611858478358228E-002
  -1.8783461631390577E-002
  -2.1238915937417269E-002
  -2.4015319148231913E-002
  -2.7154616874590656E-002
  -3.0704236013107997E-002
  -3.4717800926542620E-002
  -3.9255943187243063E-002
  -4.4387217105367666E-002
  -5.0189134859710625E-002
  -5.6749336853629130E-002
  -6.4166914958892138E-002
  -7.2553908617029358E-002
  -8.2036996375734625E-002
  -9.2759408386400663E-002
 -0.10488308872239088     
 -0.11859114014645714     
 -0.13409058821661402     
 -0.15161550643702759     
 -0.17143054960669851     
 -0.19383494867602946     
 -0.21916702738259200     
 -0.24780930880749580     
 -0.28019428889135634     
 -0.31681096400808467     
 -0.35821221106722145     
 -0.40502313147273000     
 -0.45795048480185385     
 -0.51779335450092123     
 -0.58545520647353078     
 -0.66195752244038708     
 -0.74845521369573176     
 -0.84625404773068313     
 -0.95683035054344101     
  -1.0818532817675690     
  -1.2232100185394910     
  -1.3830342278794314     
  -1.5637382569370790     
  -1.7680495265012546     
  -1.9990516765363064     
  -2.2602310841414890     
  -2.5555294553124503     
  -2.8894032834361716     
  -3.2668910709515315     
  -3.6936893276162373     
  -4.1762384910998334     
  -4.7218200651643114     
  -5.3386664397511687     
  -6.0360850484127990     
  -6.8245987345855683     
  -7.7161044424558014     
  -8.7240526242968741     
  -9.8636500683141026     
  -11.152089203925049     
  -12.608807340340471     
  -14.255779745302659     
  -16.117850980674366     
  -18.223109487929552     
  -20.603311068154962     
  -23.294357637738788     
  -26.336838473589069     
  -29.776642103025537     
  -33.665648057595398     
  -38.062508912994439     
  -43.033534397138681     
  -48.653690885697330     
  -55.007731342204956     
  -62.191472724375373     
  -70.313240099010898     
  -79.495499218359839     
  -89.876702148706187     
  -101.61337375008641     
  -114.88247043259572     
  -129.88404671434589     
  -146.84426974045289     
  -166.01882716120198     
  -187.69677968958123     
  -212.20491635279345     
  -239.91267801987121     
  -271.23772334197724     
  -306.65222091206618     
  -346.68996238178420     
  -391.95440363022414     
  -443.12775504730615     
  -500.98125778422087     
  -566.38680067204132     
  -640.33005268573265     
  -723.92530863780303     
  -818.43227156674379     
  -925.27502442790114     
  -1046.0634766367480     
  -1182.6176082520399     
  -1336.9948766789589     
  -1511.5211983529973     
  -1708.8259716493551     
  -1931.8816680586961     
  -2184.0485873921943     
  -2469.1254504600370     
  -2791.4065904757294     
  -3155.7466036935330     
  -3567.6334319802186     
  -4033.2709768412592     
  -4559.6724877718707     
  -5154.7661298392813     
  -5827.5143185596180     
  -6588.0486171632292     
  -7447.8222253573849     
  -8419.7823532115708     
  -9518.5650727826796     
  -10760.715578057901     
  -12164.937165799774     
  -13752.372681670044     
  -15546.922664073740     
  -17575.604969834490     
  -19868.961289373496     
  -22461.516663885141     
  -25392.298913668375     
  -28705.425787251323     
  -32450.768658761393     
  -36684.702751431025     
  -41470.955165467574     
  -46881.563458282217     
  -52997.959186338347     
  -59912.192695590442     
  -67728.317569834107     
  -76563.955545143166     
  -86552.065409946736     
  -97842.942474904601     
  -110606.47866057993     
  -125034.71716598375     
  -141344.74010614416     
  -159781.93250835792     
  -180623.67170978285     
  -204183.49758837276     
  -230815.82628073377     
  -260921.27820267121     
  -294952.70041348506     
  -333421.97379189811     
  -376907.70727631537     
  -426063.93474175158     
  -481629.94514005794     
  -544441.39354490349     
  -615442.85997357138     
  -695702.04459251347     
  -786425.81247880042     
  -888978.32887359522     
  -1004901.5572430064     
  -1135938.4279267765     
  -1284059.0252381384     
  -1451490.1861799536     
  -1640748.9551422696     
  -1854680.3968124953     
  -2096500.3349291449     
  -2369843.6584241842     
  -2678818.9200355695     
  -3028070.0468830899     
  -3422846.0892023998     
  -3869080.0540237823     
  -4373478.0068713063     
  -4943619.7785875881     
  -5588072.7884678869     
  -6316520.6916238647     
  -7139908.7808404658     
  -8070608.3244709382     
  -9122602.3059007376     
  -10311695.351056043     
  -11655750.993145918     
  -13174959.833743187     
  -14892142.622569090     
  -16833092.801891010     
  -19026963.653113749     
  -21506705.851805855     
  -24309561.993069146     
  -27477625.503149662     
  -31058472.318292335     
  -35105874.802512914     
  -39680608.608532071     
  -44851364.579045504     
  -50695779.359646775     
  -57301600.173645906     
  -64768001.219370246     
  -73207071.422391176     
  -82745495.842501000     
  -93526455.936599776     
  -105711777.15737122     
  -119484356.07280263     
  -135050903.37869054     
  -152645043.90793443     
  -172530820.08746156     
  -195006651.33606273     
  -220409808.72465929     
  -249121471.93673670     
  -281572444.28630722     
  -318249611.40425533     
  -359703240.33867615     
  -406555228.39739370     
  -459508425.27945304     
  -519357168.10967463     
  -586999187.14663827     
  -663449060.45125449     
  -749853418.98718083     
  -847508129.82242131     
  -957877714.70522308     
  -1082617294.7394524     
  -1223597389.6851120     
  -1382931943.1236286     
  -1563009992.9934800     
  -1766531461.5411103     
  -1996547600.3600099     
  -2256506695.8284106     
  -2550305718.9438872     
  -2882348692.4671812     
  -3257612648.7562919     
  -3681722165.1964679     
  -4161033592.4083066     
  -4702730235.3610106     
  -5314929911.2962761     
  -6006806493.4266415     
  -6788727258.4745636     
  -7672408092.3878765     
  -8671088875.5323658     
  -9799731670.3093414     
  -11075244674.979843     
  -12516735292.586226     
  -14145796098.996504     
  -15986827985.752581     
  -18067405308.920467     
  -20418688502.810509     
  -23075890326.627327     
  -26078802713.407303     
  -29472392095.964195     
  -33307472107.501842     
  -37641463710.330307     
  -42539254111.983932     
  -48074167303.468651     
  -54329060721.373444     
  -61397564419.034203     
  -69385481259.931015     
  -78412369050.773041     
  -88613328248.133743     
  -100141021941.55612     
  -113167958283.51538     
  -127889069454.20897     
  -144524625675.25174     
  -163323527786.97107     
  -184567027553.67252     
  -208572931244.19272     
  -235700349246.41568     
  -266355062621.67188     
  -300995586709.49310     
  -340140022292.21155     
  -384373796577.32764     
  -434358409528.46704     
  -490841316070.84381     
  -554667091637.82520     
  -626790047663.80042     
  -708288485250.14380     
  -800380799657.65967     
  -904443675874.25916     
  -1022032646681.6705     
  -1154905319863.9094     
  -1305047620987.3962     
  -1474703443130.3215     
  -1666408145716.2122     
  -1883026401969.4709     
  -2127794959312.6965     
  -2404370950231.2324     
  -2716886473829.0488     
  -3070010261722.2437     
  -3469017347452.1289     
  -3919867777819.1709     
  -4429295539215.4141     
  -5004909024169.7627     
  -5655304535180.3496     
  -6390194517047.1680     
  -7220552428223.0859     
  -8158776409433.3252     
  -9218874187655.7285     
  -10416671969667.047     
  -11770050436443.174     
  -13299211353061.555     
  -15026978764386.805     
  -16979139261497.404     
  -19184826385180.262     
  -21676954889519.262     
  -24492711330390.598     
  -27674108281571.602     
  -31268610427617.359     
  -35329841851718.742     
  -39918385044303.555     
  -45102683522112.148     
  -50960061488123.781     
  -57577875702904.156     
  -65054816703524.375     
  -73502378726343.938     
  -83046520197610.984     
  -93829539488227.922     
  -106012193828196.20     
  -119776092889659.27     
  -135326402628723.38     
  -152894899585900.66     
  -172743421051467.69     
  -195167762382495.50     
  -220502079399996.16     
  -249123861296044.53     
  -281459547953103.53     
  -317990875146728.31     
  -359262041910207.62     
  -405887806545731.88     
  -458562631552269.06     
  -518071013309802.44     
  -585299149943656.88     
  -661248120651865.25     
  -747048772207145.00     
  -843978533675316.88     
  -953480408999131.88     
  -1077184429404161.8     
  -1216931884070139.2     
  -1374802688717163.0     
  -1553146298291659.8     
  -1754616622490809.0     
  -1982211462214284.5     
  -2239317052057072.2     
  -2529758369648742.0     
  -2857855958122965.0     
  -3228490104531020.5     
  -3647173326022650.5     
  -4120132238719450.5     
  -4654400023220851.0     
  -5257920857666558.0     
  -5939667866553524.0     
  -6709776333691286.0     
  -7579694153736286.0     
  -8562351752015442.0     
  -9672353990604528.0     
  -10926196904128116.     
  -12342512476304780.     
  -13942345083304578.     
  -15749463698647238.     
  -17790714483571748.     
  -20096418984367184.     
  -22700823832895564.     
  -25642608608422984.     
  -28965459379154424.     
  -32718716413239300.     
  -36958105645817424.     
  -41746564727095104.     
  -47155175874753576.     
  -53264219332828048.     
  -60164363021847736.     
  -67958005977789680.     
  -76760795449958496.     
  -86703340093772384.     
  -97933144591446240.     
  -1.1061679430442467E+017
  -1.2494242225434666E+017
  -1.4112249489874725E+017
  -1.5939695787506474E+017
  -1.8003678820118352E+017
  -2.0334800542100243E+017
  -2.2967620095776262E+017
  -2.5941165258587053E+017
  -2.9299509956633613E+017
  -3.3092426373885069E+017
  -3.7376121286845536E+017
  -4.2214067496870170E+017
  -4.7677942634901562E+017
  -5.3848689196806426E+017
  -6.0817711455024090E+017
  -6.8688226910191616E+017
  -7.7576792224464870E+017
  -8.7615026149916442E+017
  -9.8951554868471309E+017
  -1.1175420843702481E+018
  -1.2621250073084631E+018
  -1.4254042945448305E+018
  -1.6097963750350630E+018
  -1.8180298228185866E+018
  -2.0531856558643471E+018
  -2.3187428345109550E+018
  -2.6186296299615688E+018
  -2.9572816196888996E+018
  -3.3397071641256852E+018
  -3.7715613290924237E+018
  -4.2592293426625818E+018
  -4.8099208154092012E+018
  -5.4317761112733102E+018
  -6.1339864349659976E+018
  -6.9269294034828800E+018
  -7.8223220969292124E+018
  -8.8333938407635108E+018
  -9.9750812615331082E+018
  -1.1264248485446648E+019
  -1.2719935718501892E+019
  -1.4363639863774194E+019
  -1.6219631301978505E+019
  -1.8315311492437031E+019
  -2.0681616650891534E+019
  -2.3353473436968210E+019
  -2.6370313347435082E+019
  -2.9776653372858229E+019
  -3.3622751447470273E+019
  -3.7965346319235154E+019
  -4.2868492705276494E+019
  -4.8404503995140358E+019
  -5.4655016341218312E+019
  -6.1712189755114897E+019
  -6.9680063836814041E+019
  -7.8676088029526278E+019
  -8.8832848850189369E+019
  -1.0030001943110345E+020
  -1.1324655996424801E+020
  -1.2786320131399708E+020
  -1.4436524820985841E+020
  -1.6299574310902507E+020
  -1.8402903709720989E+020
  -2.0777482015245071E+020
  -2.3458266981720601E+020
  -2.6484718490712028E+020
  -2.9901377944088766E+020
  -3.3758522162940851E+020
  -3.8112901365461103E+020
  -4.3028572025761065E+020
  -4.8577836802133059E+020
  -5.4842305287625841E+020
  -6.1914091100745027E+020
  -6.9897162825316866E+020
  -7.8908868555046689E+020
  -8.9081656332751418E+020
  -1.0056501563352111E+021
  -1.1352766826675502E+021
  -1.2816004071102937E+021
  -1.4467705400099193E+021
  -1.6332127191660967E+021
  -1.8436645344941664E+021
  -2.0812156141381739E+021
  -2.3493528571959124E+021
  -2.6520114732105282E+021
  -2.9936325731771729E+021
  -3.3792281522357225E+021
  -3.8144544118562829E+021
  -4.3056944907344082E+021
  -4.8601518105584583E+021
  -5.4859553972777680E+021
  -6.1922787127263819E+021
  -6.9894737279675888E+021
  -7.8892221913664439E+021
  -8.9047062943808944E+021
  -1.0050801220006753E+022
  -1.1344292376798845E+022
  -1.2804120480022069E+022
  -1.4451658045950335E+022
  -1.6311021321478478E+022
  -1.8409422185637916E+022
  -2.0777565139747337E+022
  -2.3450095157169055E+022
  -2.6466102901431257E+022
  -2.9869694653472963E+022
  -3.3710635226984188E+022
  -3.8045073208791901E+022
  -4.2936359054249350E+022
  -4.8455967912832652E+022
  -5.4684540576033881E+022
  -6.1713057650034545E+022
  -6.9644163984196578E+022
  -7.8593662560908591E+022
  -8.8692199504091678E+022
  -1.0008716462800536E+023
  -1.1294483506469069E+023
  -1.2745279302229206E+023
  -1.4382265268815858E+023
  -1.6229313575700987E+023
  -1.8313354009976504E+023
  -2.0664765176523642E+023
  -2.3317815690633084E+023
  -2.6311161743657881E+023
  -2.9688408235529030E+023
  -3.3498741584712188E+023
  -3.7797643359584520E+023
  -4.2647695040082284E+023
  -4.8119485531511478E+023
  -5.4292634532440972E+023
  -6.1256946526811521E+023
  -6.9113712050682138E+023
  -7.7977175003311419E+023
  -8.7976187160860655E+023
  -9.9256073743069667E+023
  -1.1198073691728671E+024
  -1.2633502754359139E+024
  -1.4252741931828336E+024
  -1.6079302381575100E+024
  -1.8139698982267225E+024
  -2.0463833587346735E+024
  -2.3085427111057608E+024
  -2.6042506659607729E+024
  -2.9377954709219708E+024
  -3.3140128221977693E+024
  -3.7383556592239188E+024
  -4.2169728445211447E+024
  -4.7567978581149839E+024
  -5.3656487791606364E+024
  -6.0523409888607319E+024
  -6.8268142106506628E+024
  -7.7002757085373180E+024
  -8.6853616953212105E+024
  -9.7963192624839522E+024
  -1.1049211436470539E+025
  -1.2462148296090782E+025
  -1.4055547457481507E+025
  -1.5852427651773871E+025
  -1.7878739592224069E+025
  -2.0163738858761759E+025
  -2.2740406126198634E+025
  -2.5645920736173745E+025
  -2.8922194371809202E+025
  -3.2616472448721714E+025
  -3.6782011798539781E+025
  -4.1478844304984879E+025
  -4.6774637373162214E+025
  -5.2745663487164534E+025
  -5.9477892658767972E+025
  -6.7068223312666193E+025
  -7.5625869115850301E+025
  -8.5273921467969234E+025
  -9.6151109856825218E+025
  -1.0841378508348042E+026
  -1.2223815351405396E+026
  -1.3782279406436633E+026
  -1.5539149361885902E+026
  -1.7519644108261794E+026
  -1.9752182532778274E+026
  -2.2268788799391362E+026
  -2.5105548851563626E+026
  -2.8303124596964955E+026
  -3.1907333045769303E+026
  -3.5969798588561886E+026
  -4.0548687628871428E+026
  -4.5709535943315122E+026
  -5.1526180445403941E+026
  -5.8081808495320207E+026
  -6.5470139547821544E+026
  -7.3796755786750377E+026
  -8.3180600483191095E+026
  -9.3755665164068407E+026
  -1.0567288932147013E+027
  -1.1910229936679215E+027
  -1.3423541687906927E+027
  -1.5128796995979769E+027
  -1.7050294573912749E+027
  -1.9215402683889290E+027
  -2.1654945995217253E+027
  -2.4403641072066050E+027
  -2.7500586586293756E+027
  -3.0989815112184174E+027
  -3.4920914216214097E+027
  -3.9349725517809621E+027
  -4.4339131479626139E+027
  -4.9959940903025559E+027
  -5.6291885472778628E+027
  -6.3424741233293218E+027
  -7.1459590607864261E+027
  -8.0510242516145424E+027
  -9.0704830329741014E+027
  -1.0218760986124614E+028
  -1.1512098234161081E+028
  -1.2968777044184874E+028
  -1.4609377887992690E+028
  -1.6457067506938229E+028
  -1.8537922966581741E+028
  -2.0881296181040976E+028
  -2.3520223942267832E+028
  -2.6491889113287651E+028
  -2.9838139345155555E+028
  -3.3606070464433146E+028
  -3.7848682561943860E+028
  -4.2625617806286834E+028
  -4.8003990120380280E+028
  -5.4059318111082644E+028
  -6.0876574047431677E+028
  -6.8551363261001240E+028
  -7.7191250113329616E+028
  -8.6917248663888943E+028
  -9.7865498404059369E+028
  -1.1018914792764945E+029
  -1.2406047221983898E+029
  -1.3967325240118451E+029
  -1.5724545030316082E+029
  -1.7702221422326211E+029
  -1.9927925666319975E+029
  -2.2432664985171659E+029
  -2.5251309045950724E+029
  -2.8423069120103884E+029
  -3.1992036406881378E+029
  -3.6007786785171105E+029
  -4.0526060145333080E+029
  -4.5609523446383099E+029
  -5.1328627757832990E+029
  -5.7762570794057467E+029
  -6.5000377848330728E+029
  -7.3142115601670833E+029
  -8.2300255038483169E+029
  -9.2601201669215068E+029
  -1.0418701346497980E+030
  -1.1721732937848971E+030
  -1.3187153409106176E+030
  -1.4835118772200331E+030
  -1.6688275270352721E+030
  -1.8772065390522280E+030
  -2.1115071243585050E+030
  -2.3749399841132158E+030
  -2.6711115341697228E+030
  -3.0040723947746715E+030
  -3.3783717815450391E+030
  -3.7991185100527665E+030
  -4.2720494114738712E+030
  -4.8036060519332402E+030
  -5.4010207545645332E+030
  -6.0724130422064943E+030
  -6.8268977515193787E+030
  -7.6747062177388353E+030
  -8.6273220950813421E+030
  -9.6976335629684671E+030
  -1.0900103874963024E+031
  -1.2250962438072027E+031
  -1.3768418867606089E+031
  -1.5472902750132284E+031
  -1.7387332167592154E+031
  -1.9537414393123070E+031
  -2.1951982567673236E+031
  -2.4663372610743156E+031
  -2.7707845113622058E+031
  -3.1126057514968161E+031
  -3.4963592472762478E+031
  -3.9271549030468318E+031
  -4.4107203936304228E+031
  -4.9534751321342347E+031
  -5.5626129884013035E+031
  -6.2461947775831629E+031
  -7.0132516547123597E+031
  -7.8739006804724791E+031
  -8.8394739669849155E+031
  -9.9226629718701081E+031
  -1.1137679685761036E+032
  -1.2500436654676160E+032
  -1.4028747996201573E+032
  -1.5742553809482819E+032
  -1.7664170645986524E+032
  -1.9818571003483558E+032
  -2.2233695132590246E+032
  -2.4940798806598362E+032
  -2.7974841104616869E+032
  -3.1374916698916211E+032
  -3.5184737623792453E+032
  -3.9453170039558813E+032
  -4.4234832096066616E+032
  -4.9590759650446129E+032
  -5.5589147308887964E+032
  -6.2306173047971054E+032
  -6.9826915533362067E+032
  -7.8246374199104521E+032
  -8.7670603185971907E+032
  -9.8217971369591954E+032
  -1.1002056194566097E+033
  -1.2322572638820048E+033
  -1.3799780906526864E+033
  -1.5452006039270703E+033
  -1.7299675813820862E+033
  -1.9365555836284940E+033
  -2.1675009951244680E+033
  -2.4256288535322845E+033
  -2.7140847479088549E+033
  -3.0363700912334043E+033
  -3.3963810995783774E+033
  -3.7984518387219901E+033
  -4.2474017291506745E+033
  -4.7485879321351143E+033
  -5.3079630727623295E+033
  -5.9321387902834558E+033
  -6.6284556416295050E+033
  -7.4050599200970120E+033
  -8.2709879875359525E+033
  -9.2362587542646847E+033
  -1.0311974975597780E+034
  -1.1510434066299316E+034
  -1.2845249163208806E+034
  -1.4331481190166378E+034
  -1.5985782696257204E+034
  -1.7826554245931366E+034
  -1.9874114134835601E+034
  -2.2150882184688861E+034
  -2.4681578329962813E+034
  -2.7493436643312733E+034
  -3.0616435349395468E+034
  -3.4083543240388872E+034
  -3.7930982722155352E+034
  -4.2198509476733797E+034
  -4.6929708411719838E+034
  -5.2172305164576893E+034
  -5.7978491921455572E+034
  -6.4405265673530571E+034
  -7.1514776242755598E+034
  -7.9374680431755149E+034
  -8.8058497451721734E+034
  -9.7645959312851011E+034
  -1.0822334807059959E+035
  -1.1988380964419863E+035
  -1.3272763128545176E+035
  -1.4686246658528207E+035
  -1.6240348805463655E+035
  -1.7947344267605847E+035
  -1.9820258023814275E+035
  -2.1872841755254169E+035
  -2.4119529359106259E+035
  -2.6575366090359194E+035
  -2.9255904706785414E+035
  -3.2177060599682044E+035
  -3.5354916222835952E+035
  -3.8805463128908397E+035
  -4.2544267518938135E+035
  -4.6586042325735151E+035
  -5.0944105387116870E+035
  -5.5629699100577023E+035
  -6.0651141941367741E+035
  -6.6012776193280742E+035
  -7.1713668968068136E+035
  -7.7746014808646221E+035
  -8.4093177554985932E+035
  -9.0727296295695692E+035
  -9.7606364633339677E+035
  -1.0467067353894516E+036
  -1.1183848499293449E+036
  -1.1900077545012288E+036
  -1.2601485373363681E+036
  -1.3269661576806627E+036
  -1.3881114674524284E+036
  -1.4406131755273002E+036
  -1.4807394369318939E+036
  -1.5038297791738378E+036
  -1.5040908809241002E+036
  -1.4743482456405512E+036
  -1.4057440190686866E+036
  -1.2873690791684150E+036
  -1.1058152669565920E+036
  -8.4463239849687520E+035
  -4.8368317867964499E+035
  -4.3923240718289237E+031
