   0.0000000000000000     
  -1.1011010049952404E-016
  -2.2176947119841508E-016
  -3.3654913568000029E-016
  -4.5606396963871229E-016
  -5.8199541923618782E-016
  -7.1611515460827009E-016
  -8.6030999122503105E-016
  -1.0166084296109074E-015
  -1.1872091866659638E-015
  -1.3745121198113470E-015
  -1.5811519788051300E-015
  -1.8100354598112277E-015
  -2.0643820827120827E-015
  -2.3477694663872959E-015
  -2.6641836384902168E-015
  -3.0180750870110443E-015
  -3.4144213416123659E-015
  -3.8587969644950384E-015
  -4.3574519346882464E-015
  -4.9173995276205974E-015
  -5.5465149252765101E-015
  -6.2536459430488797E-015
  -7.0487374296837361E-015
  -7.9429710888677830E-015
  -8.9489226877349332E-015
  -1.0080738861907872E-014
  -1.1354336002078136E-014
  -1.2787624017431756E-014
  -1.4400758120806493E-014
  -1.6216422174231947E-014
  -1.8260147576986770E-014
  -2.0560672177737902E-014
  -2.3150344254720232E-014
  -2.6065577241172134E-014
  -2.9347361586257000E-014
  -3.3041840944489575E-014
  -3.7200960790523760E-014
  -4.1883198573741325E-014
  -4.7154385672700978E-014
  -5.3088632699255102E-014
  -5.9769371154131796E-014
  -6.7290526070405422E-014
  -7.5757836121497285E-014
  -8.5290339742003733E-014
  -9.6022048141835614E-014
  -1.0810382871962448E-013
  -1.2170552533697559E-013
  -1.3701834524243386E-013
  -1.5425754617969943E-013
  -1.7366546143128423E-013
  -1.9551490529565051E-013
  -2.2011300683957225E-013
  -2.4780552578304542E-013
  -2.7898171114601062E-013
  -3.1407977090952672E-013
  -3.5359302952588605E-013
  -3.9807685977298597E-013
  -4.4815648632370350E-013
  -5.0453577064375980E-013
  -5.6800710061348252E-013
  -6.3946252378347766E-013
  -7.1990628063930976E-013
  -8.1046891391106265E-013
  -9.1242315209610320E-013
  -1.0272017902782209E-012
  -1.1564178193732998E-012
  -1.3018870865045248E-012
  -1.4656538047520321E-012
  -1.6500192705317709E-012
  -1.8575741918977891E-012
  -2.0912350817633711E-012
  -2.3542852271110769E-012
  -2.6504208095108996E-012
  -2.9838028245911986E-012
  -3.3591155295239281E-012
  -3.7816322392366330E-012
  -4.2572893952350333E-012
  -4.7927699470597008E-012
  -5.3955972171383036E-012
  -6.0742405669658493E-012
  -6.8382343482147044E-012
  -7.6983118088687037E-012
  -8.6665558344084789E-012
  -9.7565686403941183E-012
  -1.0983662798812565E-011
  -1.2365076280013418E-011
  -1.3920214529150284E-011
  -1.5670922975504893E-011
  -1.7641793800222574E-011
  -1.9860511268823431E-011
  -2.2358240476119974E-011
  -2.5170064960463259E-011
  -2.8335479330103988E-011
  -3.1898943816514808E-011
  -3.5910508538606905E-011
  -4.0426516240079726E-011
  -4.5510393363392496E-011
  -5.1233540563487642E-011
  -5.7676335159819985E-011
  -6.4929259596025670E-011
  -7.3094171744735030E-011
  -8.2285734885397029E-011
  -9.2633027423456132E-011
  -1.0428135494123385E-010
  -1.1739429000978762E-010
  -1.3215596838667032E-010
  -1.4877367382171245E-010
  -1.6748074774214864E-010
  -1.8853986464639952E-010
  -2.1224671916652223E-010
  -2.3893417653471219E-010
  -2.6897694469026840E-010
  -3.0279683358129037E-010
  -3.4086867545267927E-010
  -3.8372698918427606E-010
  -4.3197348218020914E-010
  -4.8628549505909489E-010
  -5.4742550761937419E-010
  -6.1625183944020526E-010
  -6.9373069523469289E-010
  -7.8094972393375239E-010
  -8.7913328171003262E-010
  -9.8965961304972558E-010
  -1.1140801908808174E-009
  -1.2541414870465282E-009
  -1.4118094784968499E-009
  -1.5892972329370422E-009
  -1.7890959608575255E-009
  -2.0140099694801950E-009
  -2.2671960088732051E-009
  -2.5522075620767049E-009
  -2.8730447004092101E-009
  -3.2342102031599852E-009
  -3.6407727287108014E-009
  -4.0984379230018550E-009
  -4.6136284625472709E-009
  -5.1935741544752588E-009
  -5.8464133570722694E-009
  -6.5813071430256472E-009
  -7.4085678062095083E-009
  -8.3398035139475596E-009
  -9.3880811330323250E-009
  -1.0568109512554604E-008
  -1.1896445793370181E-008
  -1.3391727636821206E-008
  -1.5074934628660402E-008
  -1.6969682523088340E-008
  -1.9102554452137541E-008
  -2.1503473743771974E-008
  -2.4206123575276248E-008
  -2.7248419344956088E-008
  -3.0673040384058151E-008
  -3.4528028462493878E-008
  -3.8867461478070886E-008
  -4.3752211772609997E-008
  -4.9250799704317684E-008
  -5.5440354440705789E-008
  -6.2407695438902977E-008
  -7.0250549771432137E-008
  -7.9078922359125477E-008
  -8.9016638315476858E-008
  -1.0020307901840065E-007
  -1.1279513623985572E-007
  -1.2696941171912230E-007
  -1.4292469300447719E-007
  -1.6088474025876527E-007
  -1.8110142308111775E-007
  -2.0385825130083821E-007
  -2.2947434921893285E-007
  -2.5830892898519928E-007
  -2.9076632579120020E-007
  -3.2730166542974670E-007
  -3.6842724362990926E-007
  -4.1471970654709269E-007
  -4.6682813300996530E-007
  -5.2548313175714326E-007
  -5.9150708111334988E-007
  -6.6582565455633890E-007
  -7.4948079363621765E-007
  -8.4364530998006423E-007
  -9.4963932093070593E-007
  -1.0689487490485881E-006
  -1.2032461446093365E-006
  -1.3544141227614562E-006
  -1.5245717436240546E-006
  -1.7161042048159707E-006
  -1.9316962622921686E-006
  -2.1743698475698493E-006
  -2.4475264081862307E-006
  -2.7549945643646706E-006
  -3.1010837493013960E-006
  -3.4906445842632634E-006
  -3.9291368339801623E-006
  -4.4227058939434856E-006
  -4.9782688806696075E-006
  -5.6036115304261221E-006
  -6.3074972632297739E-006
  -7.0997899392260149E-006
  -7.9915920262336264E-006
  -8.9954001129658893E-006
  -1.0125279945240699E-005
  -1.1397063435762759E-005
  -1.2828570405624955E-005
  -1.4439858161835916E-005
  -1.6253502404779524E-005
  -1.8294913397999879E-005
  -2.0592691826216071E-005
  -2.3179029322908440E-005
  -2.6090159273951649E-005
  -2.9366864207343728E-005
  -3.3055046870935919E-005
  -3.7206372991280470E-005
  -4.1878994709748707E-005
  -4.7138364820956791E-005
  -5.3058153209061302E-005
  -5.9721278307418391E-005
  -6.7221068016437235E-005
  -7.5662566325705713E-005
  -8.5164003924952445E-005
  -9.5858453382639635E-005
  -1.0789569205303662E-004
  -1.2144429877860731E-004
  -1.3669401372509002E-004
  -1.5385839436748218E-004
  -1.7317780478772786E-004
  -1.9492278010716351E-004
  -2.1939781312388149E-004
  -2.4694561613048397E-004
  -2.7795191753376996E-004
  -3.1285086037763474E-004
  -3.5213107828842169E-004
  -3.9634253383581897E-004
  -4.4610421496456206E-004
  -5.0211279715171907E-004
  -5.6515239244891297E-004
  -6.3610552176722316E-004
  -7.1596546386712076E-004
  -8.0585015376567542E-004
  -9.0701782493744331E-004
  -1.0208846140666687E-003
  -1.1490443745473930E-003
  -1.2932909758082178E-003
  -1.4556434002912927E-003
  -1.6383739890261945E-003
  -1.8440402307552182E-003
  -2.0755205391021943E-003
  -2.3360545180243571E-003
  -2.6292882785248850E-003
  -2.9593254402089961E-003
  -3.3307845307252453E-003
  -3.7488635855560115E-003
  -4.2194128512561451E-003
  -4.7490166084922011E-003
  -5.3450852586885075E-003
  -6.0159589615207320E-003
  -6.7710242719161116E-003
  -7.6208454068764191E-003
  -8.5773119768723614E-003
  -9.6538052466212387E-003
  -1.0865385248966585E-002
  -1.2229001366944416E-002
  -1.3763729327014619E-002
  -1.5491037915436613E-002
  -1.7435089145027907E-002
  -1.9623076066861329E-002
  -2.2085602947355804E-002
  -2.4857113123039835E-002
  -2.7976370511278163E-002
  -3.1487001504749854E-002
  -3.5438104820912156E-002
  -3.9884937826854636E-002
  -4.4889688928091503E-002
  -5.0522346811867173E-002
  -5.6861678688239430E-002
  -6.3996331194436581E-002
  -7.2026069341006860E-002
  -8.1063170805997647E-002
  -9.1233995052724309E-002
 -0.10268074918788678     
 -0.11556347522393656     
 -0.13006228650102167     
 -0.14637988450268244     
 -0.16474439121428103     
 -0.18541253657854420     
 -0.20867324556005443     
 -0.23485167490920147     
 -0.26431375599384466     
 -0.29747130713130970     
 -0.33478778680291449     
 -0.37678476807887801     
 -0.42404922464800887     
 -0.47724173017441296     
 -0.53710568545061121     
 -0.60447770216072072     
 -0.68029928820878627     
 -0.76562999773109008     
 -0.86166222935062631     
 -0.96973787923195465     
  -1.0913670813760945     
  -1.2282492967188889     
  -1.3822970453684817     
  -1.5556626131951701     
  -1.7507681054841222     
  -1.9703392670568551     
  -2.2174435408120026     
  -2.4955328957623055     
  -2.8084920221772345     
  -3.1606925663066585     
  -3.5570541614042006     
  -4.0031131065635810     
  -4.5050996515487460     
  -5.0700249658256080     
  -5.7057790050627544     
  -6.4212406403427158     
  -7.2264015863325337     
  -8.1325058570853237     
  -9.1522066946650362     
  -10.299743159421594     
  -11.591138844888150     
  -13.044425488746013     
  -14.679894598403854     
  -16.520380600302243     
  -18.591579461523512     
  -20.922407226782841     
  -23.545403470288129     
  -26.497185288034323     
  -29.818958160563536     
  -33.557090808888105     
  -37.763762058179921     
  -42.497688727398426     
  -47.824944692238617     
  -53.819882539354595     
  -60.566170659448460     
  -68.157960235416397     
  -76.701198391712538     
  -86.315105807630076     
  -97.133839388662892     
  -109.30836316840330     
  -123.00855351444993     
  -138.42556797592874     
  -155.77451078291179     
  -175.29743214037740     
  -197.26670310891228     
  -221.98881309583240     
  -249.80864286660318     
  -281.11427260930401     
  -316.34239203656796     
  -355.98438789364945     
  -400.59319367469504     
  -450.79099696319156     
  -507.27791175463085     
  -570.84173655581765     
  -642.36893417291503     
  -722.85698610958570     
  -813.42829363409487     
  -915.34581910621409     
  -1030.0306853807385     
  -1159.0819783613854     
  -1304.2990284459174     
  -1467.7064811070666     
  -1651.5825056741141     
  -1858.4905350567024     
  -2091.3149782930109     
  -2353.3014030922104     
  -2648.1017477448650     
  -2979.8251917596967     
  -3353.0953933238366     
  -3773.1148902712157     
  -4245.7375609116225     
  -4777.5501532068020     
  -5375.9640169386266     
  -6049.3183154515255     
  -6806.9961532398947     
  -7659.5552353107860     
  -8618.8748763797648     
  -9698.3214053625379     
  -10912.934266467233     
  -12279.635406027222     
  -13817.464858041902     
  -15547.845805712586     
  -17494.882806134428     
  -19685.697326427966     
  -22150.805258371671     
  -24924.541662236890     
  -28045.538647136360     
  -31557.263033898016     
  -35508.621277527571     
  -39954.640061269158     
  -44957.232026098478     
  -50586.057282794543     
  -56919.492684967758     
  -64045.722339058797     
  -72063.964512161823     
  -81085.851993958102     
  -91236.985101392507     
  -102658.67891358542     
  -115509.92902315277     
  -129969.62312606745     
  -146239.02918758016     
  -164544.59476393240     
  -185141.09638196984     
  -208315.18274128551     
  -234389.36097367795     
  -263726.48134840344     
  -296734.78273433232     
  -333873.56891773880     
  -375659.59463511535     
  -422674.25003565697     
  -475571.64337462734     
  -535087.69421050232     
  -602050.36340858659     
  -677391.16203632939     
  -762158.09898972150     
  -857530.24716219329     
  -964834.13043431437     
  -1085562.1590359067     
  -1221393.3692623731     
  -1374216.7555083330     
  -1546157.5185574754     
  -1739606.5945366859     
  -1957253.8744659910     
  -2202125.5755448360     
  -2477626.2829194516     
  -2787586.2454741132     
  -3136314.5820789989     
  -3528659.1367193842     
  -3970073.8131613368     
  -4466694.3235559911     
  -5025423.4020855501     
  -5654026.6660263417     
  -6361240.4542663768     
  -7156893.1394127058     
  -8052041.5964583782     
  -9059124.7211382948     
  -10192136.127498547     
  -11466818.420109482     
  -12900881.735451296     
  -14514249.583434734     
  -16329335.398447653     
  -18371353.634980589     
  -20668669.721675415     
  -23253193.726189420     
  -26160823.189028878     
  -29431941.265867330     
  -33111977.084256206     
  -37252036.082667649     
  -41909609.069412529     
  -47149369.829569906     
  -53044072.334741391     
  -59675559.990177907     
  -67135900.905711994     
  -75528664.922434866     
  -84970360.090337440     
  -95592048.500345334     
  -107541163.85787061     
  -120983555.97853068     
  -136105790.52868691     
  -153117735.86738911     
  -172255472.82104859     
  -193784567.69266802     
  -218003753.83554864     
  -245249072.77659363     
  -275898532.23482299     
  -310377345.53443646     
  -349163824.95760375     
  -392796010.63133854     
  -441879126.72040033     
  -497093968.14483052     
  -559206333.91465390     
  -629077637.65336943     
  -707676842.16617763     
  -796093883.22345054     
  -895554768.32776654     
  -1007438559.3984560     
  -1133296474.3610556     
  -1274873371.9301820     
  -1434131916.8278449     
  -1613279759.7401931     
  -1814800107.9959500     
  -2041486109.8248584     
  -2296479527.7715707     
  -2583314236.1273789     
  -2905965143.9175072     
  -3268903219.9657073     
  -3677157380.8857112     
  -4136384097.6845098     
  -4652945683.3143101     
  -5233998343.4501572     
  -5887591207.6535769     
  -6622777709.7702980     
  -7449740856.9949360     
  -8379934118.8706741     
  -9426239883.2238102     
  -10603147668.637062     
  -11926954555.887814     
  -13415990607.580515     
  -15090872390.216942     
  -16974788100.931192     
  -19093818237.417744     
  -21477296240.215046     
  -24158214088.238300     
  -27173678448.887432     
  -30565423681.741791     
  -34380388779.406967     
  -38671366211.312408     
  -43497731628.328606     
  -48926264501.647392     
  -55032071023.818596     
  -61899622010.440903     
  -69623920127.195511     
  -78311812550.534286     
  -88083467175.955048     
  -99074032743.032455     
  -111435505782.28065     
  -125338830140.41455     
  -140976258046.91180     
  -158564005290.09149     
  -178345237124.84622     
  -200593426092.48785     
  -225616128058.62305     
  -253759228538.09702     
  -285411717856.12897     
  -321011060980.96478     
  -361049236055.92987     
  -406079524870.36981     
  -456724148866.32220     
  -513682855923.30951     
  -577742576257.53516     
  -649788280494.04236     
  -730815189523.47998     
  -821942504366.58289     
  -924428845195.14954     
  -1039689612185.8201     
  -1169316507335.6787     
  -1315099486110.1423     
  -1479051441232.4441     
  -1663435958519.6892     
  -1870798526939.4875     
  -2104001632584.1584     
  -2366264219689.2285     
  -2661206061893.2173     
  -2992897654471.4355     
  -3365916314205.0630     
  -3785409258910.6274     
  -4257164534626.0415     
  -4787690766345.0244     
  -5384306829492.8799     
  -6055242675708.0498     
  -6809752699806.8994     
  -7658243207167.5283     
  -8612415734536.6387     
  -9685428195099.8691     
  -10892076063548.439     
  -12248996092182.188     
  -13774895358586.660     
  -15490808793353.586     
  -17420388727450.361     
  -19590230438546.961     
  -22030238169905.516     
  -24774036651103.238     
  -27859433774508.676     
  -31328940783623.820     
  -35230357118761.391     
  -39617427952861.727     
  -44550583447721.680     
  -50097769882170.969     
  -56335384064144.844     
  -63349323855425.266     
  -71236169230454.375     
  -80104510080867.438     
  -90076438989753.062     
  -101289229461668.89     
  -113897222637077.52     
  -128073948377911.86     
  -144014509823534.25     
  -161938264127367.84     
  -182091836143345.19     
  -204752506393547.69     
  -230232019776390.88     
  -258880867238559.34     
  -291093099112411.38     
  -327311736102317.88     
  -368034852087899.12     
  -413822412111226.50     
  -465303959254466.62     
  -523187255735426.62     
  -588267996609760.12     
  -661440729148625.75     
  -743711127459835.38     
  -836209790464295.50     
  -940207752181024.12     
  -1057133916697728.0     
  -1188594656529596.8     
  -1336395842655894.2     
  -1502567607775847.8     
  -1689392181695961.8     
  -1899435179760023.2     
  -2135580772433615.2     
  -2401071217200653.0     
  -2699551293543661.5     
  -3035118248775055.0     
  -3412377937776869.0     
  -3836507924317472.0     
  -4313328406698956.5     
  -4849381937343780.0     
  -5452023026009715.0     
  -6129518851264114.0     
  -6891162456489801.0     
  -7747399977100838.0     
  -8709973637137197.0     
  -9792082468590132.0     
  -11008562948613874.     
  -12376092021495262.     
  -13913415277578574.     
  -15641603404432388.     
  -17584340411066318.     
  -19768247559201448.     
  -22223247422360744.     
  -24982973040493388.     
  -28085227752415496.     
  -31572501978893236.     
  -35492554005097960.     
  -39899062682969744.     
  -44852360953580840.     
  -50420260190200248.     
  -56678976599372784.     
  -63714172306734080.     
  -71622125315350576.     
  -80511044278292368.     
  -90502545997722384.     
  -1.0173331577675813E+017
  -1.1435697323777192E+017
  -1.2854616901538539E+017
  -1.4449494087208518E+017
  -1.6242136131171974E+017
  -1.8257051272895098E+017
  -2.0521783058475392E+017
  -2.3067286009961830E+017
  -2.5928347757498646E+017
  -2.9144063376578765E+017
  -3.2758368381820634E+017
  -3.6820637625309242E+017
  -4.1386358242455251E+017
  -4.6517885793641030E+017
  -5.2285293879246957E+017
  -5.8767328774268134E+017
  -6.6052482053806963E+017
  -7.4240195781537293E+017
  -8.3442216631434573E+017
  -9.3784117332967411E+017
  -1.0540700609886079E+018
  -1.1846944724313605E+018
  -1.3314961905985339E+018
  -1.4964773824850719E+018
  -1.6818878378379269E+018
  -1.8902555718425403E+018
  -2.1244212069092078E+018
  -2.3875765998495652E+018
  -2.6833082382166221E+018
  -3.0156459941446804E+018
  -3.3891178965392174E+018
  -3.8088116639094835E+018
  -4.2804438316065761E+018
  -4.8104374099603139E+018
  -5.4060091251842898E+018
  -6.0752674244948777E+018
  -6.8273225724126812E+018
  -7.6724103286443366E+018
  -8.6220308814797507E+018
  -9.6891049167560684E+018
  -1.0888148933909826E+019
  -1.2235472180577849E+019
  -1.3749397869113489E+019
  -1.5450511666184360E+019
  -1.7361940814719625E+019
  -1.9509667660828570E+019
  -2.1922881822474314E+019
  -2.4634375757895221E+019
  -2.7680989077024870E+019
  -3.1104107596331016E+019
  -3.4950223875400638E+019
  -3.9271566802148598E+019
  -4.4126808723843678E+019
  -4.9581859665711768E+019
  -5.5710759351705190E+019
  -6.2596679058851144E+019
  -7.0333046815066440E+019
  -7.9024811110271418E+019
  -8.8789860154297844E+019
  -9.9760615807434818E+019
  -1.1208582365851736E+020
  -1.2593256336269340E+020
  -1.4148850631170803E+020
  -1.5896445103334713E+020
  -1.7859717044805409E+020
  -2.0065260929958832E+020
  -2.2542947477894008E+020
  -2.5326326863942536E+020
  -2.8453081502649103E+020
  -3.1965534489744762E+020
  -3.5911220537294710E+020
  -4.0343527074324139E+020
  -4.5322414125997110E+020
  -5.0915222640398198E+020
  -5.7197582117232299E+020
  -6.4254429723122257E+020
  -7.2181154571382017E+020
  -8.1084882520078287E+020
  -9.1085918723194657E+020
  -1.0231936728083358E+021
  -1.1493694970374331E+021
  -1.2910904656657824E+021
  -1.4502698970857422E+021
  -1.6290563568944512E+021
  -1.8298625496681522E+021
  -2.0553977547936262E+021
  -2.3087042405310409E+021
  -2.5931981435978635E+021
  -2.9127153611669221E+021
  -3.2715630690544737E+021
  -3.6745775549238010E+021
  -4.1271891395419518E+021
  -4.6354950536185150E+021
  -5.2063412437782899E+021
  -5.8474142001793084E+021
  -6.5673440317596280E+021
  -7.3758201648479553E+021
  -8.2837212088865506E+021
  -9.3032607215130782E+021
  -1.0448150816724076E+022
  -1.1733785797092356E+022
  -1.3177448257169467E+022
  -1.4798540403788036E+022
  -1.6618843673930502E+022
  -1.8662810106571400E+022
  -2.0957889346387529E+022
  -2.3534895630023108E+022
  -2.6428419635927943E+022
  -2.9677290673644398E+022
  -3.3325095355638744E+022
  -3.7420759643139347E+022
  -4.2019201996806343E+022
  -4.7182066304457260E+022
  -5.2978544313887571E+022
  -5.9486298482932066E+022
  -6.6792497486866302E+022
  -7.4994978112484785E+022
  -8.4203548938259837E+022
  -9.4541453072790295E+022
  -1.0614700932384893E+023
  -1.1917545352525553E+023
  -1.3380100438938665E+023
  -1.5021918121395622E+023
  -1.6864940409150990E+023
  -1.8933791099229300E+023
  -2.1256103026443829E+023
  -2.3862885177430315E+023
  -2.6788934515537510E+023
  -3.0073297951492177E+023
  -3.3759790554021188E+023
  -3.7897576833662971E+023
  -4.2541822761466262E+023
  -4.7754427112945302E+023
  -5.3604841768626529E+023
  -6.0170991769324241E+023
  -6.7540307232092730E+023
  -7.5810880698614723E+023
  -8.5092765130635909E+023
  -9.5509429608266545E+023
  -1.0719939185042634E+024
  -1.2031804898915566E+024
  -1.3503973062091631E+024
  -1.5156000106190583E+024
  -1.7009824098838740E+024
  -1.9090054228916727E+024
  -2.1424295404274866E+024
  -2.4043512210911471E+024
  -2.6982436995461252E+024
  -3.0280027407416637E+024
  -3.3979979381208779E+024
  -3.8131302259397245E+024
  -4.2788963566038282E+024
  -4.8014611844209644E+024
  -5.3877386985294534E+024
  -6.0454828612983810E+024
  -6.7833894356613722E+024
  -7.6112101272720784E+024
  -8.5398805268814337E+024
  -9.5816635169762179E+024
  -1.0750310006770661E+025
  -1.2061239083664939E+025
  -1.3531739920137401E+025
  -1.5181198055922479E+025
  -1.7031348989824946E+025
  -1.9106562367639869E+025
  -2.1434160446868523E+025
  -2.4044774960257001E+025
  -2.6972746994244082E+025
  -3.0256575051460140E+025
  -3.3939417085483937E+025
  -3.8069652988983405E+025
  -4.2701514791912302E+025
  -4.7895792694415004E+025
  -5.3720626030474100E+025
  -6.0252389345380980E+025
  -6.7576684986525730E+025
  -7.5789454968112454E+025
  -8.4998226393338085E+025
  -9.5323506421470537E+025
  -1.0690034467352170E+026
  -1.1988008310274433E+026
  -1.3443231574170706E+026
  -1.5074708340607644E+026
  -1.6903733141981470E+026
  -1.8954166176455404E+026
  -2.1252741478906463E+026
  -2.3829411978949262E+026
  -2.6717735843934975E+026
  -2.9955309026808962E+026
  -3.3584249522328598E+026
  -3.7651739487626583E+026
  -4.2210632112530367E+026
  -4.7320130940431254E+026
  -5.3046550251901720E+026
  -5.9464166141921100E+026
  -6.6656169060025414E+026
  -7.4715729854940054E+026
  -8.3747192786896655E+026
  -9.3867410559299664E+026
  -1.0520723819612639E+027
  -1.1791320457409855E+027
  -1.3214938263343137E+027
  -1.4809948176481680E+027
  -1.6596918863329983E+027
  -1.8598878578539103E+027
  -2.0841608083150151E+027
  -2.3353968284325439E+027
  -2.6168266690085892E+027
  -2.9320667252127804E+027
  -3.2851648705104471E+027
  -3.6806517108252403E+027
  -4.1235978962074571E+027
  -4.6196782016934025E+027
  -5.1752431720737067E+027
  -5.7973992179277551E+027
  -6.4940981536276022E+027
  -7.2742372832923725E+027
  -8.1477712692462554E+027
  -9.1258371609160137E+027
  -1.0220894121984652E+028
  -1.1446879571873002E+028
  -1.2819383656337283E+028
  -1.4355844183468733E+028
  -1.6075764408240384E+028
  -1.8000956323833206E+028
  -2.0155812424474574E+028
  -2.2567609245976150E+028
  -2.5266846370496121E+028
  -2.8287625005638972E+028
  -3.1668070719689691E+028
  -3.5450805439939305E+028
  -3.9683474405663320E+028
  -4.4419334417986009E+028
  -4.9717910452947142E+028
  -5.5645728509725276E+028
  -6.2277133462190695E+028
  -6.9695201678763411E+028
  -7.7992759284016686E+028
  -8.7273518167865839E+028
  -9.7653343218098223E+028
  -1.0926166577446682E+029
  -1.2224305999421634E+029
  -1.3675900069812760E+029
  -1.5298982335328347E+029
  -1.7113690916623861E+029
  -1.9142512083292975E+029
  -2.1410551734688207E+029
  -2.3945837943527787E+029
  -2.6779658070659739E+029
  -2.9946934349057115E+029
  -3.3486642267159310E+029
  -3.7442276560514089E+029
  -4.1862370151219975E+029
  -4.6801071962319679E+029
  -5.2318790184984522E+029
  -5.8482908296577757E+029
  -6.5368581924644784E+029
  -7.3059625533400162E+029
  -8.1649498883965172E+029
  -9.1242404296874728E+029
  -1.0195450693552284E+030
  -1.1391529164351364E+030
  -1.2726907131962828E+030
  -1.4217666341471826E+030
  -1.5881725289990260E+030
  -1.7739046200088001E+030
  -1.9811864913623589E+030
  -2.2124946185707105E+030
  -2.4705867118140124E+030
  -2.7585331757152471E+030
  -3.0797520193962272E+030
  -3.4380475851176042E+030
  -3.8376535016061755E+030
  -4.2832803096210024E+030
  -4.7801682527188809E+030
  -5.3341457758845083E+030
  -5.9516943290469194E+030
  -6.6400201318877242E+030
  -7.4071336211545429E+030
  -8.2619373723400458E+030
  -9.2143233645054189E+030
  -1.0275280540664081E+031
  -1.1457013706955449E+031
  -1.2773074912294938E+031
  -1.4238508556751423E+031
  -1.5870011592037077E+031
  -1.7686110301640738E+031
  -1.9707355281710946E+031
  -2.1956536387172477E+031
  -2.4458919561054132E+031
  -2.7242507628847146E+031
  -3.0338327314025575E+031
  -3.3780744915623828E+031
  -3.7607813283784493E+031
  -4.1861652934037219E+031
  -4.6588870355041162E+031
  -5.1841016786564561E+031
  -5.7675090973105796E+031
  -6.4154089631776715E+031
  -7.1347609608239241E+031
  -7.9332505928210993E+031
  -8.8193610180018774E+031
  -9.8024513880460215E+031
  -1.0892842167509501E+032
  -1.2101907939671481E+032
  -1.3442178214194836E+032
  -1.4927446761333335E+032
  -1.6572889999767511E+032
  -1.8395194959293573E+032
  -2.0412697323338055E+032
  -2.2645530027000815E+032
  -2.5115782840901869E+032
  -2.7847673305776700E+032
  -3.0867729293069535E+032
  -3.4204983347412564E+032
  -3.7891178811559154E+032
  -4.1960987535606473E+032
  -4.6452238721375563E+032
  -5.1406158139186622E+032
  -5.6867616565658986E+032
  -6.2885385813047918E+032
  -6.9512400135866824E+032
  -7.6806020088938691E+032
  -8.4828295048782023E+032
  -9.3646219569341727E+032
  -1.0333197749053149E+033
  -1.1396316621500728E+033
  -1.2562299176930110E+033
  -1.3840042311603152E+033
  -1.5239029162091574E+033
  -1.6769331852694922E+033
  -1.8441604966022164E+033
  -2.0267067228338831E+033
  -2.2257468390101464E+033
  -2.4425037676077575E+033
  -2.6782409461424411E+033
  -2.9342520979760822E+033
  -3.2118475862538705E+033
  -3.5123366117332785E+033
  -3.8370043742066907E+033
  -4.1870831502271383E+033
  -4.5637160421047152E+033
  -4.9679119188974700E+033
  -5.4004897924932763E+033
  -5.8620105426200695E+033
  -6.3526935138245684E+033
  -6.8723150432015246E+033
  -7.4200854255559457E+033
  -7.9945001653555957E+033
  -8.5931605812168097E+033
  -9.2125578931831807E+033
  -9.8478138045658312E+033
  -1.0492369250626135E+034
  -1.1137611379447200E+034
  -1.1772426899053572E+034
  -1.2382667599372073E+034
  -1.2950511052215716E+034
  -1.3453696101797240E+034
  -1.3864608653308775E+034
  -1.4149188290791615E+034
  -1.4265620219649030E+034
  -1.4162769716301721E+034
  -1.3778307450175806E+034
  -1.3036463559947777E+034
  -1.1845336401052761E+034
  -1.0093670100927875E+034
  -7.6470124258960685E+033
  -4.3432351416773564E+033
  -3.9440892516377569E+029
