   0.0000000000000000     
  -1.1011010049952404E-016
  -2.2343429304987419E-016
  -3.4328044277926642E-016
  -4.7314673611149042E-016
  -6.1682378539678436E-016
  -7.7850526599460704E-016
  -9.6291031481940809E-016
  -1.1754212625085990E-015
  -1.4222407187655775E-015
  -1.7105725951217909E-015
  -2.0488323478250554E-015
  -2.4468925761745801E-015
  -2.9163711432620052E-015
  -3.4709702268412523E-015
  -4.1268761941386353E-015
  -4.9032319691865710E-015
  -5.8226956764997781E-015
  -6.9121018623256851E-015
  -8.2032445877376514E-015
  -9.7338052438234475E-015
  -1.1548452161898561E-014
  -1.3700144104240336E-014
  -1.6251675669534840E-014
  -1.9277509705603268E-014
  -2.2865950195951107E-014
  -2.7121719020562800E-014
  -3.2169011774955406E-014
  -3.8155121808574009E-014
  -4.5254738221915466E-014
  -5.3675043224942369E-014
  -6.3661757581023442E-014
  -7.5506310521159247E-014
  -8.9554343319539622E-014
  -1.0621579463055349E-013
  -1.2597686183427262E-013
  -1.4941418736832900E-013
  -1.7721168393555818E-013
  -2.1018048946231412E-013
  -2.4928263398768387E-013
  -2.9565910895235227E-013
  -3.5066315778636626E-013
  -4.1589975901381978E-013
  -4.9327245374258835E-013
  -5.8503888365812104E-013
  -6.9387665974142461E-013
  -8.2296148329456339E-013
  -9.7605979827255392E-013
  -1.1576386778136069E-012
  -1.3729961505943718E-012
  -1.6284157688767350E-012
  -1.9313499272486119E-012
  -2.2906372797181284E-012
  -2.7167605974596530E-012
  -3.2221525891414739E-012
  -3.8215586047940683E-012
  -4.5324668034089730E-012
  -5.3756183322840304E-012
  -6.3756123999438053E-012
  -7.5616238923304699E-012
  -8.9682544646050592E-012
  -1.0636541934058960E-011
  -1.2615157416852556E-011
  -1.4961825127228943E-011
  -1.7745006252195009E-011
  -2.1045896016817930E-011
  -2.4960792189872568E-011
  -2.9603904112986323E-011
  -3.5110684184594417E-011
  -4.1641778967624600E-011
  -4.9387715161237007E-011
  -5.8574457109149175E-011
  -6.9469997935074664E-011
  -8.2392176540819850E-011
  -9.7717948453675690E-011
  -1.1589438090943961E-010
  -1.3745169284210158E-010
  -1.6301872008723846E-010
  -1.9334125683246281E-010
  -2.2930380822721667E-010
  -2.7195538854164108E-010
  -3.2254011724085498E-010
  -3.8253350525679090E-010
  -4.5368548967448988E-010
  -5.3807147184180823E-010
  -6.3815284729886962E-010
  -7.5684879271132466E-010
  -8.9762140324993015E-010
  -1.0645766631591745E-009
  -1.2625841939503553E-009
  -1.4974192722009701E-009
  -1.7759312583068377E-009
  -2.1062433476487947E-009
  -2.4979894689552050E-009
  -2.9625952377929572E-009
  -3.5136111576822817E-009
  -4.1671077847555657E-009
  -4.9421443785818275E-009
  -5.8613247044292697E-009
  -6.9514561933046557E-009
  -8.2443316796709271E-009
  -9.7776565106583707E-009
  -1.1596148059039415E-008
  -1.3752839698794486E-008
  -1.6310627263291652E-008
  -1.9344103075716299E-008
  -2.2941731025509590E-008
  -2.7208426107613916E-008
  -3.2268613633129906E-008
  -3.8269857304301843E-008
  -4.5387161931215068E-008
  -5.3828076235648432E-008
  -6.3838744512496733E-008
  -7.5711083580972770E-008
  -8.9791294262733958E-008
  -1.0648995552838018E-007
  -1.2629399559144101E-007
  -1.4978088894484299E-007
  -1.7763549322377171E-007
  -2.1067001673217954E-007
  -2.4984769873091155E-007
  -2.9631089281350790E-007
  -3.5141437204567045E-007
  -4.1676482675708691E-007
  -4.9426770638617887E-007
  -5.8618277085051856E-007
  -6.9518997078736188E-007
  -8.2446757707907161E-007
  -9.7778483712175753E-007
  -1.1596118587180789E-006
  -1.3752499246170798E-006
  -1.6309860362194778E-006
  -1.9342761911707694E-006
  -2.2939627370578411E-006
  -2.7205321366143565E-006
  -3.2264206576700010E-006
  -3.8263768978731951E-006
  -4.5378917106812008E-006
  -5.3817080635174590E-006
  -6.3824256885885516E-006
  -7.5692181495185315E-006
  -8.9766832232019400E-006
  -1.0645851381568793E-005
  -1.2625381765511873E-005
  -1.4972980507310503E-005
  -1.7757082737714489E-005
  -2.1058847298241325E-005
  -2.4974522292100602E-005
  -2.9618250414023505E-005
  -3.5125395815030288E-005
  -4.1656489456233487E-005
  -4.9401907928976742E-005
  -5.8587422092086509E-005
  -6.9480777223513608E-005
  -8.2399496441660724E-005
  -9.7720134796994767E-005
  -1.1588925370566710E-004
  -1.3743643552538486E-004
  -1.6298971752016922E-004
  -1.9329389495683743E-004
  -2.2923222667588922E-004
  -2.7185217561853789E-004
  -3.2239593435814674E-004
  -3.8233662510338138E-004
  -4.5342122897359889E-004
  -5.3772149541090957E-004
  -6.3769431509966897E-004
  -7.5625331548616565E-004
  -8.9685376496108046E-004
  -1.0635932595097987E-003
  -1.2613311254460057E-003
  -1.4958300171165082E-003
  -1.7739238350835719E-003
  -2.1037168570908643E-003
  -2.4948198834364821E-003
  -2.9586302766987809E-003
  -3.5086640544974828E-003
  -4.1609497103708938E-003
  -4.9344952360789937E-003
  -5.8518419510791694E-003
  -6.9397212736776182E-003
  -8.2298335670888557E-003
  -9.7597717496796348E-003
  -1.1574116575604573E-002
  -1.3725735492678521E-002
  -1.6277322914319093E-002
  -1.9303226774440633E-002
  -2.2891614573091457E-002
  -2.7147042009261525E-002
  -3.2193499023639410E-002
  -3.8178021979674362E-002
  -4.5274977201070314E-002
  -5.3691140638025769E-002
  -6.3671721622594615E-002
  -7.5507506170751998E-002
  -8.9543327895860725E-002
 -0.10618811326479591     
 -0.12592679377998628     
 -0.14933443204328972     
 -0.17709297313425179     
 -0.21001110919342003     
 -0.24904783576738448     
 -0.29534038598615087     
 -0.35023735613594031     
 -0.41533798737384769     
 -0.49253874760704974     
 -0.58408857014842230     
 -0.69265435785238538     
 -0.82139866036951570     
 -0.97407178663967642     
  -1.1551210350920080     
  -1.3698202224745528     
  -1.6244232833088894     
  -1.9263464128645673     
  -2.2843840576802323     
  -2.7089650432202452     
  -3.2124562969400468     
  -3.8095230108639839     
  -4.5175557311004262     
  -5.3571768103708948     
  -6.3528409703405764     
  -7.5335474605742094     
  -8.9336845500680475     
  -10.594030940108119     
  -12.562943255831611     
  -14.897764191311653     
  -17.666492306942416     
  -20.949762095363234     
  -24.843191964857603     
  -29.460168500016579     
  -34.935148060230468     
  -41.427571836947614     
  -49.126508348968990     
  -58.256158531117350     
  -69.082383681772612     
  -81.920446309837146     
  -97.144189228282045     
  -115.19692010710362     
  -136.60431834174398     
  -161.98973995859131     
  -192.09236608024250     
  -227.78872324117890     
  -270.11820198810301     
  -320.31331657456531     
  -379.83558655335059     
  -450.41808469814094     
  -534.11588970987759     
  -633.36591222910329     
  -751.05783547821170     
  -890.61823533526490     
  -1056.1103282066738     
  -1252.3522498806283     
  -1485.0573078408590     
  -1761.0002889932250     
  -2088.2146630124653     
  -2476.2264206157688     
  -2936.3313521737937     
  -3481.9238361973789     
  -4128.8867061692899     
  -4896.0535415359327     
  -5805.7568361444592     
  -6884.4779963203437     
  -8163.6180838308728     
  -9680.4117323746068     
  -11479.010832188787     
  -13611.769517071411     
  -16140.767845275561     
  -19139.618510741147     
  -22695.609156017472     
  -26912.242622552520     
  -31912.249051821695     
  -37841.157478827954     
  -44871.530837157829     
  -53207.987595511040     
  -63093.156130849471     
  -74814.735078702477     
  -88713.865076000235     
  -105195.05546193212     
  -124737.95473736949     
  -147911.30721902839     
  -175389.50192076134     
  -207972.19510081434     
  -246607.57732367681     
  -292419.96189862967     
  -346742.49725743890     
  -411155.95487651846     
  -487534.72106875299     
  -578101.33050629345     
  -685491.12778152316     
  -812828.93789396097     
  -963819.97583250620     
  -1142857.6395620538     
  -1355151.3217638757     
  -1606877.9578989518     
  -1905361.7184924278     
  -2259287.0720485435     
  -2678951.4154985608     
  -3176564.6197778806     
  -3766604.2024801527     
  -4466236.4572148742     
  -5295815.7873345790     
  -6279476.7658640845     
  -7445836.1398762036     
  -8828825.1946096830     
  -10468676.683263160     
  -12413095.022826441     
  -14718643.785188396     
  -17452390.831006661     
  -20693858.925114285     
  -24537338.554346044     
  -29094630.199792601     
  -34498295.801765241     
  -40905513.960136585     
  -48502650.965549111     
  -57510680.568471573     
  -68191610.068162024     
  -80856099.559483811     
  -95872495.862567782     
  -113677543.78671460     
  -134789086.14101949     
  -159821121.71718663     
  -189501659.01514715     
  -224693884.75154912     
  -266421262.54685590     
  -315897291.42898107     
  -374560789.24015594     
  -444117726.62535989     
  -526590827.68201065     
  -624378379.09476352     
  -740323957.22619045     
  -877799099.96129727     
  -1040801326.3322734     
  -1234070353.0118589     
  -1463225885.6205666     
  -1734930989.8114200     
  -2057085790.4945481     
  -2439057128.9426136     
  -2891950852.4849854     
  -3428934650.4145112     
  -4065620818.5907955     
  -4820520076.7029161     
  -5715579626.8469543     
  -6776821089.9627810     
  -8035096858.8747845     
  -9526986847.5037136     
  -11295861695.218058     
  -13393143321.778278     
  -15879799462.390686     
  -18828115610.595253     
  -22323795856.535950     
  -26468453663.718716     
  -31382564956.207291     
  -37208969319.398331     
  -44117021041.168549     
  -52307510598.797630     
  -62018499578.953796     
  -73532238553.235336     
  -87183368890.950180     
  -103368646787.63615     
  -122558472005.43993     
  -145310556244.01154     
  -172286128210.40744     
  -204269146138.45505     
  -242189075861.77451     
  -287147896106.82074     
  -340452115450.12427     
  -403650730942.52277     
  -478580230969.12524     
  -567417949497.67456     
  -672745321410.05322     
  -797622876154.07849     
  -945679147843.98364     
  -1121216084075.3882     
  -1329334014837.3337     
  -1576079810909.9744     
  -1868622534521.8167     
  -2215461683354.0210     
  -2626674075396.4229     
  -3114206544154.7119     
  -3692222943850.9639     
  -4377515541162.1182     
  -5189992739476.8164     
  -6153257297884.1777     
  -7295291834467.6221     
  -8649271518223.3682     
  -10254527546462.066     
  -12157689382056.254     
  -14414038914416.715     
  -17089115860232.371     
  -20260621013339.707     
  -24020672599262.758     
  -28478481239902.223     
  -33763521185007.152     
  -40029289872054.125     
  -47457764953002.383     
  -56264688170624.625     
  -66705829466167.102     
  -79084413150340.047     
  -93759921696591.859     
  -111158532697872.23     
  -131785491925706.94     
  -156239781618574.53     
  -185231509735486.19     
  -219602524872804.47     
  -260350855148519.72     
  -308659680324031.81     
  -365931677978103.81     
  -433829740487100.62     
  -514325244423506.44     
  -609755273123385.12     
  -722890452949528.12     
  -857015371725712.25     
  -1016023912871075.5     
  -1204532271510484.8     
  -1428012931828451.5     
  -1692953493049199.8     
  -2007044952300961.8     
  -2379404907165287.0     
  -2820842153704967.0     
  -3344170356584355.5     
  -3964579891366916.0     
  -4700078646475944.0     
  -5572014572567185.0     
  -6605695138188981.0     
  -7831121661351401.0     
  -9283859818490532.0     
  -11006071581905518.     
  -13047738518579602.     
  -15468111933115370.     
  -18337431916222768.     
  -21738965158525912.     
  -25771420633483756.     
  -30551813210937324.     
  -36218858251862368.     
  -42936995631856744.     
  -50901159892052560.     
  -60342434850562464.     
  -71534756652348680.     
  -84802859633869024.     
  -1.0053169541209475E+017
  -1.1917759831989192E+017
  -1.4128152093924467E+017
  -1.6748472349772688E+017
  -1.9854737203128307E+017
  -2.3537058453936246E+017
  -2.7902256431041504E+017
  -3.3076957807319258E+017
  -3.9211267706543482E+017
  -4.6483122557579904E+017
  -5.5103449883081357E+017
  -6.5322284598351910E+017
  -7.7436019119100787E+017
  -9.1795997437666163E+017
  -1.0881870227802518E+018
  -1.2899783060899638E+018
  -1.5291860752005276E+018
  -1.8127475333049178E+018
  -2.1488859568948201E+018
  -2.5473490955901711E+018
  -3.0196917599399414E+018
  -3.5796107867253345E+018
  -4.2433420889401702E+018
  -5.0301312964796447E+018
  -5.9627916257399142E+018
  -7.0683651435711693E+018
  -8.3789065865302200E+018
  -9.9324124468985446E+018
  -1.1773922245292278E+019
  -1.3956823897763160E+019
  -1.6544400997520871E+019
  -1.9611666839000842E+019
  -2.3247538317873406E+019
  -2.7557412685242110E+019
  -3.2666221802759606E+019
  -3.8722052375545356E+019
  -4.5900437032042283E+019
  -5.4409440548884865E+019
  -6.4495688546954985E+019
  -7.6451513278735106E+019
  -9.0623423476963082E+019
  -1.0742214357691315E+020
  -1.2733451306926986E+020
  -1.5093759060296863E+020
  -1.7891537129659921E+020
  -2.1207860138077399E+020
  -2.5138826397219724E+020
  -2.9798341606851242E+020
  -3.5321418282745404E+020
  -4.1868086450010345E+020
  -4.9628028834692864E+020
  -5.8826074759763263E+020
  -6.9728711809067791E+020
  -8.2651803783847150E+020
  -9.7969738393413747E+020
  -1.1612626950484566E+021
  -1.3764736782343107E+021
  -1.6315645200510623E+021
  -1.9339244109600737E+021
  -2.2923115084559632E+021
  -2.7171065321068938E+021
  -3.2206133305748813E+021
  -3.8174151199496565E+021
  -4.5247967036745958E+021
  -5.3632448935664309E+021
  -6.3570416141532450E+021
  -7.5349668542210344E+021
  -8.9311318076250716E+021
  -1.0585966312001773E+022
  -1.2547389157935927E+022
  -1.4872195131484639E+022
  -1.7627698922713875E+022
  -2.0893683463361021E+022
  -2.4764709062746919E+022
  -2.9352850147236802E+022
  -3.4790938776626964E+022
  -4.1236408768390408E+022
  -4.8875851631503300E+022
  -5.7930416097767910E+022
  -6.8662207435251145E+022
  -8.1381871640900274E+022
  -9.6457583873312351E+022
  -1.1432570109239918E+023
  -1.3550338699394846E+023
  -1.6060357435463881E+023
  -1.9035269748507329E+023
  -2.2561170757795770E+023
  -2.6740097865014166E+023
  -3.1692982425355919E+023
  -3.7563147842129041E+023
  -4.4520455227246582E+023
  -5.2766216488753789E+023
  -6.2539016889189302E+023
  -7.4121615405973211E+023
  -8.7849122376607952E+023
  -1.0411869082720320E+024
  -1.2340100162910317E+024
  -1.4625387446887649E+024
  -1.7333839804904586E+024
  -2.0543804573508925E+024
  -2.4348132913103744E+024
  -2.8856864429293201E+024
  -3.4200408642881852E+024
  -4.0533315248419637E+024
  -4.8038742111831127E+024
  -5.6933750115139655E+024
  -6.7475577842640665E+024
  -7.9969077407781164E+024
  -9.4775526260690928E+024
  -1.1232306956114269E+025
  -1.3311909479811277E+025
  -1.5776489614466903E+025
  -1.8697305216662765E+025
  -2.2158801886417590E+025
  -2.6261053287928693E+025
  -3.1122652972828952E+025
  -3.6884141229394720E+025
  -4.3712065929750225E+025
  -5.1803794652665320E+025
  -6.1393217050287981E+025
  -7.2757502129002234E+025
  -8.6225105569175009E+025
  -1.0218525829456824E+026
  -1.2109921026079527E+026
  -1.4351355409699934E+026
  -1.7007601326756061E+026
  -2.0155415055289288E+026
  -2.3885753693217101E+026
  -2.8306402081727338E+026
  -3.3545085591681432E+026
  -3.9753158621471512E+026
  -4.7109975267289959E+026
  -5.5828068310326888E+026
  -6.6159285987632758E+026
  -7.8402063646787969E+026
  -9.2910040125901178E+026
  -1.1010226749384212E+027
  -1.3047530874946989E+027
  -1.5461757253807443E+027
  -1.8322629846828318E+027
  -2.1712768306334498E+027
  -2.5730072696069766E+027
  -3.0490549129390259E+027
  -3.6131657834458248E+027
  -4.2816280220356598E+027
  -5.0737419367163532E+027
  -6.0123769510475082E+027
  -7.1246315146017691E+027
  -8.4426150064799723E+027
  -1.0004374179900255E+028
  -1.1854990862678320E+028
  -1.4047882565077389E+028
  -1.6646343495245793E+028
  -1.9725370411756035E+028
  -2.3373825952205610E+028
  -2.7697001802890457E+028
  -3.2819655597336778E+028
  -3.8889609082823632E+028
  -4.6082011267073373E+028
  -5.4604389417746712E+028
  -6.4702633486963742E+028
  -7.6668086425357958E+028
  -9.0845944709405910E+028
  -1.0764521114915394E+029
  -1.2755048675751333E+029
  -1.5113594143412958E+029
  -1.7908186597117335E+029
  -2.1219428223144022E+029
  -2.5142817642048106E+029
  -2.9791502470865786E+029
  -3.5299540405839957E+029
  -4.1825762753304733E+029
  -4.9558351681947501E+029
  -5.8720263017763446E+029
  -6.9575650744781712E+029
  -8.2437478210318367E+029
  -9.7676535192568055E+029
  -1.1573212045331693E+030
  -1.3712469733327777E+030
  -1.6247088673060174E+030
  -1.9250122906745951E+030
  -2.2808122652944667E+030
  -2.7023627124905589E+030
  -3.2018117691136079E+030
  -3.7935516370180807E+030
  -4.4946330340004788E+030
  -5.3252561725981273E+030
  -6.3093523944465455E+030
  -7.4752731953980404E+030
  -8.8566064652546859E+030
  -1.0493143424526415E+031
  -1.2432024074221079E+031
  -1.4729094107828242E+031
  -1.7450512314856022E+031
  -2.0674654707201838E+031
  -2.4494370130175894E+031
  -2.9019652224192979E+031
  -3.4380804571228569E+031
  -4.0732190035834030E+031
  -4.8256672100933862E+031
  -5.7170875885950284E+031
  -6.7731420090071650E+031
  -8.0242299003027649E+031
  -9.5063626770554321E+031
  -1.1262199524047143E+032
  -1.3342274307145527E+032
  -1.5806448869075064E+032
  -1.8725634471503199E+032
  -2.2183830846662637E+032
  -2.6280541443548946E+032
  -3.1133634257311970E+032
  -3.6882730425774524E+032
  -4.3693217931154189E+032
  -5.1761005692762514E+032
  -6.1318154592536408E+032
  -7.2639547149393839E+032
  -8.6050787372593566E+032
  -1.0193755763351438E+033
  -1.2075670121204914E+033
  -1.4304934869713064E+033
  -1.6945646507061275E+033
  -2.0073726376117148E+033
  -2.3779101621107868E+033
  -2.8168288291131505E+033
  -3.3367450722138603E+033
  -3.9526024990534759E+033
  -4.6821010409964029E+033
  -5.5462052201687335E+033
  -6.5697461157166374E+033
  -7.7821342978953922E+033
  -9.2182041802382439E+033
  -1.0919214007711341E+034
  -1.2934030160338630E+034
  -1.5320529735042483E+034
  -1.8147261624671601E+034
  -2.1495413721499071E+034
  -2.5461142644957681E+034
  -3.0158332781152375E+034
  -3.5721863722077465E+034
  -4.2311479757503141E+034
  -5.0116372318990253E+034
  -5.9360606696937158E+034
  -7.0309548532241515E+034
  -8.3277474215841376E+034
  -9.8636583231107585E+034
  -1.1682767061546326E+035
  -1.3837276524673458E+035
  -1.6389009593575538E+035
  -1.9411181393878817E+035
  -2.2990497939642740E+035
  -2.7229641261517078E+035
  -3.2250212170383026E+035
  -3.8196214902038245E+035
  -4.5238183391784437E+035
  -5.3578067283037454E+035
  -6.3455017505747321E+035
  -7.5152236989332746E+035
  -8.9005092535958846E+035
  -1.0541071994335404E+036
  -1.2483939716190110E+036
  -1.4784801081764742E+036
  -1.7509600127438786E+036
  -2.0736424225249364E+036
  -2.4557739489198932E+036
  -2.9083037543634373E+036
  -3.4441969325512229E+036
  -4.0788055507213657E+036
  -4.8303079599117672E+036
  -5.7202289291316951E+036
  -6.7740554677904322E+036
  -8.0219659333555715E+036
  -9.4996932559967715E+036
  -1.1249546941144034E+037
  -1.3321623043624086E+037
  -1.5775236672547218E+037
  -1.8680617937333069E+037
  -2.2120919763191817E+037
  -2.6194594903244199E+037
  -3.1018210007812670E+037
  -3.6729777079319444E+037
  -4.3492697398819732E+037
  -5.1500430477777945E+037
  -6.0982021263669116E+037
  -7.2208643299018872E+037
  -8.5501344497228247E+037
  -1.0124021647939158E+038
  -1.1987524898994174E+038
  -1.4193917892991003E+038
  -1.6806270038114844E+038
  -1.9899246925984388E+038
  -2.3561241584629937E+038
  -2.7896897265427683E+038
  -3.3030093660621753E+038
  -3.9107481644047950E+038
  -4.6302667244447274E+038
  -5.4821164042180810E+038
  -6.4906255051424089E+038
  -7.6845931032454583E+038
  -9.0981102807732388E+038
  -1.0771532140109467E+039
  -1.2752628271088520E+039
  -1.5097944418311169E+039
  -1.7874414101069697E+039
  -2.1161266045438411E+039
  -2.5052281697684565E+039
  -2.9658467039030899E+039
  -3.5111214696267798E+039
  -4.1566046274762459E+039
  -4.9207041325169798E+039
  -5.8252078860053901E+039
  -6.8959040414659419E+039
  -8.1633150951392558E+039
  -9.6635666214029376E+039
  -1.1439415336067851E+040
  -1.3541465692695102E+040
  -1.6029609567354485E+040
  -1.8974729917070812E+040
  -2.2460716785803038E+040
  -2.6586852891164507E+040
  -3.1470636505967946E+040
  -3.7251121747649006E+040
  -4.4092871056477168E+040
  -5.2190631995101326E+040
  -6.1774871028111073E+040
  -7.3118321221293945E+040
  -8.6543729522529170E+040
  -1.0243302326155233E+041
  -1.2123815569419309E+041
  -1.4349393795348353E+041
  -1.6983322099792512E+041
  -2.0100485765398662E+041
  -2.3789495351322352E+041
  -2.8155200848462408E+041
  -3.3321666084545943E+041
  -3.9435687578371275E+041
  -4.6670957435318626E+041
  -5.5232988080943586E+041
  -6.5364938159330875E+041
  -7.7354504384764096E+041
  -9.1542074246677151E+041
  -1.0833037007712743E+042
  -1.2819585710014752E+042
  -1.5170223787907687E+042
  -1.7951641446322727E+042
  -2.1242736916631441E+042
  -2.5136849724524393E+042
  -2.9744402210520662E+042
  -3.5196023877358168E+042
  -4.1646246749739341E+042
  -4.9277876025282229E+042
  -5.8307159323275777E+042
  -6.8989900334490826E+042
  -8.1628689272657289E+042
  -9.6581453973037892E+042
  -1.1427157265840980E+043
  -1.3519983334083550E+043
  -1.5995857678168356E+043
  -1.8924842134941636E+043
  -2.2389804071651673E+043
  -2.6488755115833692E+043
  -3.1337616666213795E+043
  -3.7073489996550445E+043
  -4.3858522937716751E+043
  -5.1884481875729315E+043
  -6.1378157603610829E+043
  -7.2607756966793092E+043
  -8.5890459899611307E+043
  -1.0160135413744466E+044
  -1.2018399851862426E+044
  -1.4216291144144348E+044
  -1.6815833498924252E+044
  -1.9890368898650826E+044
  -2.3526620458011366E+044
  -2.7827131595349476E+044
  -3.2913149395972113E+044
  -3.8928032973366976E+044
  -4.6041282317639376E+044
  -5.4453300468574974E+044
  -6.4401022346614944E+044
  -7.6164567789071327E+044
  -9.0075104944688729E+044
  -1.0652414397258904E+045
  -1.2597452091097225E+045
  -1.4897337873574990E+045
  -1.7616750832907130E+045
  -2.0832147786859997E+045
  -2.4633905685583878E+045
  -2.9128853278087465E+045
  -3.4443262681579330E+045
  -4.0726384294306495E+045
  -4.8154623610371184E+045
  -5.6936476347783183E+045
  -6.7318359382650022E+045
  -7.9591499875907856E+045
  -9.4100074372404845E+045
  -1.1125082435747443E+046
  -1.3152441573163402E+046
  -1.5548885804049109E+046
  -1.8381535640863145E+046
  -2.1729703654756478E+046
  -2.5687106279622893E+046
  -3.0364476309959597E+046
  -3.5892648572193534E+046
  -4.2426204337612157E+046
  -5.0147775492659728E+046
  -5.9273127713465677E+046
  -7.0057163406553367E+046
  -8.2801010567009512E+046
  -9.7860393665093516E+046
  -1.1565551802321679E+047
  -1.3668274085538240E+047
  -1.6152835135184421E+047
  -1.9088484024852507E+047
  -2.2557010780998239E+047
  -2.6655013994650068E+047
  -3.1496577748458070E+047
  -3.7216431601391037E+047
  -4.3973680630506994E+047
  -5.1956208163957116E+047
  -6.1385872277002485E+047
  -7.2524638864424068E+047
  -8.5681819738690880E+047
  -1.0122261442918340E+048
  -1.1957818999303941E+048
  -1.4125757515797246E+048
  -1.6686169463850896E+048
  -1.9709992783831535E+048
  -2.3280964494923771E+048
  -2.7497925453877162E+048
  -3.2477539226762209E+048
  -3.8357499297094046E+048
  -4.5300312099966405E+048
  -5.3497759001724195E+048
  -6.3176158757761986E+048
  -7.4602573671004286E+048
  -8.8092128221443329E+048
  -1.0401663902625409E+049
  -1.2281479042447798E+049
  -1.4500413170574051E+049
  -1.7119522113111245E+049
  -2.0210829973384687E+049
  -2.3859294597598232E+049
  -2.8165124248135120E+049
  -3.3246508039113634E+049
  -3.9242833789192525E+049
  -4.6318480008256092E+049
  -5.4667284102255242E+049
  -6.4517806959129419E+049
  -7.6139535344055891E+049
  -8.9850188542861051E+049
  -1.0602432510413848E+050
  -1.2510348011336836E+050
  -1.4760810408976669E+050
  -1.7415162238911289E+050
  -2.0545699016750687E+050
  -2.4237618397121380E+050
  -2.8591314857787713E+050
  -3.3725080883102298E+050
  -3.9778286323512098E+050
  -4.6915120176912312E+050
  -5.5328993796215934E+050
  -6.5247721853914669E+050
  -7.6939617731675705E+050
  -9.0720663869810697E+050
  -1.0696294561479516E+051
  -1.2610456995314802E+051
  -1.4866132904763474E+051
  -1.7524041366828896E+051
  -2.0655653457154551E+051
  -2.4345087195248727E+051
  -2.8691334582737119E+051
  -3.3810878540538015E+051
  -3.9840767529136968E+051
  -4.6942227318834153E+051
  -5.5304903051151502E+051
  -6.5151840733243810E+051
  -7.6745336024068222E+051
  -9.0393800058181262E+051
  -1.0645981763855644E+052
  -1.2536960302798692E+052
  -1.4762409349327643E+052
  -1.7381196153651403E+052
  -2.0462487434529621E+052
  -2.4087538452435660E+052
  -2.8351790092717929E+052
  -3.3367326388397610E+052
  -3.9265753705217138E+052
  -4.6201573049618448E+052
  -5.4356128874153444E+052
  -6.3942231610274447E+052
  -7.5209567261538390E+052
  -8.8451026092715791E+052
  -1.0401010415575193E+053
  -1.2228955656435875E+053
  -1.4376151059387189E+053
  -1.6897928044501545E+053
  -1.9859116455583025E+053
  -2.3335655145442109E+053
  -2.7416471219812220E+053
  -3.2205671743653832E+053
  -3.7825098618361555E+053
  -4.4417305273622799E+053
  -5.2149022922247427E+053
  -6.1215194553647110E+053
  -7.1843666760053190E+053
  -8.4300643081803272E+053
  -9.8897018020344426E+053
  -1.1599572840757288E+054
  -1.3602027865304847E+054
  -1.5946461873380948E+054
  -1.8690457885589311E+054
  -2.1901109269454683E+054
  -2.5656547216803454E+054
  -3.0047703091479622E+054
  -3.5180339103013229E+054
  -4.1177384804457902E+054
  -4.8181621226348134E+054
  -5.6358758983157362E+054
  -6.5900961325068792E+054
  -7.7030867705216713E+054
  -9.0006177768632716E+054
  -1.0512485942594311E+055
  -1.2273104740600141E+055
  -1.4322169976932977E+055
  -1.6705407846278757E+055
  -1.9475411495720169E+055
  -2.2692571178527897E+055
  -2.6426101330893157E+055
  -3.0755165151537791E+055
  -3.5770093136792218E+055
  -4.1573686029711409E+055
  -4.8282584127464799E+055
  -5.6028672989626321E+055
  -6.4960479151811814E+055
  -7.5244486950957126E+055
  -8.7066276990557512E+055
  -1.0063134543669182E+056
  -1.1616540768022986E+056
  -1.3391391519633167E+056
  -1.5414041438017613E+056
  -1.7712324233669822E+056
  -2.0314987582578101E+056
  -2.3250801077977981E+056
  -2.6547213084029840E+056
  -3.0228389705763537E+056
  -3.4312412063683163E+056
  -3.8807331686205363E+056
  -4.3705681389585613E+056
  -4.8976901364512493E+056
  -5.4556954868668183E+056
  -6.0334157900581158E+056
  -6.6129909179328162E+056
  -7.1672548737889567E+056
  -7.6561951838352966E+056
  -8.0221620748761051E+056
  -8.1833892609790160E+056
  -8.0252343644747157E+056
  -7.3883463461142629E+056
  -6.0527363350536813E+056
  -3.7166964016599123E+056
  -3.3751297941064108E+052
