   0.0000000000000000     
  -1.1011010049952404E-016
  -2.2225031227816798E-016
  -3.3848813070054087E-016
  -4.6096654743975874E-016
  -5.9194355679097927E-016
  -7.3383378027428876E-016
  -8.8925297678070446E-016
  -1.0610662586554816E-015
  -1.2524409023728383E-015
  -1.4669047270925117E-015
  -1.7084111169598574E-015
  -1.9814118854065691E-015
  -2.2909393241828326E-015
  -2.6426989490648270E-015
  -3.0431746512507698E-015
  -3.4997481920139896E-015
  -4.0208352424327146E-015
  -4.6160404748307490E-015
  -5.2963345635554456E-015
  -6.0742563563544246E-015
  -6.9641439413249515E-015
  -7.9823988667408747E-015
  -9.1477883818163788E-015
  -1.0481791266892924E-014
  -1.2008993624535981E-014
  -1.3757541923391793E-014
  -1.5759661641331977E-014
  -1.8052251062830481E-014
  -2.0677561169928730E-014
  -2.3683974152047904E-014
  -2.7126894876509304E-014
  -3.1069771742380524E-014
  -3.5585265723496538E-014
  -4.0756589136100522E-014
  -4.6679038792777466E-014
  -5.3461751784784603E-014
  -6.1229716235452736E-014
  -7.0126074063551960E-014
  -8.0314758173865034E-014
  -9.1983512651731196E-014
  -1.0534735159243463E-013
  -1.2065252027490989E-013
  -1.3818103164107759E-013
  -1.5825586163756610E-013
  -1.8124689911071338E-013
  -2.0757775984200225E-013
  -2.3773359022532893E-013
  -2.7227000431275493E-013
  -3.1182331882721333E-013
  -3.5712227464331622E-013
  -4.0900146061102711E-013
  -4.6841668694549994E-013
  -5.3646259130700244E-013
  -6.1439280180848962E-013
  -7.0364302827199172E-013
  -8.0585750697534009E-013
  -9.2291928588054743E-013
  -1.0569849080511622E-012
  -1.2105241319499587E-012
  -1.3863654200512582E-012
  -1.5877480334112455E-012
  -1.8183816914700232E-012
  -2.0825148956498016E-012
  -2.3850131748286031E-012
  -2.7314486934444475E-012
  -3.1282028721837416E-012
  -3.5825839107802427E-012
  -4.1029613768072387E-012
  -4.6989203385354166E-012
  -5.3814378797352840E-012
  -6.1630852463485035E-012
  -7.0582593468210604E-012
  -8.0834478682675853E-012
  -9.2575328894661502E-012
  -1.0602138580355639E-011
  -1.2142029389266267E-011
  -1.3905566048493765E-011
  -1.5925227793133452E-011
  -1.8238210406908791E-011
  -2.0887111104490212E-011
  -2.3920712858190157E-011
  -2.7394882607353897E-011
  -3.1373599884927055E-011
  -3.5930134796143625E-011
  -4.1148397033214966E-011
  -4.7124480757895534E-011
  -5.3968433788781559E-011
  -6.1806283658498838E-011
  -7.0782357833518855E-011
  -8.1061940803196315E-011
  -9.2834316944361552E-011
  -1.0631625516749961E-010
  -1.2175599948083538E-010
  -1.3943783891910901E-010
  -1.5968734094576880E-010
  -1.8287734464689387E-010
  -2.0943482401701677E-010
  -2.3984874764838535E-010
  -2.7467907947064945E-010
  -3.1456708618480473E-010
  -3.6024714107974713E-010
  -4.1256024145432456E-010
  -4.7246948839884988E-010
  -5.4107781379770336E-010
  -6.1964828076312821E-010
  -7.0962733106022836E-010
  -8.1267140730550726E-010
  -9.3067743981345837E-010
  -1.0658177590698601E-009
  -1.2205800762344427E-009
  -1.3978132673171824E-009
  -1.6007798034466464E-009
  -1.8332157919194934E-009
  -2.0993997327363137E-009
  -2.4042312556657125E-009
  -2.7533212864848281E-009
  -3.1530953012972069E-009
  -3.6109115685949643E-009
  -4.1351965544394346E-009
  -4.7355999818535343E-009
  -5.4231723970560720E-009
  -6.2105685091719771E-009
  -7.1122800441363302E-009
  -8.1449023963924451E-009
  -9.3274399836480813E-009
  -1.0681655921831079E-008
  -1.2232472452566514E-008
  -1.4008429488971734E-008
  -1.6042209714497840E-008
  -1.8371239893591645E-008
  -2.1038379454617268E-008
  -2.4092709010534048E-008
  -2.7590433320788559E-008
  -3.1595915302536382E-008
  -3.6182860109360247E-008
  -4.1435671055404735E-008
  -4.7451002323043569E-008
  -5.4339537010932069E-008
  -6.2228023223104942E-008
  -7.1261605644837729E-008
  -8.1606495484531637E-008
  -9.3453027882794455E-008
  -1.0701916301455178E-007
  -1.2255449526840671E-007
  -1.4034484422954105E-007
  -1.6071751188994692E-007
  -1.8404730275933109E-007
  -2.1076341757681371E-007
  -2.4135734738537050E-007
  -2.7639191312307681E-007
  -3.1651161694565618E-007
  -3.6245449561070177E-007
  -4.1506569386848143E-007
  -4.7531300742497622E-007
  -5.4430468125091346E-007
  -6.2330979047147968E-007
  -7.1378157854712742E-007
  -8.1738418181892088E-007
  -9.3602323174126977E-007
  -1.0718808974046331E-006
  -1.2274560125707511E-006
  -1.4056100249030615E-006
  -1.6096196120926131E-006
  -1.8432369321215436E-006
  -2.1107586152237904E-006
  -2.4171047657744972E-006
  -2.7679094263178579E-006
  -3.1696241666083944E-006
  -3.6296367017636116E-006
  -4.1564067198388041E-006
  -4.7596214154123674E-006
  -5.4503735879232366E-006
  -6.2413655781847018E-006
  -7.1471427913294421E-006
  -8.1843610981425540E-006
  -9.3720930293013417E-006
  -1.0732178389899581E-005
  -1.2289625737885669E-005
  -1.4073072104683251E-005
  -1.6115309406458618E-005
  -1.8453887219910676E-005
  -2.1131802999595943E-005
  -2.4198292420436906E-005
  -2.7709734368708478E-005
  -3.1730687211244537E-005
  -3.6335075384545215E-005
  -4.1607548107196352E-005
  -4.7645035181259112E-005
  -5.4558528469130071E-005
  -6.2475121778310039E-005
  -7.1540346633696731E-005
  -8.1920846852615459E-005
  -9.3807441061647022E-005
  -1.0741862942070065E-004
  -1.2300460897958325E-004
  -1.4085187143537592E-004
  -1.6128846775681737E-004
  -1.8469003639105328E-004
  -2.1148670579346877E-004
  -2.4217099808041047E-004
  -2.7730687899230061E-004
  -3.1754012040857037E-004
  -3.6361016576255841E-004
  -4.1636371630665532E-004
  -4.7677028778229073E-004
  -5.4594002323611688E-004
  -6.2514408915729418E-004
  -7.1583802955181412E-004
  -8.1968850688923973E-004
  -9.3860392105231871E-004
  -1.0747694686323690E-003
  -1.2306872864504394E-003
  -1.4092224165427533E-003
  -1.6136554367425962E-003
  -1.8477427233817556E-003
  -2.1157854527694064E-003
  -2.4227086085571842E-003
  -2.7741514458111374E-003
  -3.1765710729561958E-003
  -3.6373610535974446E-003
  -4.1649872059750367E-003
  -4.7691430935369638E-003
  -5.4609280616106006E-003
  -6.2530510890541659E-003
  -7.1600641976688950E-003
  -8.1986297047485085E-003
  -9.3878262253916309E-003
  -1.0749499042505477E-002
  -1.2308661276837881E-002
  -1.4093953221833605E-002
  -1.6138168275730141E-002
  -1.8478855125676933E-002
  -2.1159007238209127E-002
  -2.4227852312811216E-002
  -2.7741756189967277E-002
  -3.1765257805674060E-002
  -3.6372254189428986E-002
  -4.1647357256321113E-002
  -4.7687447296565724E-002
  -5.4603451675470892E-002
  -6.2522381389624695E-002
  -7.1589662856859484E-002
  -8.1971807735083613E-002
  -9.3859469767748505E-002
 -0.10747094475531564     
 -0.12305617788286660     
 -0.14090135194309550     
 -0.16133414065208215     
 -0.18472972345795038     
 -0.21151767221357654     
 -0.24218983608016298     
 -0.27730936934208961     
 -0.31752106778086159     
 -0.36356320326170932     
 -0.41628107367069295     
 -0.47664251680702646     
 -0.54575567286179882     
 -0.62488932136094300     
 -0.71549616567352325     
 -0.81923949225206860     
 -0.93802369367110183     
  -1.0740292153981519     
  -1.2297525673677303     
  -1.4080521343205918     
  -1.6122006252211236     
  -1.8459451238247067     
  -2.1135758418665311     
  -2.4200048359391695     
  -2.7708561318439067     
  -3.1725689093898635     
  -3.6325156401099736     
  -4.1591373445539208     
  -4.7620984497311243     
  -5.4524640866656524     
  -6.2429030794767444     
  -7.1479203484547638     
  -8.1841229888963358     
  -9.3705249048781418     
  -10.728895584001636     
  -12.284159408385030     
  -14.064852823644394     
  -16.103647748270728     
  -18.437950820110832     
  -21.110589466848431     
  -24.170597378931998     
  -27.674113785469711     
  -31.685413019595945     
  -36.278083247927967     
  -41.536375972730916     
  -47.556751045384523     
  -54.449645513040593     
  -62.341498722623022     
  -71.377070802705816     
  -81.722097020342900     
  -93.566326665109642     
  -107.12700215920209     
  -122.65284215950304     
  -140.42860165283329     
  -160.78029261831929     
  -184.08116093458062     
  -210.75852906595657     
  -241.30162992504142     
  -276.27057546890069     
  -316.30662437608805     
  -362.14393695170503     
  -414.62303265409486     
  -474.70619682828982     
  -543.49511893920692     
  -622.25108547568198     
  -712.41809749324284     
  -815.64933633593228     
  -933.83746240637686     
  -1069.1493020615508     
  -1224.0655580847256     
  -1401.4262711933923     
  -1604.4828653729573     
  -1836.9577304050308     
  -2103.1124329944928     
  -2407.8258059181107     
  -2756.6833455118635     
  -3156.0795548954970     
  -3613.3351073916847     
  -4136.8309759724698     
  -4736.1619852244539     
  -5422.3125979522247     
  -6207.8581556455038     
  -7107.1952580699381     
  -8136.8055007331486     
  -9315.5573996895419     
  -10665.052032255257     
  -12210.018722501283     
  -13978.768016522621     
  -16003.710241207113     
  -18321.949140738499     
  -20975.961459329028     
  -24014.374911831608     
  -27492.858784711116     
  -31475.143471305211     
  -36034.187605089115     
  -41253.514155945821     
  -47228.739946647052     
  -54069.326586435462     
  -61900.584870511790     
  -70865.969332486624     
  -81129.704946291007     
  -92879.794051763165     
  -106331.45853529716     
  -121731.08026079158     
  -139360.71186231589     
  -159543.24044513045     
  -182648.29868678199     
  -209099.03150337876     
  -239379.84209785482     
  -274045.25912325433     
  -313730.08720238629     
  -359161.02652059053     
  -411169.97408001585     
  -470709.24996302300     
  -538869.02716141776     
  -616897.28383086179     
  -706222.64296274981     
  -808480.51727237855     
  -925543.03754764621     
  -1059553.3118916375     
  -1212964.6424899288     
  -1388585.4171867806     
  -1589630.4969204143     
  -1819780.0388427135     
  -2083246.8309035988     
  -2384853.3692994989     
  -2730120.0883125924     
  -3125366.3559577442     
  -3577826.0822329270     
  -4095780.0539007136     
  -4688707.4154938804     
  -5367459.0662239157     
  -6144456.1430713162     
  -7033917.2188697765     
  -8052118.3690392803     
  -9217690.8613635562     
  -10551961.910819067     
  -12079344.728505900     
  -13827784.994581521     
  -15829271.916210366     
  -18120423.211748369     
  -20743154.713236313     
  -23745446.825450256     
  -27182221.849487387     
  -31116348.204469711     
  -35619789.899414875     
  -40774922.260988593     
  -46676037.960170694     
  -53431070.857294030     
  -61163569.163924389     
  -70014953.974285975     
  -80147104.431544319     
  -91745316.760397434     
  -105021691.22600713     
  -120219008.89497747     
  -137615169.01951766     
  -157528268.10439378     
  -180322413.43464619     
  -206414377.25420713     
  -236281213.13626730     
  -270468973.65566730     
  -309602688.58234257     
  -354397785.82988811     
  -405673163.73459011     
  -464366153.38844240     
  -531549644.25480020     
  -608451685.78698635     
  -696477922.96883762     
  -797237275.42646730     
  -912571328.96611726     
  -1044587976.1539112     
  -1195699920.1056538     
  -1368668744.4131212     
  -1566655353.7164965     
  -1793277705.6934679     
  -2052676888.2944114     
  -2349592748.3366466     
  -2689450451.8561068     
  -3078459556.0800991     
  -3523727401.1673799     
  -4033388891.1240344     
  -4616755032.3093004     
  -5284482940.1460562     
  -6048770416.2851143     
  -6923578646.6805134     
  -7924887083.9853506     
  -9070985164.7252522     
  -10382806183.549871     
  -11884309415.748108     
  -13602917459.153893     
  -15570016773.604273     
  -17821530548.592903     
  -20398574348.692997     
  -23348206495.739285     
  -26724286874.163708     
  -30588459822.749977     
  -35011279038.427948     
  -40073495006.788857     
  -45867528436.937157     
  -52499156569.081772     
  -60089443103.680313     
  -68776946941.669479     
  -78720250007.233032     
  -90100850240.239822     
  -103126472500.85185     
  -118034857745.06802     
  -135098099545.83913     
  -154627607008.58554     
  -176979784544.10144     
  -202562532023.77805     
  -231842683789.65561     
  -265354522097.17349     
  -303709520143.05426     
  -347607492230.89001     
  -397849354260.48157     
  -455351727060.42578     
  -521163648650.80170     
  -596485699935.04480     
  -682691892276.35046     
  -781354715714.19897     
  -894273804136.25037     
  -1023508739587.3625     
  -1171416593269.4148     
  -1340694887034.4099     
  -1534430757868.2769     
  -1756157220799.5452     
  -2009917554900.2341     
  -2300338984926.9512     
  -2632717000368.3276     
  -3013111847298.6865     
  -3448458950009.1675     
  -3946695272926.3872     
  -4516903923446.1631     
  -5169479628281.9619     
  -5916318095791.3857     
  -6771032711406.6191     
  -7749202510659.7549     
  -8868655943404.2520     
  -10149795594036.408     
  -11615969767654.355     
  -13293897704702.285     
  -15214156162232.895     
  -17411736216214.332     
  -19926680416598.328     
  -22804811888368.250     
  -26098568644059.648     
  -29867958286681.133     
  -34181650471329.449     
  -39118226998871.281     
  -44767612281369.984     
  -51232710198544.656     
  -58631277117041.102     
  -67098065137837.945     
  -76787274549696.750     
  -87875360087424.297     
  -100564242024936.77     
  -115084980491500.27     
  -131701979818701.31     
  -150717799358559.16     
  -172478658234645.50     
  -197380734098240.78     
  -225877370389378.06     
  -258487323110040.09     
  -295804197003446.75     
  -338507242642139.94     
  -387373710650664.94     
  -443292987574788.19     
  -507282770271737.88     
  -580507572722221.75     
  -664299901526850.75     
  -760184484815759.25     
  -869905994750029.25     
  -995460767233032.25     
  -1139133095029879.5     
  -1303536753530487.0     
  -1491662513392525.5     
  -1706932502987896.0     
  -1953262407921568.8     
  -2235132637149747.2     
  -2557669747975113.0     
  -2926739608391565.0     
  -3349053988265440.5     
  -3832292514536774.5     
  -4385242204420808.0     
  -5017957109540690.0     
  -5741940968808764.0     
  -6570356185309669.0     
  -7518262919989488.0     
  -8602892641275934.0     
  -9843961094745338.0     
  -11264026371937934.     
  -12888898575358726.     
  -14748108512405772.     
  -16875443921393034.     
  -19309562957371532.     
  -22094696066281440.     
  -25281448978461164.     
  -28927721385720244.     
  -33099757963249356.     
  -37873350796566792.     
  -43335215017924136.     
  -49584562595799520.     
  -56734902812127832.     
  -64916102069760872.     
  -74276740371673680.     
  -84986807188689056.     
  -97240785581263776.     
  -1.1126118047444299E+017
  -1.2730255503072026E+017
  -1.4565614826881888E+017
  -1.6665515760385005E+017
  -1.9068078202635750E+017
  -2.1816913541227027E+017
  -2.4961915521190816E+017
  -2.8560164978890518E+017
  -3.2676964829517773E+017
  -3.7387024054867571E+017
  -4.2775812135301165E+017
  -4.8941108454984787E+017
  -5.5994774738392576E+017
  -6.4064782612478310E+017
  -7.3297533005818406E+017
  -8.3860509376855411E+017
  -9.5945312803571226E+017
  -1.0977113387564878E+018
  -1.2558872423228104E+018
  -1.4368493962703880E+018
  -1.6438793673890742E+018
  -1.8807311777250263E+018
  -2.1516993041416307E+018
  -2.4616964617835940E+018
  -2.8163425787001626E+018
  -3.2220665712239672E+018
  -3.6862227611252588E+018
  -4.2172240402458179E+018
  -4.8246941910412329E+018
  -5.5196421176894700E+018
  -6.3146611384074312E+018
  -7.2241569425026099E+018
  -8.2646083336475320E+018
  -9.4548654732473098E+018
  -1.0816491015264289E+019
  -1.2374150298692168E+019
  -1.4156057650013190E+019
  -1.6194486861411385E+019
  -1.8526355069531537E+019
  -2.1193890585071280E+019
  -2.4245396739375542E+019
  -2.7736125547803111E+019
  -3.1729276972210721E+019
  -3.6297141832193880E+019
  -4.1522409007606161E+019
  -4.7499660540086534E+019
  -5.4337081632298025E+019
  -6.2158416421430428E+019
  -7.1105204838119277E+019
  -8.1339340933183308E+019
  -9.3045998853843829E+019
  -1.0643697928282615E+020
  -1.2175453673740609E+020
  -1.3927575679763138E+020
  -1.5931756224978757E+020
  -1.8224243847125205E+020
  -2.0846498135035452E+020
  -2.3845938586318075E+020
  -2.7276801038532700E+020
  -3.1201117120561755E+020
  -3.5689834387965962E+020
  -4.0824097341278067E+020
  -4.6696712425050060E+020
  -5.3413823420174500E+020
  -6.1096827432176583E+020
  -6.9884566011989393E+020
  -7.9935830901121850E+020
  -9.1432229559212691E+020
  -1.0458146211061279E+021
  -1.1962106875432109E+021
  -1.3682271515147824E+021
  -1.5649709298892716E+021
  -1.7899952399012646E+021
  -2.0473636830491700E+021
  -2.3417235268476611E+021
  -2.6783895040019131E+021
  -3.0634396377938212E+021
  -3.5038248188145283E+021
  -4.0074941055278923E+021
  -4.5835380039474684E+021
  -5.2423523050324765E+021
  -5.9958254280603326E+021
  -6.8575526408496223E+021
  -7.8430810108726849E+021
  -8.9701894936815626E+021
  -1.0259209196586221E+022
  -1.1733389577499009E+022
  -1.3419317164245258E+022
  -1.5347394323240154E+022
  -1.7552386685168607E+022
  -2.0074049068520014E+022
  -2.2957841151633427E+022
  -2.6255745755572546E+022
  -3.0027204442560766E+022
  -3.4340187240882569E+022
  -3.9272415714838026E+022
  -4.4912761350658674E+022
  -5.1362844375559562E+022
  -5.8738861723666570E+022
  -6.7173676973830019E+022
  -7.6819209783930526E+022
  -8.7849167718341526E+022
  -1.0046216950589720E+023
  -1.1488531578493404E+023
  -1.3137827141534089E+023
  -1.5023793260862866E+023
  -1.7180376260989001E+023
  -1.9646389164767504E+023
  -2.2466209056356104E+023
  -2.5690574318745411E+023
  -2.9377496041731711E+023
  -3.3593299941293396E+023
  -3.8413817468803640E+023
  -4.3925747460136435E+023
  -5.0228212728238617E+023
  -5.7434539492699202E+023
  -6.5674291528589491E+023
  -7.5095595475611090E+023
  -8.5867798958779026E+023
  -9.8184509126507715E+023
  -1.1226706601735263E+024
  -1.2836851294425624E+024
  -1.4677813497374263E+024
  -1.6782664673569383E+024
  -1.9189212240833483E+024
  -2.1940677398991063E+024
  -2.5086469912984705E+024
  -2.8683073711827031E+024
  -3.2795059143248364E+024
  -3.7496239986527246E+024
  -4.2870995911593294E+024
  -4.9015784027138548E+024
  -5.6040866536797905E+024
  -6.4072285380597169E+024
  -7.3254119147521827E+024
  -8.3751062582725049E+024
  -9.5751374769243139E+024
  -1.0947024864157133E+025
  -1.2515366200411374E+025
  -1.4308277881506704E+025
  -1.6357897930848116E+025
  -1.8700960873855857E+025
  -2.1379454734005291E+025
  -2.4441371873462503E+025
  -2.7941567073534607E+025
  -3.1942738160735285E+025
  -3.6516546667140919E+025
  -4.1744898507653757E+025
  -4.7721407506086632E+025
  -5.4553067857229256E+025
  -6.2362165331035134E+025
  -7.1288461273785128E+025
  -8.1491688314929062E+025
  -9.3154402233389724E+025
  -1.0648524077178533E+026
  -1.2172264742361765E+026
  -1.3913912648528127E+026
  -1.5904610510830208E+026
  -1.8179948887486029E+026
  -2.0780600974251954E+026
  -2.3753047928044338E+026
  -2.7150407619851026E+026
  -3.1033381553731722E+026
  -3.5471336786619217E+026
  -4.0543542079927015E+026
  -4.6340580251039405E+026
  -5.2965961819020764E+026
  -6.0537968609616253E+026
  -6.9191760062954572E+026
  -7.9081779645391094E+026
  -9.0384504086955947E+026
  -1.0330158424188379E+027
  -1.1806343330901195E+027
  -1.3493332607397206E+027
  -1.5421208188596846E+027
  -1.7624341441826511E+027
  -2.0142004306566214E+027
  -2.3019067431244630E+027
  -2.6306797679825655E+027
  -3.0063769138840666E+027
  -3.4356903762927244E+027
  -3.9262660089208520E+027
  -4.4868391068365255E+027
  -5.1273895049109922E+027
  -5.8593187365586532E+027
  -6.6956523874057582E+027
  -7.6512712234663030E+027
  -8.7431751814311439E+027
  -9.9907848887222073E+027
  -1.1416286043224791E+028
  -1.3045022738725838E+028
  -1.4905946685338494E+028
  -1.7032130259744866E+028
  -1.9461352445243620E+028
  -2.2236768006096003E+028
  -2.5407671707061758E+028
  -2.9030371063027731E+028
  -3.3169183014610652E+028
  -3.7897572107061321E+028
  -4.3299450239936807E+028
  -4.9470660897463240E+028
  -5.6520674014061739E+028
  -6.4574521332953474E+028
  -7.3775006342907982E+028
  -8.4285227703001084E+028
  -9.6291460572081766E+028
  -1.1000644654477819E+029
  -1.2567315006913890E+029
  -1.4356904740771454E+029
  -1.6401102354699973E+029
  -1.8736096312276952E+029
  -2.1403213359701741E+029
  -2.4449647280817882E+029
  -2.7929290886222819E+029
  -3.1903685841424981E+029
  -3.6443107002323960E+029
  -4.1627800280653607E+029
  -4.7549395748426596E+029
  -5.4312520755599595E+029
  -6.2036641332457642E+029
  -7.0858164138402043E+029
  -8.0932835771266082E+029
  -9.2438481445064727E+029
  -1.0557813096939494E+030
  -1.2058358672339205E+030
  -1.3771949602848913E+030
  -1.5728799912095053E+030
  -1.7963403395973805E+030
  -2.0515139055157617E+030
  -2.3428962053133730E+030
  -2.6756192262806781E+030
  -3.0555414163277675E+030
  -3.4893503785724687E+030
  -3.9846800616845797E+030
  -4.5502444888245714E+030
  -5.1959903553978416E+030
  -5.9332711535785482E+030
  -6.7750458552933602E+030
  -7.7361056115386072E+030
  -8.8333324118781117E+030
  -1.0085994202102872E+031
  -1.1516081589866036E+031
  -1.3148691988506923E+031
  -1.5012467870632390E+031
  -1.7140096739447140E+031
  -1.9568881493398301E+031
  -2.2341391076748340E+031
  -2.5506202696090849E+031
  -2.9118748464361215E+031
  -3.3242281136665853E+031
  -3.7948975657127256E+031
  -4.3321185578081155E+031
  -4.9452876082419383E+031
  -5.6451258382269027E+031
  -6.4438653734495876E+031
  -7.3554619264896698E+031
  -8.3958372295795295E+031
  -9.5831555002830185E+031
  -1.0938138707341295E+032
  -1.2484426070115892E+032
  -1.4248983984085490E+032
  -1.6262573429623367E+032
  -1.8560282906484344E+032
  -2.1182136058782453E+032
  -2.4173784433776643E+032
  -2.7587297274165430E+032
  -3.1482061902481405E+032
  -3.5925810145637636E+032
  -4.0995788399649185E+032
  -4.6780091385382128E+032
  -5.3379182437227948E+032
  -6.0907626344925427E+032
  -6.9496064387898150E+032
  -7.9293465322361107E+032
  -9.0469690773373946E+032
  -1.0321841882581122E+033
  -1.1776047568954647E+033
  -1.3434763223698960E+033
  -1.5326693009145609E+033
  -1.7484561091457612E+033
  -1.9945673275004669E+033
  -2.2752556890001362E+033
  -2.5953689803311693E+033
  -2.9604330927013552E+033
  -3.3767466311476409E+033
  -3.8514886857810422E+033
  -4.3928415900959409E+033
  -5.0101307436213733E+033
  -5.7139838630304487E+033
  -6.5165123520994621E+033
  -7.4315178520154739E+033
  -8.4747274555987871E+033
  -9.6640615489962665E+033
  -1.1019938790219368E+034
  -1.2565623354526094E+034
  -1.4327620282274849E+034
  -1.6336125567086725E+034
  -1.8625538534083677E+034
  -2.1235045094541884E+034
  -2.4209281641445048E+034
  -2.7599090689358183E+034
  -3.1462380883573986E+034
  -3.5865105732351888E+034
  -4.0882377380341131E+034
  -4.6599733972788926E+034
  -5.3114581694990402E+034
  -6.0537835450580957E+034
  -6.8995785412127832E+034
  -7.8632220390672459E+034
  -8.9610843187060778E+034
  -1.0211801787467816E+035
  -1.1636589439718239E+035
  -1.3259596203278756E+035
  -1.5108309027690148E+035
  -1.7214012363879331E+035
  -1.9612310586154196E+035
  -2.2343721930051367E+035
  -2.5454353679560268E+035
  -2.8996669652927325E+035
  -3.3030362528294002E+035
  -3.7623345242243557E+035
  -4.2852877612391717E+035
  -4.8806846509383620E+035
  -5.5585220367886200E+035
  -6.3301701618630293E+035
  -7.2085603787466524E+035
  -8.2083983591561687E+035
  -9.3464062422400400E+035
  -1.0641597620240316E+036
  -1.2115589780697428E+036
  -1.3792958213591388E+036
  -1.5701639058678257E+036
  -1.7873385922882675E+036
  -2.0344288351312441E+036
  -2.3155360201079541E+036
  -2.6353207259074003E+036
  -2.9990784679393148E+036
  -3.4128256211571653E+036
  -3.8833968767671287E+036
  -4.4185557657823224E+036
  -5.0271199835999469E+036
  -5.7191034769869088E+036
  -6.5058775113421841E+036
  -7.4003532255493748E+036
  -8.4171885082783765E+036
  -9.5730223978809282E+036
  -1.0886740623250959E+037
  -1.2379776371011512E+037
  -1.4076450891664172E+037
  -1.6004359151185882E+037
  -1.8194806403130709E+037
  -2.0683302308691607E+037
  -2.3510120078554631E+037
  -2.6720929062057260E+037
  -3.0367510278753405E+037
  -3.4508565589022024E+037
  -3.9210632549428459E+037
  -4.4549118512471690E+037
  -5.0609469228323203E+037
  -5.7488489109439690E+037
  -6.5295832451015240E+037
  -7.4155687287070603E+037
  -8.4208676232147916E+037
  -9.5614001643530401E+037
  -1.0855186577315029E+038
  -1.2322620029967487E+038
  -1.3986774378094346E+038
  -1.5873751018992293E+038
  -1.8013069684245262E+038
  -2.0438108574504748E+038
  -2.3186599874278307E+038
  -2.6301187389174819E+038
  -2.9830053828272375E+038
  -3.3827626117146502E+038
  -3.8355368079861236E+038
  -4.3482670878419165E+038
  -4.9287852753550519E+038
  -5.5859280879168937E+038
  -6.3296629532177505E+038
  -7.1712290297186005E+038
  -8.1232951679230505E+038
  -9.2001367293084171E+038
  -1.0417833374028840E+039
  -1.1794490137791451E+039
  -1.3350484342713066E+039
  -1.5108741126243688E+039
  -1.7095040625711355E+039
  -1.9338360122450545E+039
  -2.1871254726841151E+039
  -2.4730280470993762E+039
  -2.7956463965174702E+039
  -3.1595823061792127E+039
  -3.5699943249423855E+039
  -4.0326614759201381E+039
  -4.5540535594237759E+039
  -5.1414085873496008E+039
  -5.8028178993931402E+039
  -6.5473195132862533E+039
  -7.3850002503602460E+039
  -8.3271071500461985E+039
  -9.3861686373276686E+039
  -1.0576125829317658E+040
  -1.1912474253179597E+040
  -1.3412416087827528E+040
  -1.5095022824218519E+040
  -1.6981407948788330E+040
  -1.9094908873448263E+040
  -2.1461276841118629E+040
  -2.4108872900422185E+040
  -2.7068867232956373E+040
  -3.0375438089767010E+040
  -3.4065965298922454E+040
  -3.8181211680273755E+040
  -4.2765483668827233E+040
  -4.7866759908857918E+040
  -5.3536773418835337E+040
  -5.9831028996605526E+040
  -6.6808732654860196E+040
  -7.4532603825679724E+040
  -8.3068533573374142E+040
  -9.2485042763666743E+040
  -1.0285248262742228E+041
  -1.1424190589637424E+041
  -1.2672351901190905E+041
  -1.4036460398388691E+041
  -1.5522677126088431E+041
  -1.7136237115345377E+041
  -1.8880984927310955E+041
  -2.0758777902006031E+041
  -2.2768723872140187E+041
  -2.4906211922010156E+041
  -2.7161684525154643E+041
  -2.9519086533467173E+041
  -3.1953910312285989E+041
  -3.4430735918135801E+041
  -3.6900139436377221E+041
  -3.9294809936191484E+041
  -4.1524674024538879E+041
  -4.3470774190747857E+041
  -4.4977579816781911E+041
  -4.5843323798514988E+041
  -4.5807848126179534E+041
  -4.4537302734323047E+041
  -4.1604868629817012E+041
  -3.6466472805332780E+041
  -2.8430284287231733E+041
  -1.6619087006859378E+041
  -1.5091783036806329E+037
