   0.0000000000000000     
  -1.1011010049952404E-016
  -2.2171203708012510E-016
  -3.3631781296359606E-016
  -4.5548007820418787E-016
  -5.8081316276354126E-016
  -7.1401494381300872E-016
  -8.5688984343480760E-016
  -1.0113732681774090E-015
  -1.1795578214218478E-015
  -1.3637216434978488E-015
  -1.5663592632760323E-015
  -1.7902153789443449E-015
  -2.0383220253127908E-015
  -2.3140396308166723E-015
  -2.6211025200247642E-015
  -2.9636694776171139E-015
  -3.3463800582913448E-015
  -3.7744174048129303E-015
  -4.2535784244958408E-015
  -4.7903522739766019E-015
  -5.3920082145741943E-015
  -6.0666940273313088E-015
  -6.8235463197244896E-015
  -7.6728142169446977E-015
  -8.6259981117624317E-015
  -9.6960053507526684E-015
  -1.0897324963820791E-014
  -1.2246223801641091E-014
  -1.3760966735279747E-014
  -1.5462063897842272E-014
  -1.7372548313864869E-014
  -1.9518287673308750E-014
  -2.1928334468976639E-014
  -2.4635319235200046E-014
  -2.7675892208763380E-014
  -3.1091219388123735E-014
  -3.4927539702911989E-014
  -3.9236790832415193E-014
  -4.4077312140421335E-014
  -4.9514634237015241E-014
  -5.5622365849755241E-014
  -6.2483190002981448E-014
  -7.0189982982607610E-014
  -7.8847071224624158E-014
  -8.8571643131147453E-014
  -9.9495334913417410E-014
  -1.1176601191500536E-013
  -1.2554976951247531E-013
  -1.4103318066059221E-013
  -1.5842582048504463E-013
  -1.7796310207264961E-013
  -1.9990946181779215E-013
  -2.2456193741132397E-013
  -2.5225418686821784E-013
  -2.8336100295473392E-013
  -3.1830338407533267E-013
  -3.5755423020463924E-013
  -4.0164474090214363E-013
  -4.5117160194127991E-013
  -5.0680505774839175E-013
  -5.6929797882502012E-013
  -6.3949604678083852E-013
  -7.1834919471627873E-013
  -8.0692445766768044E-013
  -9.0642040689309730E-013
  -1.0181833631913779E-012
  -1.1437256085002482E-012
  -1.2847458420359384E-012
  -1.4431521575825643E-012
  -1.6210878526240892E-012
  -1.8209604182959291E-012
  -2.0454741021344565E-012
  -2.2976664839019718E-012
  -2.5809495590148114E-012
  -2.8991558850362551E-012
  -3.2565904151372099E-012
  -3.6580887193010773E-012
  -4.1090823803935159E-012
  -4.6156724491997541E-012
  -5.1847119514619249E-012
  -5.8238985622986318E-012
  -6.5418787008115155E-012
  -7.3483644520357272E-012
  -8.2542648967584670E-012
  -9.2718336244540917E-012
  -1.0414834423296757E-011
  -1.1698727386866674E-011
  -1.3140877953082581E-011
  -1.4760791700798308E-011
  -1.6580378077581859E-011
  -1.8624246623153181E-011
  -2.0920039692072945E-011
  -2.3498806172480853E-011
  -2.6395421251639872E-011
  -2.9649057901235334E-011
  -3.3303716454208477E-011
  -3.7408819429811874E-011
  -4.2019879645160490E-011
  -4.7199250641723135E-011
  -5.3016969567328702E-011
  -5.9551703903368184E-011
  -6.6891814829827579E-011
  -7.5136551596534189E-011
  -8.4397393038818890E-011
  -9.4799554363590676E-011
  -1.0648367956442801E-010
  -1.1960774233186400E-010
  -1.3434918114143793E-010
  -1.5090729736533410E-010
  -1.6950594880624227E-010
  -1.9039657504242126E-010
  -2.1386159545470813E-010
  -2.4021822583989792E-010
  -2.6982276516848477E-010
  -3.0307541039453302E-010
  -3.4042566435716104E-010
  -3.8237840982305012E-010
  -4.2950073171567078E-010
  -4.8242957968099257E-010
  -5.4188037448770948E-010
  -6.0865667450566024E-010
  -6.8366103282119619E-010
  -7.6790719162598074E-010
  -8.6253377857310724E-010
  -9.6881969007522487E-010
  -1.0882013692973009E-009
  -1.2222922121791557E-009
  -1.3729043635552529E-009
  -1.5420731977091924E-009
  -1.7320848139434498E-009
  -1.9455069184502554E-009
  -2.1852235094864078E-009
  -2.4544738342002681E-009
  -2.7568961431259942E-009
  -3.0965768331264696E-009
  -3.4781056423062686E-009
  -3.9066376421109106E-009
  -4.3879628635808878E-009
  -4.9285844977765250E-009
  -5.5358067261229605E-009
  -6.2178333664049781E-009
  -6.9838786661225997E-009
  -7.8442917388699376E-009
  -8.8106963235334748E-009
  -9.8961477529059381E-009
  -1.1115309250567933E-008
  -1.2484649935734717E-008
  -1.4022667208718575E-008
  -1.5750136518669851E-008
  -1.7690391884769999E-008
  -1.9869640957041930E-008
  -2.2317318869014150E-008
  -2.5066485657911921E-008
  -2.8154272615910488E-008
  -3.1622383596201521E-008
  -3.5517658039097450E-008
  -3.9892703316130298E-008
  -4.4806604925320852E-008
  -5.0325724121113815E-008
  -5.6524593742057988E-008
  -6.3486924324064013E-008
  -7.1306734074860381E-008
  -8.0089617956151462E-008
  -8.9954172996490337E-008
  -1.0103359906531501E-007
  -1.1347749670537454E-007
  -1.2745388627880130E-007
  -1.4315147566720458E-007
  -1.6078220711861264E-007
  -1.8058411759907279E-007
  -2.0282455123498770E-007
  -2.2780376718082091E-007
  -2.5585899157965912E-007
  -2.8736896827315857E-007
  -3.2275906964336030E-007
  -3.6250703652239262E-007
  -4.0714942458900164E-007
  -4.5728884419750545E-007
  -5.1360209128354439E-007
  -5.7684927900610643E-007
  -6.4788409327866534E-007
  -7.2766531049573353E-007
  -8.1726973277892006E-007
  -9.1790671517802159E-007
  -1.0309344807253195E-006
  -1.1578784433443089E-006
  -1.3004517856823422E-006
  -1.4605785693348704E-006
  -1.6404196890666858E-006
  -1.8424020209727975E-006
  -2.0692511575748088E-006
  -2.3240281711980066E-006
  -2.6101709012711770E-006
  -2.9315403221669465E-006
  -3.2924726166766599E-006
  -3.6978376571129219E-006
  -4.1531046823908396E-006
  -4.6644160564190505E-006
  -5.2386701020400440E-006
  -5.8836141270632081E-006
  -6.6079488962806561E-006
  -7.4214459575952282E-006
  -8.3350794035995002E-006
  -9.3611738444568919E-006
  -1.0513570586370823E-005
  -1.1807814255226898E-005
  -1.3261362380459864E-005
  -1.4893820763541075E-005
  -1.6727207802869063E-005
  -1.8786251336953365E-005
  -2.1098722005862934E-005
  -2.3695807622863753E-005
  -2.6612533600619919E-005
  -2.9888235096715999E-005
  -3.3567087239929310E-005
  -3.7698700581017323E-005
  -4.2338789790320919E-005
  -4.7549924611044976E-005
  -5.3402373184945546E-005
  -5.9975049111240039E-005
  -6.7356574996611383E-005
  -7.5646476823002496E-005
  -8.4956525221612056E-005
  -9.5412241719816798E-005
  -1.0715459024928713E-004
  -1.2034187669823090E-004
  -1.3515188209206808E-004
  -1.5178425813260846E-004
  -1.7046321735830915E-004
  -1.9144055415496432E-004
  -2.1499903730060849E-004
  -2.4145621973043282E-004
  -2.7116871682442991E-004
  -3.0453701082787035E-004
  -3.4201084609744332E-004
  -3.8409528781925030E-004
  -4.3135752577583769E-004
  -4.8443451476823466E-004
  -5.4404155456045213E-004
  -6.1098192485958727E-004
  -6.8615770504467841E-004
  -7.7058192430278058E-004
  -8.6539220573586951E-004
  -9.7186608810795371E-004
  -1.0914382314786341E-003
  -1.2257197383209223E-003
  -1.3765198501883970E-003
  -1.5458703119625805E-003
  -1.7360527316056572E-003
  -1.9496293036490083E-003
  -2.1894773099065505E-003
  -2.4588278617220737E-003
  -2.7613094051250923E-003
  -3.1009965743473912E-003
  -3.4824650511040846E-003
  -3.9108531678359558E-003
  -4.3919310838303654E-003
  -4.9321784650057775E-003
  -5.5388717125293592E-003
  -6.2201819138759532E-003
  -6.9852848341564787E-003
  -7.8444844274831328E-003
  -8.8093515299744116E-003
  -9.8928796001790231E-003
  -1.1109659601958432E-002
  -1.2476076382294541E-002
  -1.4010529185541383E-002
  -1.5733679270202566E-002
  -1.7668727958751032E-002
  -1.9841728860212227E-002
  -2.2281938464704193E-002
  -2.5022209825043155E-002
  -2.8099434619812531E-002
  -3.1555039542740727E-002
  -3.5435543693577702E-002
  -3.9793184465714511E-002
  -4.4686620346570949E-002
  -5.0181720080654295E-002
  -5.6352448806055305E-002
  -6.3281863078590614E-002
  -7.1063228161331912E-002
  -7.9801272600540665E-002
  -8.9613596954123423E-002
 -0.10063225561042032     
 -0.11300553296126124     
 -0.12689993780501002     
 -0.14250244278784352     
 -0.16002299898415909     
 -0.17969735941398657     
 -0.20179024944624316     
 -0.22659892669734685     
 -0.25445717826767683     
 -0.28573980903389501     
 -0.32086768131210819     
 -0.36031337361381932     
 -0.40460753453302684     
 -0.45434601714032530     
 -0.51019788974377978     
 -0.57291443064742065     
 -0.64333922775443164     
 -0.72241951870087051     
 -0.81121892386622962     
 -0.91093174331290772     
  -1.0228990097087705     
  -1.1486265128672639     
  -1.2898050380144450     
  -1.4483330896170703     
  -1.6263424059793850     
  -1.8262266072862756     
  -2.0506733618397233     
  -2.3027005024684555     
  -2.5856965781209964     
  -2.9034663851914040     
  -3.2602820899735292     
  -3.6609406286903705     
  -4.1108281558066952     
  -4.6159924059357849     
  -5.1832239408637735     
  -5.8201473724621566     
  -6.5353237861397693     
  -7.3383657397955648     
  -8.2400663819882105     
  -9.2525444225011313     
  -10.389406901192419     
  -11.665931939830168     
  -13.099273929727349     
  -14.708693909000770     
  -16.515818221221558     
  -18.544928926630593     
  -20.823289863047187     
  -23.381512731813178     
  -26.253968120997452     
  -29.479246980833782     
  -33.100678743056619     
  -37.166913035504216     
  -41.732572796257514     
  -46.858987549106800     
  -52.615016677116884     
  -59.077973737900940     
  -66.334664219083166     
  -74.482550653485092     
  -83.631060721188717     
  -93.903055882688975     
  -105.43648023953165     
  -118.38621173497042     
  -132.92614051963557     
  -149.25150235231766     
  -167.58149832452190     
  -188.16223603522701     
  -211.27003165068760     
  -237.21511712085092     
  -266.34580225378528     
  -299.05314744515732     
  -335.77620970286290     
  -377.00793228904456     
  -423.30175692577086     
  -475.27904719207464     
  -533.63742260845436     
  -599.16011510584133     
  -672.72647327274376     
  -755.32375515014007     
  -848.06036760451752     
  -952.18072968626245     
  -1069.0819591327395     
  -1200.3326055939583     
  -1347.6936815705042     
  -1513.1422728251971     
  -1698.8980445735456     
  -1907.4529985356173     
  -2141.6048794623553     
  -2404.4946786149671     
  -2699.6487365305784     
  -3031.0260089846511     
  -3403.0711291844882     
  -3820.7739768230367     
  -4289.7365517260705     
  -4816.2480476036426     
  -5407.3691311761577     
  -6071.0265551543853     
  -6816.1193718587801     
  -7652.6381695161044     
  -8591.7989275464133     
  -9646.1932827811288     
  -10829.957218148620     
  -12158.960431863428     
  -13651.018921853894     
  -15326.133630759783     
  -17206.758345477727     
  -19318.100436588393     
  -21688.458462295512     
  -24349.601154614509     
  -27337.192859057319     
  -30691.271120366288     
  -34456.782804256538     
  -38684.185927950821     
  -43430.125250993158     
  -48758.190664146947     
  -54739.768521296137     
  -61454.997301964664     
  -68993.840386947762     
  -77457.290295242783     
  -86958.720487886021     
  -97625.402816919392     
  -109600.21091186794     
  -123043.53228137629     
  -138135.41469721333     
  -155077.97555895773     
  -174098.10645212795     
  -195450.50905723884     
  -219421.10299491466     
  -246330.85116187294     
  -276540.05369064852     
  -310453.16792680859     
  -348524.21884468081     
  -391262.87221005908     
  -439241.25165122829     
  -493101.59073609533     
  -553564.82230581308     
  -621440.21983284410     
  -697636.21962094144     
  -783172.56843345216     
  -879193.95883504755     
  -986985.33439652389     
  -1107989.0692076846     
  -1243824.2511668531     
  -1396308.3266010249     
  -1567481.3952925953     
  -1759633.4803673206     
  -1975335.1372054743     
  -2217471.8101034327     
  -2489282.3954303693     
  -2794402.5261611501     
  -3136913.1556702503     
  -3521395.0893823896     
  -3952990.1922361092     
  -4437470.0889844364     
  -4981313.2743191011     
  -5591791.6619936442     
  -6277067.7280311463     
  -7046303.5444119349     
  -7909783.1582281813     
  -8879049.9492787924     
  -9967060.7988304254     
  -11188359.126449710     
  -12559269.103404067     
  -14098113.633484636     
  -15825459.008985402     
  -17764389.505197614     
  -19940815.575883571     
  -22383819.760093011     
  -25126044.913342617     
  -28204129.940285865     
  -31659198.839067385     
  -35537409.578009352     
  -39890570.122574449     
  -44776829.825302139     
  -50261455.395530507     
  -56417701.792557418     
  -63327789.650456488     
  -71084002.261872411     
  -79789916.740656123     
  -89561785.770351663     
  -100530088.35108666     
  -112841270.20802477     
  -126659697.05014734     
  -142169846.70233142     
  -159578769.31417671     
  -179118848.41809580     
  -201050899.61428058     
  -225667648.15454215     
  -253297631.74044546     
  -284309580.51067013     
  -319117332.54335415     
  -358185350.32573533     
  -402034911.64040875     
  -451251057.29125047     
  -506490388.16176218     
  -568489815.39807534     
  -638076380.18824410     
  -716178273.83720827     
  -803837204.80193162     
  -902222277.26577580     
  -1012645565.9331226     
  -1136579594.2815621     
  -1275676948.8191938     
  -1431792290.2948227     
  -1607007054.6761782     
  -1803657172.4688306     
  -2024364175.0709531     
  -2272070101.8790593     
  -2550076672.3749495     
  -2862089244.1047363     
  -3212266141.0592656     
  -3605274008.3254280     
  -4046349928.9466405     
  -4541371128.7705860     
  -5096933195.8648958     
  -5720437854.1841469     
  -6420191458.0745649     
  -7205515516.5892200     
  -8086870716.3447781     
  -9075996090.8994617     
  -10186065185.747574     
  -11431861293.675371     
  -12829974088.397600     
  -14399020268.449961     
  -16159891142.015015     
  -18136030440.932129     
  -20353746053.323978     
  -22842559814.379993     
  -25635599999.834221     
  -28770041733.252415     
  -32287601153.906631     
  -36235089905.185341     
  -40665037303.609268     
  -45636388446.194595     
  -51215287521.013618     
  -57475956715.683548     
  -64501682386.127502     
  -72385921570.078766     
  -81233543525.266708     
  -91162222762.147552     
  -102304002049.11606     
  -114807046120.92912     
  -128837609348.39914     
  -144582243462.71390     
  -162250274608.52042     
  -182076582568.25015     
  -204324719003.26154     
  -229290406048.17648     
  -257305461632.67941     
  -288742203556.64899     
  -324018390684.52319     
  -363602766737.08362     
  -408021280137.39569     
  -457864062317.91754     
  -513793256936.08484     
  -576551803708.66943     
  -646973293209.71960     
  -725993023149.85217     
  -814660402553.31104     
  -914152868083.54626     
  -1025791496773.6522     
  -1151058521859.0432     
  -1291616983582.5544     
  -1449332775079.1382     
  -1626299375121.2209     
  -1824865595034.7629     
  -2047666706949.0208     
  -2297659365245.9585     
  -2578160783218.0718     
  -2892892683187.6958     
  -3246030601428.7393     
  -3642259199995.3936     
  -4086834316935.1611     
  -4585652575392.2852     
  -5145329471966.4277     
  -5773286976696.8975     
  -6477851802671.5195     
  -7268365644167.5684     
  -8155308840277.1924     
  -9150439098234.5430     
  -10266947109482.098     
  -11519631114509.439     
  -12925092722606.486     
  -14501956573189.891     
  -16271116739980.545     
  -18256013132175.457     
  -20482941542515.031     
  -22981401436008.008     
  -25784486070883.848     
  -28929320101649.426     
  -32457550440281.184     
  -36415896853825.336     
  -40856769564248.172     
  -45838961999636.273     
  -51428427836412.836     
  -57699152583138.656     
  -64734131202315.742     
  -72626464663789.156     
  -81480589890218.656     
  -91413659312263.938     
  -102557088221692.17     
  -115058290320472.84     
  -129082624342109.38     
  -144815577400533.22     
  -162465213838358.88     
  -182264921841106.94     
  -204476494003041.75     
  -229393582425006.06     
  -257345573852767.09     
  -288701935890612.62     
  -323877091521788.00     
  -363335886116175.62     
  -407599718897565.62     
  -457253419580188.88     
  -512952960681494.12     
  -575434107003958.12     
  -645522116097095.12     
  -724142617323299.38     
  -812333812638808.62     
  -911260159566929.00     
  -1022227716312325.4     
  -1146701350797828.2     
  -1286324039884880.8     
  -1442938512486183.8     
  -1618611521053760.2     
  -1815661060430652.8     
  -2036686891741550.8     
  -2284604772373371.0     
  -2562684841728952.5     
  -2874594666962096.5     
  -3224447514033692.5     
  -3616856477966462.0     
  -4056995183016525.0     
  -4550665849628589.0     
  -5104375621624683.0     
  -5725422155356865.0     
  -6421989593947772.0     
  -7203256185835995.0     
  -8079514959414567.0     
  -9062309036593970.0     
  -10164583359870444.     
  -11400854822440756.     
  -12787403031883154.     
  -14342484208067556.     
  -16086571018792924.     
  -18042621496128960.     
  -20236380556993088.     
  -22696718078087736.     
  -25456007953522232.     
  -28550553099485680.     
  -32021061971212244.     
  -35913182831022948.     
  -40278102761218760.     
  -45173219261878576.     
  -50662893222210456.     
  -56819293117374808.     
  -63723341474493368.     
  -71465775987400144.     
  -80148339156974048.     
  -89885112012109696.     
  -1.0080400934737723E+017
  -1.1304845602167131E+017
  -1.2677926622508498E+017
  -1.4217675026960154E+017
  -1.5944307642742304E+017
  -1.7880491866743926E+017
  -2.0051642486873894E+017
  -2.2486254426862931E+017
  -2.5216275758566730E+017
  -2.8277525850655235E+017
  -3.1710164110756397E+017
  -3.5559215437292890E+017
  -3.9875159235966202E+017
  -4.4714589683692755E+017
  -5.0140955850526400E+017
  -5.6225391329747072E+017
  -6.3047644191344346E+017
  -7.0697119379686746E+017
  -7.9274047139171840E+017
  -8.8890792691064602E+017
  -9.9673324221799910E+017
  -1.1176285830155368E+018
  -1.2531770415854492E+018
  -1.4051533081919148E+018
  -1.5755468402037484E+018
  -1.7665878304516657E+018
  -1.9807763126942956E+018
  -2.2209147828078042E+018
  -2.4901447599619128E+018
  -2.7919877631905101E+018
  -3.1303912360693647E+018
  -3.5097800164173327E+018
  -3.9351140198707128E+018
  -4.4119528867723986E+018
  -4.9465284321092536E+018
  -5.5458258393886771E+018
  -6.2176746526745958E+018
  -6.9708507479669207E+018
  -7.8151906073450885E+018
  -8.7617193786405499E+018
  -9.8227943819100774E+018
  -1.1012265923952959E+019
  -1.2345657506128308E+019
  -1.3840367761670377E+019
  -1.5515896739802857E+019
  -1.7394099468837980E+019
  -1.9499470083167367E+019
  -2.1859460194148708E+019
  -2.4504835627450438E+019
  -2.7470076145128264E+019
  -3.0793823325948383E+019
  -3.4519382399381336E+019
  -3.8695284525260882E+019
  -4.3375916791285228E+019
  -4.8622228074354688E+019
  -5.4502519890412642E+019
  -6.1093332453548589E+019
  -6.8480437392701055E+019
  -7.6759949949113614E+019
  -8.6039575017382429E+019
  -9.6440003117230588E+019
  -1.0809647431415451E+020
  -1.2116053026955339E+020
  -1.3580197702257682E+020
  -1.5221108381771317E+020
  -1.7060104632881240E+020
  -1.9121074603064417E+020
  -2.1430784127674237E+020
  -2.4019222990586662E+020
  -2.6919992797343049E+020
  -3.0170741454970985E+020
  -3.3813649851184271E+020
  -3.7895976995799669E+020
  -4.2470670637516364E+020
  -4.7597051209258245E+020
  -5.3341577895796952E+020
  -5.9778706670347000E+020
  -6.6991851325676467E+020
  -7.5074459845029868E+020
  -8.4131219935623066E+020
  -9.4279409201456887E+020
  -1.0565040728375902E+021
  -1.1839138937005731E+021
  -1.3266722279307721E+021
  -1.4866259103783324E+021
  -1.6658437238245818E+021
  -1.8666430365240960E+021
  -2.0916196321003598E+021
  -2.3436811137829610E+021
  -2.6260843106043859E+021
  -2.9424771642452098E+021
  -3.2969456323752666E+021
  -3.6940662083094415E+021
  -4.1389647283903089E+021
  -4.6373822186323014E+021
  -5.1957486218273484E+021
  -5.8212653466540667E+021
  -6.5219976926203279E+021
  -7.3069783303212855E+021
  -8.1863231570988625E+021
  -9.1713610055196397E+021
  -1.0274778858131162E+022
  -1.1510784418932769E+022
  -1.2895288112389189E+022
  -1.4446106827400812E+022
  -1.6183191999529179E+022
  -1.8128884933433303E+022
  -2.0308202612785077E+022
  -2.2749157631243317E+022
  -2.5483116310231377E+022
  -2.8545199552712241E+022
  -3.1974731522957619E+022
  -3.5815741847250980E+022
  -4.0117527707136110E+022
  -4.4935282953705585E+022
  -5.0330802218000401E+022
  -5.6373268939464000E+022
  -6.3140137293410418E+022
  -7.0718119182874658E+022
  -7.9204288784817388E+022
  -8.8707318622006194E+022
  -9.9348862788486233E+022
  -1.1126510480905670E+023
  -1.2460848968468667E+023
  -1.3954966199215394E+023
  -1.5627963449622228E+023
  -1.7501221462862514E+023
  -1.9598671942602390E+023
  -2.1947101313920308E+023
  -2.4576490577303091E+023
  -2.7520395534139597E+023
  -3.0816372167956388E+023
  -3.4506452531089816E+023
  -3.8637677118570758E+023
  -4.3262690417538463E+023
  -4.8440407110238767E+023
  -5.4236757291364224E+023
  -6.0725520047063720E+023
  -6.7989255845566349E+023
  -7.6120349421630897E+023
  -8.5222176214136273E+023
  -9.5410406955033922E+023
  -1.0681446672752723E+024
  -1.1957916673287546E+024
  -1.3386652915225093E+024
  -1.4985782788896817E+024
  -1.6775587065658275E+024
  -1.8778755087267540E+024
  -2.1020670116326619E+024
  -2.3529728401967649E+024
  -2.6337695932395588E+024
  -2.9480107312171032E+024
  -3.2996711722920337E+024
  -3.6931971507845755E+024
  -4.1335619570061419E+024
  -4.6263282500307550E+024
  -5.1777177159816573E+024
  -5.7946889348861777E+024
  -6.4850244201790580E+024
  -7.2574279077376342E+024
  -8.1216330972776027E+024
  -9.0885251895490402E+024
  -1.0170276719748190E+025
  -1.1380499362796155E+025
  -1.2734413581744009E+025
  -1.4249038208901236E+025
  -1.5943402292977505E+025
  -1.7838781817505282E+025
  -1.9958964199337531E+025
  -2.2330543814729471E+025
  -2.4983252178472583E+025
  -2.7950326823272967E+025
  -3.1268923397092305E+025
  -3.4980576021112091E+025
  -3.9131711536593988E+025
  -4.3774223922160402E+025
  -4.8966115891671879E+025
  -5.4772215495577572E+025
  -6.1264976454995035E+025
  -6.8525371968558135E+025
  -7.6643892859204371E+025
  -8.5721662184851470E+025
  -9.5871679838146443E+025
  -1.0722021222263966E+026
  -1.1990834383419165E+026
  -1.3409370951757890E+026
  -1.4995242833185591E+026
  -1.6768126236933898E+026
  -1.8750002656023868E+026
  -2.0965427848928326E+026
  -2.3441832058695829E+026
  -2.6209855077496265E+026
  -2.9303720178620733E+026
  -3.2761651399204229E+026
  -3.6626339170661870E+026
  -4.0945459865955349E+026
  -4.5772255469912037E+026
  -5.1166180288214808E+026
  -5.7193622400484734E+026
  -6.3928708442115578E+026
  -7.1454201278208126E+026
  -7.9862501222224155E+026
  -8.9256762664192933E+026
  -9.9752139322178626E+026
  -1.1147717283148586E+027
  -1.2457534105564627E+027
  -1.3920678436034972E+027
  -1.5555023015696859E+027
  -1.7380513831925682E+027
  -1.9419409263078249E+027
  -2.1696546626006287E+027
  -2.4239639241666916E+027
  -2.7079607484963512E+027
  -3.0250947674796874E+027
  -3.3792143093474069E+027
  -3.7746121905850556E+027
  -4.2160767283119775E+027
  -4.7089485629823419E+027
  -5.2591839471865425E+027
  -5.8734252295187829E+027
  -6.5590793437175478E+027
  -7.3244052034500544E+027
  -8.1786110031614429E+027
  -9.1319625364072938E+027
  -1.0195903766208109E+028
  -1.1383191018503394E+028
  -1.2708042321172177E+028
  -1.4186303578905937E+028
  -1.5835633460211436E+028
  -1.7675709078906125E+028
  -1.9728454780765728E+028
  -2.2018296598825524E+028
  -2.4572445220793267E+028
  -2.7421210621931489E+028
  -3.0598351859721907E+028
  -3.4141465906057048E+028
  -3.8092419812375190E+028
  -4.2497830967195868E+028
  -4.7409600718459932E+028
  -5.2885507199906558E+028
  -5.8989863826885593E+028
  -6.5794250618484690E+028
  -7.3378326266191428E+028
  -8.1830729711671367E+028
  -9.1250080925449768E+028
  -1.0174609160288718E+029
  -1.1344079762316260E+029
  -1.2646992636119439E+029
  -1.4098441331260749E+029
  -1.5715208400004547E+029
  -1.7515951878841062E+029
  -1.9521412006119795E+029
  -2.1754640321535627E+029
  -2.4241253513471014E+029
  -2.7009714621989877E+029
  -3.0091644470542223E+029
  -3.3522166490261124E+029
  -3.7340288419357162E+029
  -4.1589324708942442E+029
  -4.6317363848215186E+029
  -5.1577785239043336E+029
  -5.7429830705510479E+029
  -6.3939236221008867E+029
  -7.1178929977229297E+029
  -7.9229803509315399E+029
  -8.8181563233079665E+029
  -9.8133670447215084E+029
  -1.0919637860968578E+030
  -1.2149187751683144E+030
  -1.3515555490010548E+030
  -1.5033738691270692E+030
  -1.6720347001051045E+030
  -1.8593770784234310E+030
  -2.0674366795723843E+030
  -2.2984662441388275E+030
  -2.5549580374258563E+030
  -2.8396685316458240E+030
  -3.1556455151820047E+030
  -3.5062578497608603E+030
  -3.8952281136047846E+030
  -4.3266683867071795E+030
  -4.8051194532271597E+030
  -5.3355937155507741E+030
  -5.9236221346846187E+030
  -6.5753055321689872E+030
  -7.2973706094022306E+030
  -8.0972310608751024E+030
  -8.9830541779682513E+030
  -9.9638333592238069E+030
  -1.1049466960813698E+031
  -1.2250843936617619E+031
  -1.3579936730068639E+031
  -1.5049901888724256E+031
  -1.6675188876167451E+031
  -1.8471657552883393E+031
  -2.0456704786451395E+031
  -2.2649400629659009E+031
  -2.5070634470506805E+031
  -2.7743271507584410E+031
  -3.0692319834467453E+031
  -3.3945108323479106E+031
  -3.7531475377495597E+031
  -4.1483968462692912E+031
  -4.5838054138447277E+031
  -5.0632338055031556E+031
  -5.5908794085913536E+031
  -6.1713001388341928E+031
  -6.8094387730580597E+031
  -7.5106476871467633E+031
  -8.2807137110180861E+031
  -9.1258827320392688E+031
  -1.0052883581905495E+032
  -1.1068950626737882E+032
  -1.2181844342683003E+032
  -1.3399868995713824E+032
  -1.4731886350077933E+032
  -1.6187324099571627E+032
  -1.7776177443285848E+032
  -1.9509001905351694E+032
  -2.1396895117934617E+032
  -2.3451464838238224E+032
  -2.5684779941796581E+032
  -2.8109300512028811E+032
  -3.0737782413659674E+032
  -3.3583150876081433E+032
  -3.6658336599576383E+032
  -3.9976066706065332E+032
  -4.3548601455469901E+032
  -4.7387406001992649E+032
  -5.1502744527999277E+032
  -5.5903181815040197E+032
  -6.0594974630528678E+032
  -6.5581332151768664E+032
  -7.0861520929529915E+032
  -7.6429785507533524E+032
  -8.2274050638068179E+032
  -8.8374364918950782E+032
  -9.4701038444770948E+032
  -1.0121241850111231E+033
  -1.0785223717526122E+033
  -1.1454645269780996E+033
  -1.2119949198750359E+033
  -1.2768978478686971E+033
  -1.3386445939014116E+033
  -1.3953304559910390E+033
  -1.4446000137296796E+033
  -1.4835584466879795E+033
  -1.5086663000526133E+033
  -1.5156145892250022E+033
  -1.4991765318852578E+033
  -1.4530314779774391E+033
  -1.3695557679429214E+033
  -1.2395743145033199E+033
  -1.0520658410872683E+033
  -7.9381476978653679E+032
  -4.4900972068261052E+032
  -4.0774546057649532E+028
