   0.0000000000000000     
  -1.1011010049952404E-016
  -2.2153117671239411E-016
  -3.3558976781207884E-016
  -4.5364376465062871E-016
  -5.7709857409923603E-016
  -7.0742384785597631E-016
  -8.4617097481736719E-016
  -9.9499154517756287E-016
  -1.1556570059629121E-015
  -1.3300797418672789E-015
  -1.5203358321931001E-015
  -1.7286897546257982E-015
  -1.9576213297116167E-015
  -2.2098552265460984E-015
  -2.4883933806288432E-015
  -2.7965507094616189E-015
  -3.1379945506728257E-015
  -3.5167882917075821E-015
  -3.9374397099552665E-015
  -4.4049545981873979E-015
  -4.9248963130137617E-015
  -5.5034519544804187E-015
  -6.1475059637664230E-015
  -6.8647220141235650E-015
  -7.6636341687932001E-015
  -8.5537483897977070E-015
  -9.5456556045505242E-015
  -1.0651157674620001E-014
  -1.1883407764351171E-014
  -1.3257066778218252E-014
  -1.4788477726783035E-014
  -1.6495860094239851E-014
  -1.8399526518268412E-014
  -2.0522124358116213E-014
  -2.2888905022643087E-014
  -2.5528024259996537E-014
  -2.8470876978567177E-014
  -3.1752470579270774E-014
  -3.5411841236892545E-014
  -3.9492518078647342E-014
  -4.4043040777320043E-014
  -4.9117536711115077E-014
  -5.4776364550203085E-014
  -6.1086831919314307E-014
  -6.8123995665968655E-014
  -7.5971554245507197E-014
  -8.4722842828657256E-014
  -9.4481942957924648E-014
  -1.0536491994015772E-013
  -1.1750120268033485E-013
  -1.3103512235401323E-013
  -1.4612762820304343E-013
  -1.6295820084351076E-013
  -1.8172698582140404E-013
  -2.0265717276809871E-013
  -2.2599764842544820E-013
  -2.5202595506375002E-013
  -2.8105158944372854E-013
  -3.1341968151902763E-013
  -3.4951509658657040E-013
  -3.8976700962208361E-013
  -4.3465400614681463E-013
  -4.8470977022558886E-013
  -5.4052942717011954E-013
  -6.0277661629767712E-013
  -6.7219137776618211E-013
  -7.4959894717543656E-013
  -8.3591956240534334E-013
  -9.3217939918355540E-013
  -1.0395227652797707E-012
  -1.1592256981709506E-012
  -1.2927111276885364E-012
  -1.4415657837430760E-012
  -1.6075590499441899E-012
  -1.7926639870404121E-012
  -1.9990807758684359E-012
  -2.2292628582304687E-012
  -2.4859460861526978E-012
  -2.7721812256975474E-012
  -3.0913702013312996E-012
  -3.4473065112595160E-012
  -3.8442202936625159E-012
  -4.2868285789796194E-012
  -4.7803913249591894E-012
  -5.3307738998422696E-012
  -5.9445167555955141E-012
  -6.6289131184623127E-012
  -7.3920956192724240E-012
  -8.2431328920692034E-012
  -9.1921372879386861E-012
  -1.0250384982860360E-011
  -1.1430449905510660E-011
  -1.2746353074982335E-011
  -1.4213729121282040E-011
  -1.5850011965404353E-011
  -1.7674641863172455E-011
  -1.9709296270581124E-011
  -2.1978147271084562E-011
  -2.4508148620492684E-011
  -2.7329355816614867E-011
  -3.0475282992687703E-011
  -3.3983300870592422E-011
  -3.7895080497090063E-011
  -4.2257088029557907E-011
  -4.7121136443441314E-011
  -5.2545000709025402E-011
  -5.8593103738190224E-011
  -6.5337281241472456E-011
  -7.2857634571972890E-011
  -8.1243481676524639E-011
  -9.0594417438450604E-011
  -1.0102149599399097E-010
  -1.1264854905146187E-010
  -1.2561365585557066E-010
  -1.4007078223819114E-010
  -1.5619160820262312E-010
  -1.7416756572470298E-010
  -1.9421211094761176E-010
  -2.1656325772740295E-010
  -2.4148640258610708E-010
  -2.6927747458550884E-010
  -3.0026644748830778E-010
  -3.3482125587004981E-010
  -3.7335216163588073E-010
  -4.1631662273761638E-010
  -4.6422472184215352E-010
  -5.1764521934245932E-010
  -5.7721230250596820E-010
  -6.4363311080994018E-010
  -7.1769612671702131E-010
  -8.0028053140597764E-010
  -8.9236663641395079E-010
  -9.9504751490321427E-010
  -1.1095419704884396E-009
  -1.2372089974184824E-009
  -1.3795639035875588E-009
  -1.5382962875639208E-009
  -1.7152900828033498E-009
  -1.9126459067203511E-009
  -2.1327059796122658E-009
  -2.3780819088942607E-009
  -2.6516856680672812E-009
  -2.9567641377088990E-009
  -3.2969376179971994E-009
  -3.6762427693505617E-009
  -4.0991804902490655E-009
  -4.5707692998179666E-009
  -5.0966048579933919E-009
  -5.6829263288278465E-009
  -6.3366903735898921E-009
  -7.0656536507289759E-009
  -7.8784648005837203E-009
  -8.7847670051040128E-009
  -9.7953123381650510E-009
  -1.0922089261758973E-008
  -1.2178464779111591E-008
  -1.3579342929432346E-008
  -1.5141341502621465E-008
  -1.6882989068122293E-008
  -1.8824944652774501E-008
  -2.0990242670845660E-008
  -2.3404566008570846E-008
  -2.6096550499054972E-008
  -2.9098124395239023E-008
  -3.2444886863201596E-008
  -3.6176529980269224E-008
  -4.0337309237714862E-008
  -4.4976568122333184E-008
  -5.0149322991695902E-008
  -5.5916915171990973E-008
  -6.2347738003490053E-008
  -6.9518047446291958E-008
  -7.7512865848561485E-008
  -8.6426989582737145E-008
  -9.6366112485172240E-008
  -1.0744807840596156E-007
  -1.1980427770451783E-007
  -1.3358120423088965E-007
  -1.4894219123302759E-007
  -1.6606934674869204E-007
  -1.8516571140252490E-007
  -2.0645766416192126E-007
  -2.3019760454089756E-007
  -2.5666694301388569E-007
  -2.8617943505001724E-007
  -3.1908489824615736E-007
  -3.5577335657183603E-007
  -3.9667966079494737E-007
  -4.4228863979345781E-007
  -4.9314084374205615E-007
  -5.4983894716802227E-007
  -6.1305488768045179E-007
  -6.8353782488372598E-007
  -7.6212301369274613E-007
  -8.4974169708875989E-007
  -9.4743213541858295E-007
  -1.0563519027893303E-006
  -1.1777915961044878E-006
  -1.3131901190025697E-006
  -1.4641517215944066E-006
  -1.6324649976696361E-006
  -1.8201240642028773E-006
  -2.0293521738092138E-006
  -2.2626280395822546E-006
  -2.5227151838365239E-006
  -2.8126946580486134E-006
  -3.1360015211713336E-006
  -3.4964655079535315E-006
  -3.8983563684607791E-006
  -4.3464344152447904E-006
  -4.8460068762052130E-006
  -5.4029907198545399E-006
  -6.0239826962468671E-006
  -6.7163374221689221E-006
  -7.4882544343257981E-006
  -8.3488752403084943E-006
  -9.3083915153591067E-006
  -1.0378165724749449E-005
  -1.1570865598517715E-005
  -1.2900614049101493E-005
  -1.4383156304999799E-005
  -1.6036046237149079E-005
  -1.7878854081613620E-005
  -1.9933398015150434E-005
  -2.2224002322201194E-005
  -2.4777785206220614E-005
  -2.7624979648685742E-005
  -3.0799291109783504E-005
  -3.4338296300259700E-005
  -3.8283887739375086E-005
  -4.2682769355088239E-005
  -4.7587008985861958E-005
  -5.3054654315996035E-005
  -5.9150419526066665E-005
  -6.5946450775755815E-005
  -7.3523179567951526E-005
  -8.1970274081494414E-005
  -9.1387699717599994E-005
  -1.0188690139546995E-004
  -1.1359212157115830E-004
  -1.2664186955736327E-004
  -1.4119055950940931E-004
  -1.5741033643536906E-004
  -1.7549311180958002E-004
  -1.9565283284495711E-004
  -2.1812801223972361E-004
  -2.4318454829106069E-004
  -2.7111886869803141E-004
  -3.0226143519945412E-004
  -3.3698065045430724E-004
  -3.7568721332305072E-004
  -4.1883897400401236E-004
  -4.6694634638221543E-004
  -5.2057834152838007E-004
  -5.8036929362097157E-004
  -6.4702635774064579E-004
  -7.2133786810074901E-004
  -8.0418265543719136E-004
  -8.9654043360592388E-004
  -9.9950337806001136E-004
  -1.1142890329498417E-003
  -1.2422546992753645E-003
  -1.3849134740034402E-003
  -1.5439521295526582E-003
  -1.7212510447722426E-003
  -1.9189064227571615E-003
  -2.1392550578339070E-003
  -2.3849019441389697E-003
  -2.6587510517496701E-003
  -2.9640396337102283E-003
  -3.3043764689656241E-003
  -3.6837844926633188E-003
  -4.1067483170559608E-003
  -4.5782672039472814E-003
  -5.1039141139489468E-003
  -5.6899015295165650E-003
  -6.3431548286537248E-003
  -7.0713940752560895E-003
  -7.8832251913633269E-003
  -8.7882415872655769E-003
  -9.7971374487779948E-003
  -1.0921834018505615E-002
  -1.2175620361192385E-002
  -1.3573310274089060E-002
  -1.5131417193698234E-002
  -1.6868349162505372E-002
  -1.8804626155883429E-002
  -2.0963122333053728E-002
  -2.3369336069903858E-002
  -2.6051690959068542E-002
  -2.9041871327830957E-002
  -3.2375196231402559E-002
  -3.6091036332783939E-002
  -4.0233278586041948E-002
  -4.4850844203415965E-002
  -4.9998266014827319E-002
  -5.5736332028510145E-002
  -6.2132802781855651E-002
  -6.9263210941357012E-002
  -7.7211752580002110E-002
  -8.6072280641004098E-002
  -9.5949412301110606E-002
 -0.10695976328907211     
 -0.11923332371098762     
 -0.13291499160179554     
 -0.14816628228077575     
 -0.16516723366045619     
 -0.18411852996716357     
 -0.20524386890480364     
 -0.22879260016159375     
 -0.25504266635616502     
 -0.28430388108232518     
 -0.31692158268276976     
 -0.35328070680787665     
 -0.39381032574851621     
 -0.43898870802959683     
 -0.48934895787855154     
 -0.54548530101225101     
 -0.60806009079726853     
 -0.67781161732157102     
 -0.75556281137038828     
 -0.84223094583644209     
 -0.93883844883887446     
  -1.0465249559142473     
  -1.1665607432308729     
  -1.3003617000360530     
  -1.4495060166658054     
  -1.6157527846414275     
  -1.8010627278843301     
  -2.0076213091646165     
  -2.2378644838548984     
  -2.4945074042175390     
  -2.7805764121772527     
  -3.0994446972300445     
  -3.4548720392688277     
  -3.8510491041727688     
  -4.2926468135765159     
  -4.7848713699367273     
  -5.3335255845484681     
  -5.9450772303151220     
  -6.6267352237140456     
  -7.3865345324974445     
  -8.2334308083062311     
  -9.1774058577600979     
  -10.229585193063786     
  -11.402369045235435     
  -12.709578381387193     
  -14.166617643931003     
  -15.790656126216691     
  -17.600830118244826     
  -19.618468200307998     
  -21.867342334569013     
  -24.373947707880365     
  -27.167814617147830     
  -30.281856065212054     
  -33.752755154988854     
  -37.621396837400837     
  -41.933349089943142     
  -46.739399183675133     
  -52.096151343839011     
  -58.066692830776027     
  -64.721336271810983     
  -72.138446970744567     
  -80.405364920046551     
  -89.619432353502219     
  -99.889138916986695     
  -111.33539791678008     
  -124.09296864460606     
  -138.31204149444514     
  -154.16000449827683     
  -171.82341203867668     
  -191.51017887063421     
  -213.45202523092422     
  -237.90720176189407     
  -265.16352626221430     
  -295.54176793851883     
  -329.39941891187470     
  -367.13489727953038     
  -409.19223109870399     
  -456.06627830471007     
  -508.30854386668420     
  -566.53366249430621     
  -631.42662302044857     
  -703.75081928915438     
  -784.35702207784254     
  -874.19337739082221     
  -974.31654850479674     
  -1085.9041325671806     
  -1210.2684975020525     
  -1348.8722016416646     
  -1503.3451770688937     
  -1675.5038783454320     
  -1867.3726213542959     
  -2081.2073626734705     
  -2319.5221985212029     
  -2585.1188942078816     
  -2881.1197905682457     
  -3211.0044734471180     
  -3578.6506364357765     
  -3988.3796162212070     
  -4445.0071346926507     
  -4953.8998429905078     
  -5521.0383306966232     
  -6153.0873391484993     
  -6857.4740023004888     
  -7642.4750326408412     
  -8517.3138745062424     
  -9492.2689639421005     
  -10578.794364404679     
  -11789.654192613230     
  -13139.072410433948     
  -14642.899738703294     
  -16318.799649482780     
  -18186.455616727577     
  -20267.802054362011     
  -22587.281648199434     
  -25172.132097267466     
  -28052.705624518345     
  -31262.825000646400     
  -34840.180252288417     
  -38826.770702248439     
  -43269.397520136481     
  -48220.212553146848     
  -53737.329865540676     
  -59885.507149440673     
  -66736.904987376431     
  -74371.932858194865     
  -82880.191793123755     
  -92361.524719811729     
  -102927.18679228383     
  -114701.14940867336     
  -127821.55318272467     
  -142442.32687768110     
  -158734.99125263962     
  -176890.66893444926     
  -197122.32383802056     
  -219667.25634264684     
  -244789.88342297304     
  -272784.83626551490     
  -303980.41161404434     
  -338742.41722306813     
  -377478.45640632545     
  -420642.70180051320     
  -468741.21418324386     
  -522337.86855530262     
  -582060.95679497393     
  -648610.54409937921     
  -722766.66523670300     
  -805398.45644666918     
  -897474.32975918218     
  -1000073.3086802159     
  -1114397.6577619230     
  -1241786.9536888108     
  -1383733.7623500156     
  -1541901.1051255928     
  -1718141.9185110992     
  -1914520.7344832639     
  -2133337.8349416913     
  -2377156.1624496421     
  -2648831.3016778524     
  -2951544.8818041882     
  -3288841.7900566175     
  -3664671.6310729715     
  -4083434.9163067471     
  -4550034.5229112906     
  -5069933.0230283719     
  -5649216.5529079391     
  -6294665.9675917793     
  -7013836.1118939463     
  -7815144.1330951760     
  -8707967.8662400506     
  -9702755.4404127486     
  -10811147.385238035     
  -12046112.662632644     
  -13422100.211215815     
  -14955207.771666873     
  -16663369.962798260     
  -18566567.802539479     
  -20687062.118013244     
  -23049653.567339063     
  -25681972.305962048     
  -28614800.675784662     
  -31882432.680196535     
  -35523074.436728686     
  -39579290.276490130     
  -44098499.691329859     
  -49133530.921990745     
  -54743237.640271902     
  -60993185.913065054     
  -67956419.454621330     
  -75714312.085055023     
  -84357517.328495786     
  -93987026.215266421     
  -104715345.61213028     
  -116667810.80766365     
  -129984047.64246444     
  -144819601.21436742     
  -161347750.12731737     
  -179761527.41157445     
  -200275971.64756837     
  -223130634.50390801     
  -248592373.88289320     
  -276958465.18900144     
  -308560066.93580693     
  -343766081.02758843     
  -382987452.64132816     
  -426681959.74617046     
  -475359547.99001563     
  -529588273.02282840     
  -590000919.38701558     
  -657302372.96878004     
  -732277832.76192307     
  -815801957.44872534     
  -908849053.16440392     
  -1012504420.9081895     
  -1127976995.5355675     
  -1256613423.2688570     
  -1399913741.3710132     
  -1559548842.2339916     
  -1737379924.8538663     
  -1935480159.7403064     
  -2156158819.0053425     
  -2401988151.9934163     
  -2675833318.6829329     
  -2980885728.5782199     
  -3320700172.3308697     
  -3699236177.3386598     
  -4120904067.5782652     
  -4590616262.5021439     
  -5113844410.6022024     
  -5696683020.9165812     
  -6345920331.1144381     
  -7069117234.7090464     
  -7874695183.3930073     
  -8772034084.5419312     
  -9771581329.7984390     
  -10884973219.667068     
  -12125170192.714725     
  -13506607427.942312     
  -15045362567.020731     
  -16759342501.428082     
  -18668491390.377533     
  -20795022321.339741     
  -23163675298.781982     
  -25802004551.632633     
  -28740698489.456875     
  -32013936015.319633     
  -35659783324.181107     
  -39720635784.279587     
  -44243710020.717522     
  -49281591901.404640     
  -54892846772.333160     
  -61142699009.332260     
  -68103788755.283226     
  -75857014604.528214     
  -84492471990.174576     
  -94110498136.652405     
  -104822835671.99025     
  -116753928366.04607     
  -130042363988.18686     
  -144842480978.26172     
  -161326157517.76453     
  -179684803695.65717     
  -200131579809.71320     
  -222903866456.48849     
  -248266014971.22931     
  -276512410016.69666     
  -307970879724.31470     
  -343006492803.75739     
  -382025786504.28369     
  -425481474284.25214     
  -473877687581.54999     
  -527775812240.88940     
  -587800987014.98352     
  -654649339194.48352     
  -729096040924.10559     
  -812004279227.42639     
  -904335243299.24890     
  -1007159244353.4048     
  -1121668096370.2512     
  -1249188900622.0364     
  -1391199393032.8250     
  -1549345031438.7495     
  -1725458019860.9270     
  -1921578489217.7981     
  -2139978078742.2385     
  -2383186190016.8955     
  -2654019216316.2812     
  -2955613084199.6440     
  -3291459482427.7432     
  -3665446195717.1211     
  -4081902008084.2798     
  -4545646693111.4961     
  -5062046666988.9531     
  -5637076945325.8994     
  -6277390117223.5439     
  -6990393130795.9160     
  -7784332774136.9385     
  -8668390835692.1211     
  -9652790039247.1387     
  -10748911972568.045     
  -11969428366537.580     
  -13328447235007.508     
  -14841675556284.889     
  -16526600367145.145     
  -18402690351691.766     
  -20491620242681.641     
  -22817520614799.090     
  -25407255940787.289     
  -28290734105666.602     
  -31501250935195.258     
  -35075873696386.211     
  -39055867974877.523     
  -43487172831371.672     
  -48420929692897.484     
  -53914071050631.742     
  -60029975721484.031     
  -66839198193427.719     
  -74420280423363.031     
  -82860655400818.156     
  -92257652841811.500     
  -102719618546711.02     
  -114367160257278.72     
  -127334534296127.92     
  -141771188883065.03     
  -157843481815611.06     
  -175736592195842.31     
  -195656648105296.44     
  -217833094599353.06     
  -242521329140362.59     
  -270005634646164.22     
  -300602443732327.19     
  -334663971511205.12     
  -372582258521803.00     
  -414793670049440.75     
  -461783903306585.12     
  -514093559745300.50     
  -572324346223511.00     
  -637145975925041.62     
  -709303847918811.38     
  -789627593126376.25     
  -879040584350197.00     
  -978570519009852.38     
  -1089361195464796.1     
  -1212685617409094.5     
  -1349960575960341.0     
  -1502762875903466.5     
  -1672847391281509.2     
  -1862167156362116.0     
  -2072895721186922.8     
  -2307452026693904.0     
  -2568528083082505.5     
  -2859119766993029.0     
  -3182561088556732.5     
  -3542562318843499.0     
  -3943252412136662.0     
  -4389226206296817.0     
  -4885596938790899.0     
  -5438054676374177.0     
  -6052931323604507.0     
  -6737272950100288.0     
  -7498920259570988.0     
  -8346598116091556.0     
  -9290015145904246.0     
  -10339974547374850.     
  -11508497368896736.     
  -12808959655961388.     
  -14256245025894706.     
  -15866914403669432.     
  -17659394846718996.     
  -19654189602990780.     
  -21874111787026620.     
  -24344544326356624.     
  -27093729127954064.     
  -30153088745274844.     
  -33557584194220968.     
  -37346112975364008.     
  -41561951814546312.     
  -46253249139661360.     
  -51473572873688536.     
  -57282519749245536.     
  -63746393045050560.     
  -70938956417569792.     
  -78942272360445488.     
  -87847634779707872.     
  -97756606234996624.     
  -1.0878217157797715E+017
  -1.2105002103208339E+017
  -1.3469997721737854E+017
  -1.4988758224706579E+017
  -1.6678586282618858E+017
  -1.8558729328855203E+017
  -2.0650597873733315E+017
  -2.2978008293319261E+017
  -2.5567452832869674E+017
  -2.8448399871032742E+017
  -3.1653627831355814E+017
  -3.5219596506046618E+017
  -3.9186859977542829E+017
  -4.3600525790960794E+017
  -4.8510765550139296E+017
  -5.3973382687571386E+017
  -6.0050443800470874E+017
  -6.6810980658713190E+017
  -7.4331770783378752E+017
  -8.2698205375951309E+017
  -9.2005254357703949E+017
  -1.0235853936735236E+018
  -1.1387552677478867E+018
  -1.2668685411309286E+018
  -1.4093780482501097E+018
  -1.5678994788030188E+018
  -1.7442296066524447E+018
  -1.9403665559566303E+018
  -2.1585323318283950E+018
  -2.4011978681292908E+018
  -2.6711108731306906E+018
  -2.9713267850246682E+018
  -3.3052431839902474E+018
  -3.6766380460998461E+018
  -4.0897122672139233E+018
  -4.5491369326335273E+018
  -5.0601058611877263E+018
  -5.6283940112110520E+018
  -6.2604224011649833E+018
  -6.9633302701989386E+018
  -7.7450552845314202E+018
  -8.6144226850508206E+018
  -9.5812443709757153E+018
  -1.0656429024873296E+019
  -1.1852104507029627E+019
  -1.3181753883448807E+019
  -1.4660366603130812E+019
  -1.6304606508406329E+019
  -1.8132998548840882E+019
  -2.0166136276613800E+019
  -2.2426912431609373E+019
  -2.4940775180258148E+019
  -2.7736012856244503E+019
  -3.0844070366669177E+019
  -3.4299900777582879E+019
  -3.8142355981828850E+019
  -4.2414620784110305E+019
  -4.7164695217862517E+019
  -5.2445930441107898E+019
  -5.8317624149829583E+019
  -6.4845682103978746E+019
  -7.2103353090204426E+019
  -8.0172045454719910E+019
  -8.9142234238226383E+019
  -9.9114468942298513E+019
  -1.1020049306396710E+020
  -1.2252448776446820E+020
  -1.3622445340264378E+020
  -1.5145374417811440E+020
  -1.6838277281056116E+020
  -1.8720090404751206E+020
  -2.0811855786417799E+020
  -2.3136954551759349E+020
  -2.5721366416849725E+020
  -2.8593957861567250E+020
  -3.1786802182950080E+020
  -3.5335534945824650E+020
  -3.9279748734976826E+020
  -4.3663431542473477E+020
  -4.8535453600133736E+020
  -5.3950107995731539E+020
  -5.9967710997979477E+020
  -6.6655268666014171E+020
  -7.4087217040973496E+020
  -8.2346244018089663E+020
  -9.1524201886116794E+020
  -1.0172312050640772E+021
  -1.1305633219711499E+021
  -1.2564972060053301E+021
  -1.3964310715650041E+021
  -1.5519179029643107E+021
  -1.7246825412687954E+021
  -1.9166406520623800E+021
  -2.1299197805277767E+021
  -2.3668827227847666E+021
  -2.6301534674494103E+021
  -2.9226459891184692E+021
  -3.2475962062418750E+021
  -3.6085974499486865E+021
  -4.0096398282002756E+021
  -4.4551539115592185E+021
  -4.9500592133272722E+021
  -5.4998179883122552E+021
  -6.1104949315758142E+021
  -6.7888234217944971E+021
  -7.5422790240023431E+021
  -8.3791610442129772E+021
  -9.3086830145606580E+021
  -1.0341073083057910E+022
  -1.1487685387844260E+022
  -1.2761123613005054E+022
  -1.4175378052898598E+022
  -1.5745977655802089E+022
  -1.7490158677074899E+022
  -1.9427051748604504E+022
  -2.1577889366885689E+022
  -2.3966236018722715E+022
  -2.6618243403488755E+022
  -2.9562933476617158E+022
  -3.2832512333289798E+022
  -3.6462718277174918E+022
  -4.0493207779919234E+022
  -4.4967983436641065E+022
  -4.9935868465021513E+022
  -5.5451032785301595E+022
  -6.1573576260596980E+022
  -6.8370175277002192E+022
  -7.5914799507118861E+022
  -8.4289506435703314E+022
  -9.3585322039592345E+022
  -1.0390321691422779E+023
  -1.1535518813512175E+023
  -1.2806545824460635E+023
  -1.4217180397337312E+023
  -1.5782702865497087E+023
  -1.7520059378323102E+023
  -1.9448042681257250E+023
  -2.1587492412592260E+023
  -2.3961517011291237E+023
  -2.6595739553230646E+023
  -2.9518570079964640E+023
  -3.2761507256846249E+023
  -3.6359472498833908E+023
  -4.0351180035558513E+023
  -4.4779546755535264E+023
  -4.9692146076422189E+023
  -5.5141710537977393E+023
  -6.1186688311280797E+023
  -6.7891859366752281E+023
  -7.5329017649901486E+023
  -8.3577726283518515E+023
  -9.2726153554698339E+023
  -1.0287199826188374E+024
  -1.1412351389894411E+024
  -1.2660064214890962E+024
  -1.4043626725896681E+024
  -1.5577760408126911E+024
  -1.7278773390266863E+024
  -1.9164730366343883E+024
  -2.1255640579452276E+024
  -2.3573665770029674E+024
  -2.6143350189632319E+024
  -2.8991874999779468E+024
  -3.2149339616492709E+024
  -3.5649072826903814E+024
  -3.9527976797228470E+024
  -4.3826907414228225E+024
  -4.8591094758002693E+024
  -5.3870607895852107E+024
  -5.9720868618630690E+024
  -6.6203219216425125E+024
  -7.3385549913873956E+024
  -8.1342992161740853E+024
  -9.0158684615672783E+024
  -9.9924619331111375E+024
  -1.1074257647132466E+025
  -1.2272515667031445E+025
  -1.3599692112140844E+025
  -1.5069565048383269E+025
  -1.6697373482241674E+025
  -1.8499970802956759E+025
  -2.0495994153441946E+025
  -2.2706051359326064E+025
  -2.5152927209064736E+025
  -2.7861811057588184E+025
  -3.0860547922984115E+025
  -3.4179915461892202E+025
  -3.7853929446400057E+025
  -4.1920180625224486E+025
  -4.6420206136950475E+025
  -5.1399898955380882E+025
  -5.6909959189114597E+025
  -6.3006391432023457E+025
  -6.9751052771268175E+025
  -7.7212256508050963E+025
  -8.5465437136878492E+025
  -9.4593882665407392E+025
  -1.0468954094296418E+026
  -1.1585390730588465E+026
  -1.2819900154654055E+026
  -1.4184844297530644E+026
  -1.5693863317611867E+026
  -1.7362005696243224E+026
  -1.9205871302742975E+026
  -2.1243768685683790E+026
  -2.3495887964164691E+026
  -2.5984490819884128E+026
  -2.8734119228881254E+026
  -3.1771824721677677E+026
  -3.5127420123104770E+026
  -3.8833755899265906E+026
  -4.2927023429825800E+026
  -4.7447087730147252E+026
  -5.2437852370755116E+026
  -5.7947659582273489E+026
  -6.4029728793458676E+026
  -7.0742637129354994E+026
  -7.8150845697059762E+026
  -8.6325275809212130E+026
  -9.5343939641211996E+026
  -1.0529263018837429E+027
  -1.1626567578470411E+027
  -1.2836676486661306E+027
  -1.4170984711341651E+027
  -1.5642011757240648E+027
  -1.7263509087999506E+027
  -1.9050577322188550E+027
  -2.1019794023409107E+027
  -2.3189352963206857E+027
  -2.5579215796588491E+027
  -2.8211277153313202E+027
  -3.1109544213536418E+027
  -3.4300331903429452E+027
  -3.7812474914580888E+027
  -4.1677557819661166E+027
  -4.5930164625192174E+027
  -5.0608149169306334E+027
  -5.5752927836872089E+027
  -6.1409796124804640E+027
  -6.7628270644956622E+027
  -7.4462458198509046E+027
  -8.1971453591648819E+027
  -9.0219767884411966E+027
  -9.9277788769204620E+027
  -1.0922227475832245E+028
  -1.2013688481563447E+028
  -1.3211274499043630E+028
  -1.4524905349423130E+028
  -1.5965372549557927E+028
  -1.7544407868449641E+028
  -1.9274756036493405E+028
  -2.1170251645850795E+028
  -2.3245900232969058E+028
  -2.5517963475448415E+028
  -2.8004048363075246E+028
  -3.0723200114530316E+028
  -3.3695998504322935E+028
  -3.6944657135749011E+028
  -4.0493125041501444E+028
  -4.4367189809802824E+028
  -4.8594581215786250E+028
  -5.3205074079806352E+028
  -5.8230588770088957E+028
  -6.3705287409360227E+028
  -6.9665663425507542E+028
  -7.6150621595372873E+028
  -8.3201545157541214E+028
  -9.0862345901961708E+028
  -9.9179492367133290E+028
  -1.0820201037306330E+029
  -1.1798144907160539E+029
  -1.2857180448379851E+029
  -1.4002939109214954E+029
  -1.5241265043670345E+029
  -1.6578188379561376E+029
  -1.8019889387774581E+029
  -1.9572651797558561E+029
  -2.1242803217467921E+029
  -2.3036640293782401E+029
  -2.4960335861779748E+029
  -2.7019824913275929E+029
  -2.9220665708540485E+029
  -3.1567871793163700E+029
  -3.4065710030601041E+029
  -3.6717459017487734E+029
  -3.9525121398390349E+029
  -4.2489082624678191E+029
  -4.5607707591906725E+029
  -4.8876865322517499E+029
  -5.2289370414250108E+029
  -5.5834328325046651E+029
  -5.9496369684798612E+029
  -6.3254756681796800E+029
  -6.7082342131870083E+029
  -7.0944359061033816E+029
  -7.4797015472995899E+029
  -7.8585865380392805E+029
  -8.2243923096219496E+029
  -8.5689483145890061E+029
  -8.8823602899948605E+029
  -9.1527199064834572E+029
  -9.3657702420411100E+029
  -9.5045207571150847E+029
  -9.5488045900089315E+029
  -9.4747700319952670E+029
  -9.2542969808795950E+029
  -8.8543280281840678E+029
  -8.2361026774676879E+029
  -7.3542822439045960E+029
  -6.1559530349765879E+029
  -4.5794998653567224E+029
  -2.5533738324113406E+029
  -2.3187172600977501E+025
