   0.0000000000000000     
  -1.1011010049952404E-016
  -2.2250173461445779E-016
  -3.3950366506169265E-016
  -4.6354013005118446E-016
  -5.9718106988577943E-016
  -7.4319537027166424E-016
  -9.0460822533453387E-016
  -1.0847638086207053E-015
  -1.2873945502594307E-015
  -1.5166984552473218E-015
  -1.7774260643196237E-015
  -2.0749788585430763E-015
  -2.4155211457350078E-015
  -2.8061077459892479E-015
  -3.2548301207513818E-015
  -3.7709839718073187E-015
  -4.3652617811374182E-015
  -5.0499742790481426E-015
  -5.8393054270171014E-015
  -6.7496061956773960E-015
  -7.7997332216912512E-015
  -9.0114393565526641E-015
  -1.0409824194853117E-014
  -1.2023853911488607E-014
  -1.3886961172391597E-014
  -1.6037737541348236E-014
  -1.8520732720632935E-014
  -2.1387377175206644E-014
  -2.4697047244874441E-014
  -2.8518294798966856E-014
  -3.2930266894869600E-014
  -3.8024344835600824E-014
  -4.3906036564057256E-014
  -5.0697161576550113E-014
  -5.8538373594400638E-014
  -6.7592073225023953E-014
  -7.8045770917844432E-014
  -9.0115969842678863E-014
  -1.0405264908185899E-013
  -1.2014443995513443E-013
  -1.3872460264553836E-013
  -1.6017792686191123E-013
  -1.8494869940257677E-013
  -2.1354990357067044E-013
  -2.4657384089195601E-013
  -2.8470439502841551E-013
  -3.2873119177482562E-013
  -3.7956594827450023E-013
  -4.3826134990669026E-013
  -5.0603284561965774E-013
  -5.8428381289301579E-013
  -6.7463461326074975E-013
  -7.7895613985586505E-013
  -8.9940855141537911E-013
  -1.0384859945345536E-012
  -1.1990682399033717E-012
  -1.3844803013612375E-012
  -1.5985612718290354E-012
  -1.8457438009401157E-012
  -2.1311458594409418E-012
  -2.4606766897256709E-012
  -2.8411591354688672E-012
  -3.2804708823021474E-012
  -3.7877075328581007E-012
  -4.3733708913766220E-012
  -5.0495863547848206E-012
  -5.8303539095168316E-012
  -6.7318379287976089E-012
  -7.7727017680644807E-012
  -8.9744940832554608E-012
  -1.0362094867034808E-011
  -1.1964230433799362E-011
  -1.3814068011081449E-011
  -1.5949902242254436E-011
  -1.8415947807336151E-011
  -2.1263254564521068E-011
  -2.4550764150282620E-011
  -2.8346529902921099E-011
  -3.2729125353844284E-011
  -3.7789270432569007E-011
  -4.3631709036137511E-011
  -5.0377376814541889E-011
  -5.8165904028431502E-011
  -6.7158505268057998E-011
  -7.7541315826499689E-011
  -8.9529243761272460E-011
  -1.0337041734763391E-010
  -1.1935131994491558E-010
  -1.3780271851887143E-010
  -1.5910650848247841E-010
  -1.8370361647449100E-010
  -2.1210312458144049E-010
  -2.4489280477737117E-010
  -2.8275128152905975E-010
  -3.2646207419616947E-010
  -3.7692980974237459E-010
  -4.3519894116922754E-010
  -5.0247535891796899E-010
  -5.8015134232761064E-010
  -6.6983436732810568E-010
  -7.7338036631413051E-010
  -8.9293212823759339E-010
  -1.0309636332799847E-009
  -1.1903312392178882E-009
  -1.3743327783148974E-009
  -1.5867757871915461E-009
  -1.8320562810252117E-009
  -2.1152497015205276E-009
  -2.4422159198775068E-009
  -2.8197204666758313E-009
  -3.2555744962005857E-009
  -3.7587963801967101E-009
  -4.3397982733683806E-009
  -5.0106015093848584E-009
  -5.7850852823945940E-009
  -6.6792737574126800E-009
  -7.7116675476659136E-009
  -8.9036264144862220E-009
  -1.0279811104607131E-008
  -1.1868693462639705E-008
  -1.3703145368367975E-008
  -1.5821118678498876E-008
  -1.8266430234327298E-008
  -2.1089668169337598E-008
  -2.4349238258973939E-008
  -2.8112571950525587E-008
  -3.2457521054153610E-008
  -3.7473967935641965E-008
  -4.3265684507275198E-008
  -4.9952478457437645E-008
  -5.7672671098433766E-008
  -6.6585958068412024E-008
  -7.6876712038862634E-008
  -8.8757795717575202E-008
  -1.0247496398707709E-007
  -1.1831194619850193E-007
  -1.3659631370231272E-007
  -1.5770625393096776E-007
  -1.8207839109000510E-007
  -2.1021681515048917E-007
  -2.4270350581450421E-007
  -2.8021036696265162E-007
  -3.2351312038431209E-007
  -3.7350734602581960E-007
  -4.3122700036298644E-007
  -4.9786579572961877E-007
  -5.7480188257141174E-007
  -6.6362634486703621E-007
  -7.6617609777623568E-007
  -8.8457186756710950E-007
  -1.0212620389218469E-006
  -1.1790732759927105E-006
  -1.3612689635840838E-006
  -1.5716166764648935E-006
  -1.8144660714085098E-006
  -2.0948388119699227E-006
  -2.4185323846936052E-006
  -2.7922399525384298E-006
  -3.2236887227402358E-006
  -3.7217996889561577E-006
  -4.2968720492531672E-006
  -4.9607961114427966E-006
  -5.7272990859603678E-006
  -6.6122288461029575E-006
  -7.6338815200165787E-006
  -8.8133796845686248E-006
  -1.0175108976868694E-005
  -1.1747222146310673E-005
  -1.3562220963538811E-005
  -1.5657628011477937E-005
  -1.8076762240746092E-005
  -2.0869634315750942E-005
  -2.4093980252848149E-005
  -2.7816454709236649E-005
  -3.2114008579804447E-005
  -3.7075479367052943E-005
  -4.2803427185172710E-005
  -4.9416254334118567E-005
  -5.7050652237954589E-005
  -6.5864426304813422E-005
  -7.6039757073223998E-005
  -8.7786965022558950E-005
  -1.0134885683008620E-004
  -1.1700574286846738E-004
  -1.3508122960359319E-004
  -1.5594890655974762E-004
  -1.8004006599782482E-004
  -2.0785261478429564E-004
  -2.3996136255436385E-004
  -2.7702989870080229E-004
  -3.1982430353736497E-004
  -3.6922897687010416E-004
  -4.2626491094368521E-004
  -4.9211078521593787E-004
  -5.6812731869489825E-004
  -6.5588538285187741E-004
  -7.5719845579082571E-004
  -8.7416008801206857E-004
  -1.0091871536085631E-003
  -1.1650697802120824E-003
  -1.3450289889320216E-003
  -1.5527832347484150E-003
  -1.7926252216204260E-003
  -2.0695105787466288E-003
  -2.3891602293440975E-003
  -2.7581785660561612E-003
  -3.1841898734905555E-003
  -3.6759958151685538E-003
  -4.2437572371093460E-003
  -4.8992040423609766E-003
  -5.6558774703837165E-003
  -6.5294097842579450E-003
  -7.5378471410368162E-003
  -8.7020223121365946E-003
  -1.0045984949857031E-002
  -1.1597498284193698E-002
  -1.3388612505565414E-002
  -1.5456326672238976E-002
  -1.7843352808765502E-002
  -2.0598997971365392E-002
  -2.3780182491451363E-002
  -2.7452615419619443E-002
  -3.1692151437480873E-002
  -3.6586357250621711E-002
  -4.2236319800064107E-002
  -4.8758733621096430E-002
  -5.6288310440241886E-002
  -6.4980560752345234E-002
  -7.5015004797522211E-002
  -8.6598879220461875E-002
  -9.9971415925173612E-002
 -0.11540878144782075     
 -0.13322977880245132     
 -0.15380242949049103     
 -0.17755157152947651     
 -0.20496763032444637     
 -0.23661674340927391     
 -0.27315244802436728     
 -0.31532917274797967     
 -0.36401781162620478     
 -0.42022370221957522     
 -0.48510737858853381     
 -0.56000852749918595     
 -0.64647364222582915     
 -0.74628794462118964     
 -0.86151223419284506     
 -0.99452542458154158     
  -1.1480736451808544     
  -1.3253269210882568     
  -1.5299446009288853     
  -1.7661508825699199     
  -2.0388219950678015     
  -2.3535868356590282     
  -2.7169431381774154     
  -3.1363915696808968     
  -3.6205905219068200     
  -4.1795347910731460     
  -4.8247618323074937     
  -5.5695898437781448     
  -6.4293925921500472     
  -7.4219166488329105     
  -8.5676475812545849     
  -9.8902326531183871     
  -11.416968753107593     
  -13.179365616815183     
  -15.213795959540176     
  -17.562245930019998     
  -20.273181364116290     
  -23.402547705594831     
  -27.014924217672434     
  -31.184856290774068     
  -35.998393324544310     
  -41.554863901299868     
  -47.968924861180916     
  -55.372926537124044     
  -63.919642926860959     
  -73.785423103821230     
  -85.173828854187278     
  -98.319833552437771     
  -113.49466885915194     
  -131.01141918113399     
  -151.23147925032836     
  -174.57200797227031     
  -201.51453223367744     
  -232.61487806552665     
  -268.51463392113214     
  -309.95438241224781     
  -357.78897330091269     
  -413.00515262186758     
  -476.74191137694595     
  -550.31397329965375     
  -635.23890589026405     
  -733.26841360235221     
  -846.42445825953462     
  -977.04095127225287     
  -1127.8118770586264     
  -1301.8468396165799     
  -1502.7351771773490     
  -1734.6199664447820     
  -2002.2834417282756     
  -2311.2455895081689     
  -2667.8779504768308     
  -3079.5349744693817     
  -3554.7056353901921     
  -4103.1884307053460     
  -4736.2933719061184     
  -5467.0751284788412     
  -6310.6021297968819     
  -7284.2671702014322     
  -8408.1459176177741     
  -9705.4107129735366     
  -11202.808186770550     
  -12931.210533870899     
  -14926.251804965637     
  -17229.062324549472     
  -19887.116366591701     
  -22955.210552097215     
  -26496.593125431016     
  -30584.267374081461     
  -35302.496043451094     
  -40748.537738144783     
  -47034.651079309449     
  -54290.407902243118     
  -62665.363143270559     
  -72332.136410813386     
  -83489.968713896320     
  -96368.827606565770     
  -111234.14530029164     
  -128392.28733085886     
  -148196.86440984416     
  -171056.01745317518     
  -197440.82581786366     
  -227895.01190524842     
  -263046.14198099053     
  -303618.55386800336     
  -350448.27772249712     
  -404500.25713709852     
  -466888.22517305060     
  -538897.64458040544     
  -622012.18454567902     
  -717944.27910872980     
  -828670.39641275478     
  -956471.74492219836     
  -1103981.2546583738     
  -1274237.8006644328     
  -1470748.7849775550     
  -1697562.3654238298     
  -1959350.8180998035     
  -2261506.7495488729     
  -2610254.1390947825     
  -3012776.4969988316     
  -3477364.7763405521     
  -4013588.0830293768     
  -4632490.6974991625     
  -5346819.4630685700     
  -6171286.2208049484     
  -7122870.6918598646     
  -8221170.0404828172     
  -9488802.3113828562     
  -10951872.043549115     
  -12640507.641856965     
  -14589481.564083815     
  -16838926.084697291     
  -19435159.362994090     
  -22431638.812292442     
  -25890061.385573901     
  -29881633.415077072     
  -34488536.131005466     
  -39805617.009432793     
  -45942341.744424656     
  -53025046.999842420     
  -61199540.282457888     
  -70634100.417061508     
  -81522940.342952743     
  -94090203.458920434     
  -108594575.71599457     
  -125334608.31941651     
  -144654860.51370019     
  -166952988.78768560     
  -192687928.29671142     
  -222389334.75641564     
  -256668480.97875404     
  -296230832.12821859     
  -341890558.28955340     
  -394587282.76675546     
  -455405410.49524897     
  -525596433.98929828     
  -606604675.45482588     
  -700096994.33148849     
  -807997071.03839660     
  -932524971.75994277     
  -1076242807.6543236     
  -1242107427.1275177     
  -1433531224.3629909     
  -1654452314.1016786     
  -1909415515.1543326     
  -2203665807.2531061     
  -2543256182.1738605     
  -2935172105.8500161     
  -3387475149.5280981     
  -3909468741.8948674     
  -4511889448.6254444     
  -5207127710.2955885     
  -6009482574.8404875     
  -6935455659.1558523     
  -8004090380.3666229     
  -9237363427.2831078     
  -10660636515.719707     
  -12303177709.702120     
  -14198763019.560534     
  -16386370636.836979     
  -18910982068.677681     
  -21824506629.998119     
  -25186848285.272594     
  -29067136755.320545     
  -33545148177.949280     
  -38712944504.013809     
  -44676765302.267479     
  -51559210829.496872     
  -59501761203.238525     
  -68667683415.608330     
  -79245385890.068054     
  -91452289471.725327     
  -105539294344.57578     
  -121795934603.51775     
  -140556326326.04193     
  -162206031277.87970     
  -187189977182.80276     
  -216021597174.83578     
  -249293376076.32062     
  -287689020020.95337     
  -331997499259.46521     
  -383129252430.51392     
  -442134884939.20105     
  -510226745270.32965     
  -588803822122.91553     
  -679480473397.87537     
  -784119576699.84985     
  -904870781739.33752     
  -1044214649703.2644     
  -1205013585447.4800     
  -1390570607730.2578     
  -1604697163509.3801     
  -1851791377863.9216     
  -2136928345179.5862     
  -2465964314242.4624     
  -2845656904884.3765     
  -3283803822656.2368     
  -3789402917414.9419     
  -4372836869471.9106     
  -5046086292040.4814     
  -5822975621487.9785     
  -6719456839290.8691     
  -7753936845388.8643     
  -8947655197735.5820     
  -10325119965593.250     
  -11914610635680.492     
  -13748758385072.623     
  -15865215620943.408     
  -18307428517326.836     
  -21125528390563.145     
  -24377360191235.703     
  -28129669201112.996     
  -32459470266463.746     
  -37455627640542.953     
  -43220677824692.867     
  -49872932777784.023     
  -57548906609645.055     
  -66406115503380.609     
  -76626308259822.594     
  -88419193681435.969     
  -102026741193507.84     
  -117728142845860.58     
  -135845538389147.86     
  -156750620753479.00     
  -180872257293761.97     
  -208705282975032.69     
  -240820645678157.50     
  -277877111503119.91     
  -320634769900598.00     
  -369970615326779.25     
  -426896524645899.12     
  -492579998570300.00     
  -568368092033083.75     
  -655815023692120.62     
  -756714030102684.50     
  -873134117010986.88     
  -1007462460490859.2     
  -1162453326322449.2     
  -1341284509461799.5     
  -1547622449403877.5     
  -1785697354848589.8     
  -2060389875972893.0     
  -2377331098983590.0     
  -2743017910309740.5     
  -3164946092368269.5     
  -3651763875735245.0     
  -4213449091200304.0     
  -4861513548134418.0     
  -5609238822737658.0     
  -6471948282446517.0     
  -7467320914211330.0     
  -8615753379662838.0     
  -9940777706859920.0     
  -11469543166519318.     
  -13233372193641178.     
  -15268401730101492.     
  -17616323111044662.     
  -20325235633489340.     
  -23450631270653508.     
  -27056530677628696.     
  -31216793727999900.     
  -36016631390042396.     
  -41554349868156880.     
  -47943362684351856.     
  -55314511852878536.     
  -63818745620489792.     
  -73630207534330560.     
  -84949800008079744.     
  -98009295256412768.     
  -1.1307607765625456E+017
  -1.3045861449915664E+017
  -1.5051276698603674E+017
  -1.7364907048747843E+017
  -2.0034113290046339E+017
  -2.3113532278025590E+017
  -2.6666194528068598E+017
  -3.0764813433535846E+017
  -3.5493272457696570E+017
  -4.0948340693772192E+017
  -4.7241651852658413E+017
  -5.4501987119064288E+017
  -6.2877908523717376E+017
  -7.2540796638611686E+017
  -8.3688354660126144E+017
  -9.6548650469730483E+017
  -1.1138477924828041E+018
  -1.2850024189174904E+018
  -1.4824514909218534E+018
  -1.7102337780591916E+018
  -1.9730082627545252E+018
  -2.2761493619873050E+018
  -2.6258567650702802E+018
  -3.0292821304811535E+018
  -3.4946752288315981E+018
  -4.0315525159575096E+018
  -4.6508915778885970E+018
  -5.3653554174388081E+018
  -6.1895511611168543E+018
  -7.1403284674034156E+018
  -8.2371237274970317E+018
  -9.5023570839069225E+018
  -1.0961890369812197E+019
  -1.2645555314875556E+019
  -1.4587762796524372E+019
  -1.6828205568803064E+019
  -1.9412668807444541E+019
  -2.2393965008653722E+019
  -2.5833012315044397E+019
  -2.9800078266887909E+019
  -3.4376214349901382E+019
  -3.9654910600935432E+019
  -4.5744004019355607E+019
  -5.2767879706025976E+019
  -6.0870009618974081E+019
  -7.0215880716563743E+019
  -8.0996372195458761E+019
  -9.3431650683427176E+019
  -1.0777566280246170E+020
  -1.2432131669067194E+020
  -1.4340645810974253E+020
  -1.6542076295420605E+020
  -1.9081368664886804E+020
  -2.2010363245142478E+020
  -2.5388852550679645E+020
  -2.9285800813322306E+020
  -3.3780750484035286E+020
  -3.8965444365823017E+020
  -4.4945696426794169E+020
  -5.1843549406299469E+020
  -5.9799763166532377E+020
  -6.8976684475886613E+020
  -7.9561556675644713E+020
  -9.1770336636143298E+020
  -1.0585209673451117E+021
  -1.2209410149336065E+021
  -1.4082766225052087E+021
  -1.6243488906317078E+021
  -1.8735647730741577E+021
  -2.1610068748755998E+021
  -2.4925370104595187E+021
  -2.8749156295768445E+021
  -3.3159395417346613E+021
  -3.8246007419452648E+021
  -4.4112695698170063E+021
  -5.0879059288876489E+021
  -5.8683028637295617E+021
  -6.7683674503246596E+021
  -7.8064447138789872E+021
  -9.0036911630297711E+021
  -1.0384505538055344E+022
  -1.1977025533711332E+022
  -1.3813700598297140E+022
  -1.5931952456728865E+022
  -1.8374936788143859E+022
  -2.1192421544073781E+022
  -2.4441799763214287E+022
  -2.8189257471386387E+022
  -3.2511120405874734E+022
  -3.7495406935867207E+022
  -4.3243618738903087E+022
  -4.9872805622026131E+022
  -5.7517946443679599E+022
  -6.6334694511189795E+022
  -7.6502543229136243E+022
  -8.8228476306065944E+022
  -1.0175117666387503E+023
  -1.1734587953518501E+023
  -1.3532996830908706E+023
  -1.5606942675974777E+023
  -1.7998627867108115E+023
  -2.0756716590619062E+023
  -2.3937323906856376E+023
  -2.7605156153106998E+023
  -3.1834825830816332E+023
  -3.6712367663821361E+023
  -4.2336986594345211E+023
  -4.8823073187095710E+023
  -5.6302527334195009E+023
  -6.4927437404639413E+023
  -7.4873169188109694E+023
  -8.6341927290105876E+023
  -9.9566861211724007E+023
  -1.1481679938674934E+024
  -1.3240170717452535E+024
  -1.5267897947678263E+024
  -1.7606069555709513E+024
  -2.0302198313498759E+024
  -2.3411066129727587E+024
  -2.6995835767147746E+024
  -3.1129332516393713E+024
  -3.5895521798244426E+024
  -4.1391212633547523E+024
  -4.7728021492982783E+024
  -5.5034636309974039E+024
  -6.3459426515901542E+024
  -7.3173451960112311E+024
  -8.4373931649593020E+024
  -9.7288242547661512E+024
  -1.1217852939562166E+025
  -1.2934701888265183E+025
  -1.4914214573692364E+025
  -1.7196561473281351E+025
  -1.9828054153666807E+025
  -2.2862083712906672E+025
  -2.6360202568528607E+025
  -3.0393371477523281E+025
  -3.5043397014434878E+025
  -4.0404588583190026E+025
  -4.6585668474936129E+025
  -5.3711973597433907E+025
  -6.1927993394609978E+025
  -7.1400295266581003E+025
  -8.2320896627772530E+025
  -9.4911151761501584E+025
  -1.0942623202543384E+026
  -1.2616028994323118E+026
  -1.4545241152494539E+026
  -1.6769347707054395E+026
  -1.9333406904798309E+026
  -2.2289358676890906E+026
  -2.5697075193703742E+026
  -2.9625571720700819E+026
  -3.4154402223016702E+026
  -3.9375267892942333E+026
  -4.5393871068832045E+026
  -5.2332051962413156E+026
  -6.0330251313710191E+026
  -6.9550348663535887E+026
  -8.0178933504955532E+026
  -9.2431075299613853E+026
  -1.0655466839781006E+027
  -1.2283543948488895E+027
  -1.4160271852380824E+027
  -1.6323608954298285E+027
  -1.8817305533884238E+027
  -2.1691787058011246E+027
  -2.5005172132593653E+027
  -2.8824445607524663E+027
  -3.3226810469477864E+027
  -3.8301245755505832E+027
  -4.4150301866014869E+027
  -5.0892169432031804E+027
  -5.8663063394592237E+027
  -6.7619970294020697E+027
  -7.7943814071074676E+027
  -8.9843104096941141E+027
  -1.0355813884372365E+028
  -1.1936584977579103E+028
  -1.3758538290915587E+028
  -1.5858453030889824E+028
  -1.8278714087070242E+028
  -2.1068165940409031E+028
  -2.4283096569612798E+028
  -2.7988371133929100E+028
  -3.2258738217873710E+028
  -3.7180334887474461E+028
  -4.2852420797919422E+028
  -4.9389376188959989E+028
  -5.6923003899040756E+028
  -6.5605181627869780E+028
  -7.5610917702037024E+028
  -8.7141871689869448E+028
  -1.0043041053182231E+029
  -1.1574428158772373E+029
  -1.3339199636674217E+029
  -1.5372903294719166E+029
  -1.7716498149583961E+029
  -2.0417177618797404E+029
  -2.3529317858751485E+029
  -2.7115570260547826E+029
  -3.1248120001550854E+029
  -3.6010135874314631E+029
  -4.1497440442442210E+029
  -4.7820433981311046E+029
  -5.5106310738406238E+029
  -6.3501611894508812E+029
  -7.3175166339778792E+029
  -8.4321478132086269E+029
  -9.7164628433323068E+029
  -1.1196277000079754E+030
  -1.2901330415001699E+030
  -1.4865884373801714E+030
  -1.7129408141439048E+030
  -1.9737370046282935E+030
  -2.2742148636912051E+030
  -2.6204082121627277E+030
  -3.0192677060059832E+030
  -3.4788000453291607E+030
  -4.0082283036833540E+030
  -4.6181765792349510E+030
  -5.3208826542868306E+030
  -6.1304429078737751E+030
  -7.0630943688633426E+030
  -8.1375395369172714E+030
  -9.3753204505002092E+030
  -1.0801249461769310E+031
  -1.2443905307098541E+031
  -1.4336204361579798E+031
  -1.6516058461871867E+031
  -1.9027132403898146E+031
  -2.1919716204257714E+031
  -2.5251729496091522E+031
  -2.9089878056737416E+031
  -3.3510985487828285E+031
  -3.8603526548390306E+031
  -4.4469392646853447E+031
  -5.1225924607940754E+031
  -5.9008253136339005E+031
  -6.7971993505784414E+031
  -7.8296348030432556E+031
  -9.0187677964003927E+031
  -1.0388361578098645E+032
  -1.1965779950696289E+032
  -1.3782532309339605E+032
  -1.5874901101924348E+032
  -1.8284664162746625E+032
  -2.1059926249081065E+032
  -2.4256076271853972E+032
  -2.7936889199010201E+032
  -3.2175794472309365E+032
  -3.7057336071496046E+032
  -4.2678853148902518E+032
  -4.9152414517129833E+032
  -5.6607045288276781E+032
  -6.5191289733883587E+032
  -7.5076161073766079E+032
  -8.6458536539694540E+032
  -9.9565064846445794E+032
  -1.1465666331065024E+033
  -1.3203369348545889E+033
  -1.5204191755449307E+033
  -1.7507935311412437E+033
  -2.0160416167047300E+033
  -2.3214372653339372E+033
  -2.6730509920284891E+033
  -3.0778702027185079E+033
  -3.5439375184158557E+033
  -4.0805099406427390E+033
  -4.6982419939424443E+033
  -5.4093964523824013E+033
  -6.2280867987246029E+033
  -7.1705561879413743E+033
  -8.2554984031550957E+033
  -9.5044271158541566E+033
  -1.0942100709447081E+034
  -1.2597011014322609E+034
  -1.4501945554801421E+034
  -1.6694634348075767E+034
  -1.9218493950453572E+034
  -2.2123483349148544E+034
  -2.5467088485480179E+034
  -2.9315454710173014E+034
  -3.3744689362309960E+034
  -3.8842359986508943E+034
  -4.4709217522516379E+034
  -5.1461178191699038E+034
  -5.9231602850936047E+034
  -6.8173918383884035E+034
  -7.8464632364755328E+034
  -9.0306799889533710E+034
  -1.0393401027202858E+035
  -1.1961497141739286E+035
  -1.3765878130900455E+035
  -1.5842098940020877E+035
  -1.8231056604787434E+035
  -2.0979791575575104E+035
  -2.4142409025175553E+035
  -2.7781138069439738E+035
  -3.1967549503712436E+035
  -3.6783955728920634E+035
  -4.2325020068767159E+035
  -4.8699606731376197E+035
  -5.6032907322642625E+035
  -6.4468885163639173E+035
  -7.4173084803085525E+035
  -8.5335861165544631E+035
  -9.8176090871467570E+035
  -1.1294543756112284E+036
  -1.2993325372826900E+036
  -1.4947221382475172E+036
  -1.7194478746758741E+036
  -1.9779067773346031E+036
  -2.2751536806923263E+036
  -2.6169994263353869E+036
  -3.0101236931807129E+036
  -3.4622046274138604E+036
  -3.9820677669457990E+036
  -4.5798571245662334E+036
  -5.2672317178635133E+036
  -6.0575913203939899E+036
  -6.9663357667021723E+036
  -8.0111627841457064E+036
  -9.2124100591332618E+036
  -1.0593448088168432E+037
  -1.2181131330856834E+037
  -1.4006316290936004E+037
  -1.6104456423234145E+037
  -1.8516285223089966E+037
  -2.1288600527475715E+037
  -2.4475164975132776E+037
  -2.8137739772271620E+037
  -3.2347271431821457E+037
  -3.7185254044806030E+037
  -4.2745292955941230E+037
  -4.9134899513554391E+037
  -5.6477550916875317E+037
  -6.4915054172287869E+037
  -7.4610258886545363E+037
  -8.5750170174839755E+037
  -9.8549520465786301E+037
  -1.1325486758204462E+038
  -1.3014929632251657E+038
  -1.4955781205062002E+038
  -1.7185352770974720E+038
  -1.9746476047801270E+038
  -2.2688317120994189E+038
  -2.6067309920162707E+038
  -2.9948226701095588E+038
  -3.4405405546897964E+038
  -3.9524157809293336E+038
  -4.5402381738194131E+038
  -5.2152412354383983E+038
  -5.9903141975181252E+038
  -6.8802450784576601E+038
  -7.9019992536938226E+038
  -9.0750386998950719E+038
  -1.0421687818436058E+039
  -1.1967552595307492E+039
  -1.3742000828156246E+039
  -1.5778712263791391E+039
  -1.8116308760904568E+039
  -2.0799076045354700E+039
  -2.3877790284697103E+039
  -2.7410664603785635E+039
  -3.1464432827367088E+039
  -3.6115590206327151E+039
  -4.1451813704548566E+039
  -4.7573587642024973E+039
  -5.4596064162462340E+039
  -6.2651192183221899E+039
  -7.1890153263862893E+039
  -8.2486148278246332E+039
  -9.4637584986743580E+039
  -1.0857172368465938E+040
  -1.2454884616980264E+040
  -1.4286702246151459E+040
  -1.6386756016879465E+040
  -1.8794123332029527E+040
  -2.1553540103081050E+040
  -2.4716214181040101E+040
  -2.8340754687574474E+040
  -3.2494233578395807E+040
  -3.7253398039940975E+040
  -4.2706054898811567E+040
  -4.8952651152317227E+040
  -5.6108078054195003E+040
  -6.4303729964390154E+040
  -7.3689853454519226E+040
  -8.4438227017493069E+040
  -9.6745217235167250E+040
  -1.1083526349537576E+041
  -1.2696485041303123E+041
  -1.4542703510418031E+041
  -1.6655660550453689E+041
  -1.9073595614646091E+041
  -2.1840177935722946E+041
  -2.5005268288014591E+041
  -2.8625785963028879E+041
  -3.2766695188030675E+041
  -3.7502127085219431E+041
  -4.2916655371559446E+041
  -4.9106746363439974E+041
  -5.6182406506092591E+041
  -6.4269053627914207E+041
  -7.3509641460404648E+041
  -8.4067070704336349E+041
  -9.6126924104257142E+041
  -1.0990056766193945E+042
  -1.2562866532354605E+042
  -1.4358516026667809E+042
  -1.6408178234634796E+042
  -1.8747314838965274E+042
  -2.1416252991523994E+042
  -2.4460837155356139E+042
  -2.7933165301416799E+042
  -3.1892419794044615E+042
  -3.6405804445785548E+042
  -4.1549600469714734E+042
  -4.7410355408355936E+042
  -5.4086220573126110E+042
  -6.1688454084693296E+042
  -7.0343108256839836E+042
  -8.0192921803643405E+042
  -9.1399439154968561E+042
  -1.0414538101313110E+043
  -1.1863729213831953E+043
  -1.3510849416257853E+043
  -1.5382237293532882E+043
  -1.7507603140918141E+043
  -1.9920434026735554E+043
  -2.2658441922285100E+043
  -2.5764058199067722E+043
  -2.9284977709937242E+043
  -3.3274755464993822E+043
  -3.7793458544693987E+043
  -4.2908375310890468E+043
  -4.8694783117100281E+043
  -5.5236774501349905E+043
  -6.2628140166786472E+043
  -7.0973304789217501E+043
  -8.0388308676723976E+043
  -9.1001824343746780E+043
  -1.0295619189900260E+044
  -1.1640845046796787E+044
  -1.3153133428127820E+044
  -1.4851419106460826E+044
  -1.6756376634145022E+044
  -1.8890477942645752E+044
  -2.1278019426131440E+044
  -2.3945105959062706E+044
  -2.6919575673270110E+044
  -3.0230844739994196E+044
  -3.3909645617459169E+044
  -3.7987624918968231E+044
  -4.2496757829148025E+044
  -4.7468524336269779E+044
  -5.2932777805128570E+044
  -5.8916217754645441E+044
  -6.5440355058929023E+044
  -7.2518827786686356E+044
  -8.0153887761318115E+044
  -8.8331829374423632E+044
  -9.7017070252449584E+044
  -1.0614451420386929E+045
  -1.1560972543637427E+045
  -1.2525631276153820E+045
  -1.3485975479467447E+045
  -1.4410668072270440E+045
  -1.5256834123858932E+045
  -1.5966664132543660E+045
  -1.6463063549631051E+045
  -1.6644077473351309E+045
  -1.6375740406316438E+045
  -1.5482900232276603E+045
  -1.3737443136657736E+045
  -1.0843226779340577E+045
  -6.4171353928907576E+044
  -5.8273968375975518E+040
