   0.0000000000000000     
  -1.1011010049952404E-016
  -2.2273341220941603E-016
  -3.4044046377535225E-016
  -4.6591776545047162E-016
  -6.0202912217406319E-016
  -7.5188099074803412E-016
  -9.1889337257658776E-016
  -1.1068778596846205E-015
  -1.3201246148921949E-015
  -1.5635002708168925E-015
  -1.8425589814506666E-015
  -2.1636691600937716E-015
  -2.5341587952686824E-015
  -2.9624826600434436E-015
  -3.4584152296330735E-015
  -4.0332737086111097E-015
  -4.7001762559276307E-015
  -5.4743412988616204E-015
  -6.3734347643480513E-015
  -7.4179731491921989E-015
  -8.6317916244464976E-015
  -1.0042587852730724E-014
  -1.1682553924359935E-014
  -1.3589110828197007E-014
  -1.5805762212011872E-014
  -1.8383086908150100E-014
  -2.1379892865547633E-014
  -2.4864558810764061E-014
  -2.8916594242708929E-014
  -3.3628453345759488E-014
  -3.9107644197588135E-014
  -4.5479181383314205E-014
  -5.2888437960169138E-014
  -6.1504461825337545E-014
  -7.1523832131727577E-014
  -8.3175143713678677E-014
  -9.6724221807919855E-014
  -1.1248018601107617E-013
  -1.3080250178350284E-013
  -1.5210918033187471E-013
  -1.7688631389336263E-013
  -2.0569916389960466E-013
  -2.3920505491349415E-013
  -2.7816836841360102E-013
  -3.2347797838884875E-013
  -3.7616752639182406E-013
  -4.3743899845251171E-013
  -5.0869014155180358E-013
  -5.9154634491267783E-013
  -6.8789771318288992E-013
  -7.9994217697782365E-013
  -9.3023562392523246E-013
  -1.0817501934439202E-012
  -1.2579420646459531E-012
  -1.4628302832210645E-012
  -1.7010884248778094E-012
  -1.9781511856175771E-012
  -2.3003383294779763E-012
  -2.6749988201609946E-012
  -3.1106784231816847E-012
  -3.6173146003269394E-012
  -4.2064631405013376E-012
  -4.8915616946444761E-012
  -5.6882362238276789E-012
  -6.6146573480590680E-012
  -7.6919547210492316E-012
  -8.9446988791505720E-012
  -1.0401461551040003E-011
  -1.2095467203534382E-011
  -1.4065350678987668E-011
  -1.6356038198432870E-011
  -1.9019771817134339E-011
  -2.2117300689615900E-011
  -2.5719266304073599E-011
  -2.9907813268049326E-011
  -3.4778462369126065E-011
  -4.0442288613405988E-011
  -4.7028453896929170E-011
  -5.4687152049445566E-011
  -6.3593033390326094E-011
  -7.3949186867143345E-011
  -8.5991770557699534E-011
  -9.9995396095714344E-011
  -1.1627938976584804E-010
  -1.3521507299689845E-010
  -1.5723422821830097E-010
  -1.8283894306404051E-010
  -2.1261305732551638E-010
  -2.4723547358677771E-010
  -2.8749563495440786E-010
  -3.3431152268823598E-010
  -3.8875058397362292E-010
  -4.5205406686014527E-010
  -5.2566531704698863E-010
  -6.1126268149184873E-010
  -7.1079776881527745E-010
  -8.2653993855875096E-010
  -9.6112803331425306E-010
  -1.1176305328106597E-009
  -1.2996155009789525E-009
  -1.5112319201977731E-009
  -1.7573042664283846E-009
  -2.0434424806966925E-009
  -2.3761698432450330E-009
  -2.7630716646523268E-009
  -3.2129681826034650E-009
  -3.7361156045859157E-009
  -4.3444398781709877E-009
  -5.0518085163119559E-009
  -5.8743466722525033E-009
  -6.8308046669432247E-009
  -7.9429853442830734E-009
  -9.2362409927471214E-009
  -1.0740051157089303E-008
  -1.2488694506930871E-008
  -1.4522030072151011E-008
  -1.6886405646907659E-008
  -1.9635714061601801E-008
  -2.2832621391163407E-008
  -2.6549995085429206E-008
  -3.0872564562339570E-008
  -3.5898852100963027E-008
  -4.1743418029607447E-008
  -4.8539471364774709E-008
  -5.6441905382565789E-008
  -6.5630827284993997E-008
  -7.6315662380024440E-008
  -8.8739926282420050E-008
  -1.0318677386075303E-007
  -1.1998545135085999E-007
  -1.3951879863060933E-007
  -1.6223197257372262E-007
  -1.8864259021641070E-007
  -2.1935252281327999E-007
  -2.5506160946494265E-007
  -2.9658360272550369E-007
  -3.4486470943942880E-007
  -4.0100514917209803E-007
  -4.6628422133289017E-007
  -5.4218945200925779E-007
  -6.3045048445497082E-007
  -7.3307848522168663E-007
  -8.5241196355074397E-007
  -9.9117004771238098E-007
  -1.1525144318187614E-006
  -1.3401214041127378E-006
  -1.5582655973429617E-006
  -1.8119173688061315E-006
  -2.1068560280479309E-006
  -2.4498014911336235E-006
  -2.8485673600454424E-006
  -3.3122389136919389E-006
  -3.8513800643340746E-006
  -4.4782739928611780E-006
  -5.2072029433057265E-006
  -6.0547735487312895E-006
  -7.0402950974660101E-006
  -8.1862193541906842E-006
  -9.5186519520724732E-006
  -1.1067947001874048E-005
  -1.2869398458866835E-005
  -1.4964043991575124E-005
  -1.7399599658032401E-005
  -2.0231546673659052E-005
  -2.3524395017875161E-005
  -2.7353152652977465E-005
  -3.1805033810293383E-005
  -3.6981445241746247E-005
  -4.3000295663628625E-005
  -4.9998680977645074E-005
  -5.8136006409645757E-005
  -6.7597616653669557E-005
  -7.8599016674366244E-005
  -9.1390779267822557E-005
  -1.0626425111534531E-004
  -1.2355818724271321E-004
  -1.4366646493253738E-004
  -1.6704705271070917E-004
  -1.9423243859874607E-004
  -2.2584175504243023E-004
  -2.6259487654949152E-004
  -3.0532881097421449E-004
  -3.5501675759671089E-004
  -4.1279026584738497E-004
  -4.7996499910427770E-004
  -5.5807069004864640E-004
  -6.4888596946968474E-004
  -7.5447886133381617E-004
  -8.7725386590169381E-004
  -1.0200067026216670E-003
  -1.1859879588640911E-003
  -1.3789770932534362E-003
  -1.6033684780168915E-003
  -1.8642714387613298E-003
  -2.1676265686494645E-003
  -2.5203409643191096E-003
  -2.9304454615036997E-003
  -3.4072774489652927E-003
  -3.9616934214340314E-003
  -4.6063161090040342E-003
  -5.3558218072619849E-003
  -6.2272744472224471E-003
  -7.2405140077254028E-003
  -8.4186081095133213E-003
  -9.7883770678790036E-003
  -1.1381004352267503E-002
  -1.3232746344550831E-002
  -1.5385757547080711E-002
  -1.7889050018459949E-002
  -2.0799608869011336E-002
  -2.4183689198636501E-002
  -2.8118323987913470E-002
  -3.2693077252783059E-002
  -3.8012082353190722E-002
  -4.4196411833504326E-002
  -5.1386832714979618E-002
  -5.9747009929546388E-002
  -6.9467230779187261E-002
  -8.0768735158054869E-002
  -9.3908750054799817E-002
 -0.10918634287377359     
 -0.12694922674019532     
 -0.14760167260964138     
 -0.17161370817881855     
 -0.19953181286507335     
 -0.23199135215212091     
 -0.26973103416291577     
 -0.31360971731712722     
 -0.36462595140628207     
 -0.42394069659031020     
 -0.49290373709868562     
 -0.57308439045113213     
 -0.66630721070771082     
 -0.77469349783738128     
 -0.90070955734035452     
  -1.0472228077750412     
  -1.2175670123155875     
  -1.4156181179587002     
  -1.6458824272261985     
  -1.9135991076568539     
  -2.2248593704235344     
  -2.5867450284618059     
  -3.0074895851712862     
  -3.4966655170692911     
  -4.0654020093842069     
  -4.7266380960133212     
  -5.4954169602771330     
  -6.3892280887786956     
  -7.4284050586959163     
  -8.6365880037286651     
  -10.041261274442418     
  -11.674378518320918     
  -13.573089392319607     
  -15.780584431272750     
  -18.347077281666156     
  -21.330946633095508     
  -24.800063810161411     
  -28.833336208116418     
  -33.522501662195523     
  -38.974214544739702     
  -45.312471015593445     
  -52.681428560522860     
  -61.248683914752377     
  -71.209083887819659     
  -82.789155718563947     
  -96.252257670431973     
  -111.90456694738060     
  -130.10204104144512     
  -151.25851074694609     
  -175.85508879601639     
  -204.45110797002215     
  -237.69683730087448     
  -276.34826538491740     
  -321.28428680810993     
  -373.52668229184673     
  -434.26334665467130     
  -504.87529248861193     
  -586.96804324655898     
  -682.40812917809433     
  -793.36551550127137     
  -922.36292699096828     
  -1072.3331898625474     
  -1246.6858939920724     
  -1449.3848902790523     
  -1685.0383841346825     
  -1959.0036722594380     
  -2277.5089025587718     
  -2647.7946237907508     
  -3078.2783411286196     
  -3578.7458164654568     
  -4160.5734598572008     
  -4836.9868647927542     
  -5623.3613610356424     
  -6537.5714132468502     
  -7600.3968031480863     
  -8835.9948228152934     
  -10272.449206093517     
  -11942.408268144065     
  -13883.826749352433     
  -16140.828215249188     
  -18764.707602208535     
  -21815.096681660994     
  -25361.318915657335     
  -29483.964477859387     
  -34276.721214065277     
  -39848.503128720164     
  -46325.924740475690     
  -53856.177504134161     
  -62610.373626553213     
  -72787.433217562459     
  -84618.603054589883     
  -98372.709581580115     
  -114362.26543446703     
  -132950.56816537131     
  -154559.95236572935     
  -179681.38257606517     
  -208885.60481148362     
  -242836.10991812224     
  -282304.20310988306     
  -328186.52185036085     
  -381525.39982716716     
  -443532.53937626292     
  -515616.52981872601     
  -599414.83647600561     
  -696830.98661333986     
  -810077.79652755288     
  -941727.62112180504     
  -1094770.7667076206     
  -1272683.3930605436     
  -1479506.4461342436     
  -1719937.4131956957     
  -1999436.9831615852     
  -2324353.0331960674     
  -2702064.7558473987     
  -3141150.1980767036     
  -3651581.0148359691     
  -4244948.8574374039     
  -4934728.5348329265     
  -5736583.9203758389     
  -6668723.5465956908     
  -7752313.9579844680     
  -9011960.2023420837     
  -10476264.364588477     
  -12178474.817671418     
  -14157240.923445780     
  -16457490.308854541     
  -19131448.623665445     
  -22239824.918480493     
  -25853189.539047424     
  -30053575.800272882     
  -34936341.779808722     
  -40612334.471775599     
  -47210405.399909601     
  -54880334.761696190     
  -63796230.441664979     
  -74160479.003077105     
  -86208338.286967859     
  -100213275.79977691     
  -116493173.98554705     
  -135417543.13939667     
  -157415905.57140857     
  -182987541.19231570     
  -212712815.56657648     
  -247266347.36452752     
  -287432313.85677993     
  -334122241.57642198     
  -388395685.62688863     
  -451484266.61290067     
  -524819610.30330473     
  -610065823.62353587     
  -709157243.42739272     
  -824342314.04393780     
  -958234588.54499888     
  -1113872010.1809628     
  -1294785818.1473899     
  -1505080640.0263724     
  -1749527586.8387585     
  -2033672461.3928981     
  -2363961533.2013826     
  -2747887731.4220529     
  -3194160570.0855918     
  -3712903657.7854447     
  -4315884269.2141495     
  -5016780182.5984430     
  -5831489831.6768303     
  -6778492802.5119848     
  -7879268846.3748884     
  -9158784906.0246735     
  -10646061193.977297     
  -12374829152.720819     
  -14384296208.872185     
  -16720034653.139931     
  -19435014790.469559     
  -22590805773.604988     
  -26258971332.536034     
  -30522692027.963219     
  -35478650788.999985     
  -41239224460.072678     
  -47935031014.446838     
  -55717890148.990997     
  -64764264339.135468     
  -75279258316.537338     
  -87501267581.158005     
  -101707381260.70265     
  -118219661716.51741     
  -137412443152.93352     
  -159720814566.26807     
  -185650479192.73416     
  -215789213788.61102     
  -250820187306.88486     
  -291537440642.35260     
  -338863878055.03754     
  -393872177757.43256     
  -457809095251.91675     
  -532123709826.80994     
  -618500253901.65588     
  -718896268675.12231     
  -835586950120.69214     
  -971216689525.17578     
  -1128858975644.5957     
  -1312086014847.0208     
  -1525049645605.8901     
  -1772575379378.2461     
  -2060271697035.0615     
  -2394657075328.5132     
  -2783307619196.4419     
  -3235028642096.9546     
  -3760054078587.6235     
  -4370278243276.1133     
  -5079525182322.1885     
  -5903861714424.8779     
  -6861961246927.4316     
  -7975526601680.6162     
  -9269781420610.9082     
  -10774041272746.125     
  -12522377387854.330     
  -14554388037638.703     
  -16916095020998.449     
  -19660985540293.316     
  -22851223044843.043     
  -26559054440434.031     
  -30868445505828.449     
  -35876981519620.578     
  -41698076099983.148     
  -48463538231531.750     
  -56326555555328.359     
  -65465161413108.023     
  -76086264077992.094     
  -88430329318581.578     
  -102776822218823.19     
  -119450531346393.95     
  -138828918315669.70     
  -161350658978617.66     
  -187525569422256.28     
  -217946141263636.53     
  -253300947120269.00     
  -294390219417856.31     
  -342143954833619.81     
  -397642953772772.12     
  -462143270628007.44     
  -537104627676502.44     
  -624223435067969.75     
  -725471163475127.25     
  -843138936966817.25     
  -979889354257248.88     
  -1138816709858536.5     
  -1323516976508404.2     
  -1538169130848990.2     
  -1787629660679028.0     
  -2077542389980396.2     
  -2414466104058895.5     
  -2806022859355706.5     
  -3261070329863861.0     
  -3789902085178044.0     
  -4404480326280254.5     
  -5118706338468575.0     
  -5948734772929562.0     
  -6913338858576044.0     
  -8034334796276401.0     
  -9337074924463640.0     
  -10851020798514000.     
  -12610409131293368.     
  -14655025639631948.     
  -17031104278547268.     
  -19792372176801972.     
  -23001263877771912.     
  -26730332312875800.     
  -31063888377267552.     
  -36099906139373168.     
  -41952236713653416.     
  -48753180795037016.     
  -56656477951052144.     
  -65840780176498648.     
  -76513688147838224.     
  -88916441316985200.     
  -1.0332936774343477E+017
  -1.2007821671262670E+017
  -1.3954151711396867E+017
  -1.6215912770349779E+017
  -1.8844217227595834E+017
  -2.1898458402584486E+017
  -2.5447651969162954E+017
  -2.9571994627096333E+017
  -3.4364675211865818E+017
  -3.9933979119925517E+017
  -4.6405733544638682E+017
  -5.3926148707422950E+017
  -6.2665119202585318E+017
  -7.2820059954348915E+017
  -8.4620363344685018E+017
  -9.8332578082648346E+017
  -1.1426642666584553E+018
  -1.3278179719942341E+018
  -1.5429686731389609E+018
  -1.7929754345556293E+018
  -2.0834842848766149E+018
  -2.4210556500529889E+018
  -2.8133124180931354E+018
  -3.2691119750587341E+018
  -3.7987460924812073E+018
  -4.4141731743138412E+018
  -5.1292881010925967E+018
  -5.9602357565789450E+018
  -6.9257753068963758E+018
  -8.0477034462323200E+018
  -9.3513461523305247E+018
  -1.0866130039184871E+019
  -1.2626246188345309E+019
  -1.4671421424465553E+019
  -1.7047814422100267E+019
  -1.9809056843826287E+019
  -2.3017462977865343E+019
  -2.6745435140114883E+019
  -3.1077096516337533E+019
  -3.6110188244529222E+019
  -4.1958273490548089E+019
  -4.8753298185959924E+019
  -5.6648566131425812E+019
  -6.5822195502677713E+019
  -7.6481134639287878E+019
  -8.8865827593088483E+019
  -1.0325563454674090E+020
  -1.1997512921291419E+020
  -1.3940141507336897E+020
  -1.6197262525934292E+020
  -1.8819779752621490E+020
  -2.1866834673612636E+020
  -2.5407139322862099E+020
  -2.9520524724054550E+020
  -3.4299739807231921E+020
  -3.9852541307998922E+020
  -4.6304121706942280E+020
  -5.3799929875365062E+020
  -6.2508947931788922E+020
  -7.2627498080674356E+020
  -8.4383665131324074E+020
  -9.8042434249143904E+020
  -1.1391165958483571E+021
  -1.3234899812151292E+021
  -1.5376996479543369E+021
  -1.7865729017120419E+021
  -2.0757179125393436E+021
  -2.4116500005754115E+021
  -2.8019383408517615E+021
  -3.2553763880315613E+021
  -3.7821798553584822E+021
  -4.3942167017444868E+021
  -5.1052743006982148E+021
  -5.9313698008571293E+021
  -6.8911106590206759E+021
  -8.0061134546047200E+021
  -9.3014904046888461E+021
  -1.0806414520738170E+022
  -1.2554776115832922E+022
  -1.4585945424533461E+022
  -1.6945658482456915E+022
  -1.9687046182799736E+022
  -2.2871829644609298E+022
  -2.6571708764829476E+022
  -3.0869975166923825E+022
  -3.5863385800662455E+022
  -4.1664339303621240E+022
  -4.8403404036527377E+022
  -5.6232254604450552E+022
  -6.5327082851279221E+022
  -7.5892559971842571E+022
  -8.8166438763576492E+022
  -1.0242489941550969E+023
  -1.1898875892910274E+023
  -1.3823068365768919E+023
  -1.6058356697396320E+023
  -1.8655026023334003E+023
  -2.1671487558179532E+023
  -2.5175591444133286E+023
  -2.9246151648582620E+023
  -3.3974717151354979E+023
  -3.9467629189742275E+023
  -4.5848410748912191E+023
  -5.3260541940795269E+023
  -6.1870683573099062E+023
  -7.1872421265836212E+023
  -8.3490614151043649E+023
  -9.6986445753946448E+023
  -1.1266329040461273E+024
  -1.3087352682110235E+024
  -1.5202645174807728E+024
  -1.7659747120475274E+024
  -2.0513877554558488E+024
  -2.3829173780797880E+024
  -2.7680131345877673E+024
  -3.2153276452070670E+024
  -3.7349108316616968E+024
  -4.3384355037553113E+024
  -5.0394593552532380E+024
  -5.8537292437170093E+024
  -6.7995345765287276E+024
  -7.8981177257229505E+024
  -9.1741506720503055E+024
  -1.0656288562528499E+025
  -1.2377812588799432E+025
  -1.4377376594462929E+025
  -1.6699874142967030E+025
  -1.9397445475583575E+025
  -2.2530646921841595E+025
  -2.6169808962607507E+025
  -3.0396613370157105E+025
  -3.5305924754550981E+025
  -4.1007917541090715E+025
  -4.7630546016950452E+025
  -5.5322412764110352E+025
  -6.4256099712138724E+025
  -7.4632036397495789E+025
  -8.6682992037276074E+025
  -1.0067929198333847E+026
  -1.1693487532952030E+026
  -1.3581432926223708E+026
  -1.5774105759367704E+026
  -1.8320676628512804E+026
  -2.1278247822241752E+026
  -2.4713132370390461E+026
  -2.8702339280772523E+026
  -3.3335298190576182E+026
  -3.8715862011649297E+026
  -4.4964632363251858E+026
  -5.2221659800849212E+026
  -6.0649579226197819E+026
  -7.0437250589305932E+026
  -8.1803986283880025E+026
  -9.5004459746554871E+026
  -1.1033440498904168E+027
  -1.2813723446085123E+027
  -1.4881172315260426E+027
  -1.7282093066366513E+027
  -2.0070256060404053E+027
  -2.3308098879569689E+027
  -2.7068122899831638E+027
  -3.1434514813976064E+027
  -3.6505029324641532E+027
  -4.2393175056244921E+027
  -4.9230752501907459E+027
  -5.7170800677319926E+027
  -6.6391018272989517E+027
  -7.7097735682665987E+027
  -8.9530526574785242E+027
  -1.0396756193922466E+028
  -1.2073182610125231E+028
  -1.4019833341703510E+028
  -1.6280250667846359E+028
  -1.8904990415612283E+028
  -2.1952751227456947E+028
  -2.5491685581285132E+028
  -2.9600921803210541E+028
  -3.4372331015250477E+028
  -3.9912578417996866E+028
  -4.6345504643307870E+028
  -5.3814890265168707E+028
  -6.2487665091613924E+028
  -7.2557633766780242E+028
  -8.4249800710029898E+028
  -9.7825390764268584E+028
  -1.1358767741472497E+029
  -1.3188874841682056E+029
  -1.5313735953684230E+029
  -1.7780805132555193E+029
  -2.0645173195063018E+029
  -2.3970796173328376E+029
  -2.7831921289192738E+029
  -3.2314742193229600E+029
  -3.7519320311420604E+029
  -4.3561815060250178E+029
  -5.0577072558707511E+029
  -5.8721630435847793E+029
  -6.8177205582019910E+029
  -7.9154742425838758E+029
  -9.1899111775591271E+029
  -1.0669456471931560E+030
  -1.2387106285286802E+030
  -1.4381162557186621E+030
  -1.6696085775305355E+030
  -1.9383484736411512E+030
  -2.2503265295927992E+030
  -2.6124963631523425E+030
  -3.0329293642001316E+030
  -3.5209942855397481E+030
  -4.0875656734937033E+030
  -4.7452657670468108E+030
  -5.5087452367865904E+030
  -6.3950089964062219E+030
  -7.4237943191494042E+030
  -8.6180096514104054E+030
  -1.0004243861420000E+031
  -1.1613357222320627E+031
  -1.3481167240498248E+031
  -1.5649244541857562E+031
  -1.8165836467275712E+031
  -2.1086938857657650E+031
  -2.4477539791378832E+031
  -2.8413062844976437E+031
  -3.2981041865879793E+031
  -3.8283064371352082E+031
  -4.4437026633853787E+031
  -5.1579750411040387E+031
  -5.9870019280871666E+031
  -6.9492101825484785E+031
  -8.0659839676449742E+031
  -9.3621390926411408E+031
  -1.0866473390352995E+032
  -1.2612405311519980E+032
  -1.4638714866696610E+032
  -1.6990403308129530E+032
  -1.9719690567749701E+032
  -2.2887172510686954E+032
  -2.6563163593663210E+032
  -3.0829254612005245E+032
  -3.5780119968018649E+032
  -4.1525614401657127E+032
  -4.8193205513072449E+032
  -5.5930795816361547E+032
  -6.4909996657696902E+032
  -7.5329926298111285E+032
  -8.7421616020745753E+032
  -1.0145312152857041E+033
  -1.1773545244620205E+033
  -1.3662945077022569E+033
  -1.5855377002262300E+033
  -1.8399413111093172E+033
  -2.1351405901925248E+033
  -2.4776733706371153E+033
  -2.8751245326042417E+033
  -3.3362935720338487E+033
  -3.8713889669627678E+033
  -4.4922536234143905E+033
  -5.2126263665431054E+033
  -6.0484452354164596E+033
  -7.0181992589440938E+033
  -8.1433364561583818E+033
  -9.4487370396669651E+033
  -1.0963262233697308E+034
  -1.2720390779109543E+034
  -1.4758957123428737E+034
  -1.7124007526487058E+034
  -1.9867792900519070E+034
  -2.3050920204134830E+034
  -2.6743687688122341E+034
  -3.1027633323549034E+034
  -3.5997330417272920E+034
  -4.1762469838873230E+034
  -4.8450274564528484E+034
  -5.6208299524668681E+034
  -6.5207678182251541E+034
  -7.5646887051441252E+034
  -8.7756110705721773E+034
  -1.0180230296735057E+035
  -1.1809505520308811E+035
  -1.3699340030632515E+035
  -1.5891370140773571E+035
  -1.8433879807108202E+035
  -2.1382861021412547E+035
  -2.4803243184495328E+035
  -2.8770318361442415E+035
  -3.3371393595870207E+035
  -3.8707706417200977E+035
  -4.4896645418614616E+035
  -5.2074324438793097E+035
  -6.0398566592412630E+035
  -7.0052363329992122E+035
  -8.1247884061113104E+035
  -9.4231123870808644E+035
  -1.0928729075723474E+036
  -1.2674704992088749E+036
  -1.4699376129055510E+036
  -1.7047186808299701E+036
  -1.9769661922998791E+036
  -2.2926533750975497E+036
  -2.6587047881747910E+036
  -3.0831476692801744E+036
  -3.5752873318465559E+036
  -4.1459104276461729E+036
  -4.8075204965306248E+036
  -5.5746109250813139E+036
  -6.4639812473190661E+036
  -7.4951036602597592E+036
  -8.6905477153143628E+036
  -1.0076472406767806E+037
  -1.1683196337976460E+037
  -1.3545858335919240E+037
  -1.5705182841689275E+037
  -1.8208366670512693E+037
  -2.1110106358642364E+037
  -2.4473788352373532E+037
  -2.8372867811706614E+037
  -3.2892465873337268E+037
  -3.8131219932045791E+037
  -4.4203426957272421E+037
  -5.1241526179661295E+037
  -5.9398974795954043E+037
  -6.8853578806371044E+037
  -7.9811350897650713E+037
  -9.2510978626744816E+037
  -1.0722899928715459E+038
  -1.2428579303238304E+038
  -1.4405252341323280E+038
  -1.6695917483272886E+038
  -1.9350385996802803E+038
  -2.2426359745438955E+038
  -2.5990679165217601E+038
  -3.0120768279465519E+038
  -3.4906307801763457E+038
  -4.0451172259836073E+038
  -4.6875672721735618E+038
  -5.4319153240141924E+038
  -6.2942996689433649E+038
  -7.2934104413539883E+038
  -8.4508924215564924E+038
  -9.7918112916730752E+038
  -1.1345193323955590E+039
  -1.3144650041411287E+039
  -1.5229101199685551E+039
  -1.7643611531038686E+039
  -2.0440359110042878E+039
  -2.3679755997240001E+039
  -2.7431745050268358E+039
  -3.1777300529841170E+039
  -3.6810164448930792E+039
  -4.2638855608231879E+039
  -4.9388994034133787E+039
  -5.7205990207918853E+039
  -6.6258156186309425E+039
  -7.6740304624977825E+039
  -8.8877912014273716E+039
  -1.0293193433499354E+040
  -1.1920437708943659E+040
  -1.3804473754539433E+040
  -1.5985745537831936E+040
  -1.8511052909075965E+040
  -2.1434548006788159E+040
  -2.4818887440077597E+040
  -2.8736564526037920E+040
  -3.3271449630918138E+040
  -3.8520571017386063E+040
  -4.4596173626725596E+040
  -5.1628099027777271E+040
  -5.9766536463180589E+040
  -6.9185202655582460E+040
  -8.0085016960516992E+040
  -9.2698348751400261E+040
  -1.0729392580613042E+041
  -1.2418250617680389E+041
  -1.4372343184361793E+041
  -1.6633220070315597E+041
  -1.9248921449083056E+041
  -2.2274988451438689E+041
  -2.5775630507179332E+041
  -2.9825073670866096E+041
  -3.4509117868912793E+041
  -3.9926935295976053E+041
  -4.6193147134126275E+041
  -5.3440221468021079E+041
  -6.1821241837430277E+041
  -7.1513103436261771E+041
  -8.2720202685663897E+041
  -9.5678695951353242E+041
  -1.1066141474146884E+042
  -1.2798353804013629E+042
  -1.4800913776678855E+042
  -1.7115873100448366E+042
  -1.9791799295915613E+042
  -2.2884780799448486E+042
  -2.6459586299125491E+042
  -3.0591001823054497E+042
  -3.5365372659876978E+042
  -4.0882381284986318E+042
  -4.7257097172706577E+042
  -5.4622339785081386E+042
  -6.3131402245914804E+042
  -7.2961190353284891E+042
  -8.4315839791155250E+042
  -9.7430883826857909E+042
  -1.1257805460448586E+043
  -1.3007081356859809E+043
  -1.5027072081126893E+043
  -1.7359476949482038E+043
  -2.0052383026681833E+043
  -2.3161237210039681E+043
  -2.6749965065795745E+043
  -3.0892258354161641E+043
  -3.5673056417440033E+043
  -4.1190250313865247E+043
  -4.7556642825002307E+043
  -5.4902202322620691E+043
  -6.3376654038249813E+043
  -7.3152458633174134E+043
  -8.4428235229718176E+043
  -9.7432694362489124E+043
  -1.1242915578374747E+044
  -1.2972073687206394E+044
  -1.4965630973082822E+044
  -1.7263733912959545E+044
  -1.9912572946971608E+044
  -2.2965282720868530E+044
  -2.6482974595042919E+044
  -3.0535920503290997E+044
  -3.5204909929173837E+044
  -4.0582804816493832E+044
  -4.6776320689415661E+044
  -5.3908066178901344E+044
  -6.2118877592907595E+044
  -7.1570490191939068E+044
  -8.2448593509446431E+044
  -9.4966324465654463E+044
  -1.0936825924856459E+045
  -1.2593497306963549E+045
  -1.4498824604432810E+045
  -1.6689700370734707E+045
  -1.9208409216442688E+045
  -2.2103400072896489E+045
  -2.5430165922023003E+045
  -2.9252245304143566E+045
  -3.3642361684279000E+045
  -3.8683718713606300E+045
  -4.4471471578463924E+045
  -5.1114396995299323E+045
  -5.8736786994447756E+045
  -6.7480594443246712E+045
  -7.7507861289145819E+045
  -8.9003463748332304E+045
  -1.0217821210722577E+046
  -1.1727234641199189E+046
  -1.3455947304634911E+046
  -1.5435099096863132E+046
  -1.7700106009339570E+046
  -2.0291216781984005E+046
  -2.3254135283756420E+046
  -2.6640714782377737E+046
  -3.0509730414617377E+046
  -3.4927736175802919E+046
  -3.9970012553774858E+046
  -4.5721610463417229E+046
  -5.2278496296414501E+046
  -5.9748801562702212E+046
  -6.8254178605873933E+046
  -7.7931261020859224E+046
  -8.8933223428431987E+046
  -1.0143142983597535E+047
  -1.1561715251502392E+047
  -1.3170333361559390E+047
  -1.4992634893046923E+047
  -1.7054771644757785E+047
  -1.9385567047475310E+047
  -2.2016649377285695E+047
  -2.4982546348425637E+047
  -2.8320721938702372E+047
  -3.2071530219043515E+047
  -3.6278053143503902E+047
  -4.0985779222158867E+047
  -4.6242067123403613E+047
  -5.2095321731343297E+047
  -5.8593788981737299E+047
  -6.5783848575315067E+047
  -7.3707648680846812E+047
  -8.2399881730352804E+047
  -9.1883442426334320E+047
  -1.0216363427047357E+048
  -1.1322049423011184E+048
  -1.2499867993697599E+048
  -1.3739420129932424E+048
  -1.5023706701897490E+048
  -1.6326864088497621E+048
  -1.7611214247860568E+048
  -1.8823425497423945E+048
  -1.9889518308890031E+048
  -2.0708368944249694E+048
  -2.1143256597695733E+048
  -2.1010859208060941E+048
  -2.0066921084848719E+048
  -1.7987589110362715E+048
  -1.4345179561118035E+048
  -8.5772493200974187E+047
  -7.7889950114824627E+043
