   0.0000000000000000     
  -1.1011010049952404E-016
  -2.2278222461111340E-016
  -3.4063796324677165E-016
  -4.6641946637429489E-016
  -6.0305324155354561E-016
  -7.5371823944838928E-016
  -9.2191981022423572E-016
  -1.1115712512432052E-015
  -1.3270848429887460E-015
  -1.5734744907928175E-015
  -1.8564723598313600E-015
  -2.1826622162730277E-015
  -2.5596325759785063E-015
  -2.9961532227869184E-015
  -3.5023792019026817E-015
  -4.0900870328477909E-015
  -4.7729486357279362E-015
  -5.5668493415985219E-015
  -6.4902573829015522E-015
  -7.5646534571137928E-015
  -8.8150303537369673E-015
  -1.0270474264053898E-014
  -1.1964841292553774E-014
  -1.3937544902759704E-014
  -1.6234472609845855E-014
  -1.8909053237888057E-014
  -2.2023499560728499E-014
  -2.5650255223653588E-014
  -2.9873679593202079E-014
  -3.4792009714875781E-014
  -4.0519645001943729E-014
  -4.7189807782715107E-014
  -5.4957641573069736E-014
  -6.4003819118855961E-014
  -7.4538744105609898E-014
  -8.6807444236472698E-014
  -1.0109526945408104E-013
  -1.1773452780228077E-013
  -1.3711221322395338E-013
  -1.5967900497884338E-013
  -1.8595974793020635E-013
  -2.1656565737864250E-013
  -2.5220853221598944E-013
  -2.9371730686365325E-013
  -3.4205732683362857E-013
  -3.9835279607063290E-013
  -4.6391291797214059E-013
  -5.4026233785367262E-013
  -6.2917659462550505E-013
  -7.3272340589838986E-013
  -8.5331074634673073E-013
  -9.9374283708001923E-013
  -1.1572853476778651E-012
  -1.3477413267051610E-012
  -1.5695396259195423E-012
  -1.8278378738099008E-012
  -2.1286423923125096E-012
  -2.4789478444009243E-012
  -2.8868998588910038E-012
  -3.3619844129027274E-012
  -3.9152483743891309E-012
  -4.5595563314347138E-012
  -5.3098896784741270E-012
  -6.1836949117888968E-012
  -7.2012892304318659E-012
  -8.3863328706875019E-012
  -9.7663791532552717E-012
  -1.1373515028588789E-011
  -1.3245107009210594E-011
  -1.5424669827231330E-011
  -1.7962878007652657E-011
  -2.0918743869609151E-011
  -2.4360989335691253E-011
  -2.8369643433772187E-011
  -3.3037902621002769E-011
  -3.8474297167723525E-011
  -4.4805213951904283E-011
  -5.2177834297634536E-011
  -6.0763555136616577E-011
  -7.0761973003675259E-011
  -8.2405523456977387E-011
  -9.5964883744858388E-011
  -1.1175526427777905E-010
  -1.3014373511808664E-010
  -1.5155775775181446E-010
  -1.7649512041454070E-010
  -2.0553550785806215E-010
  -2.3935397442407786E-010
  -2.7873663351759925E-010
  -3.2459892807392042E-010
  -3.7800690658518818E-010
  -4.4020199908920720E-010
  -5.1262986884652844E-010
  -5.9697401013138682E-010
  -6.9519487283766722E-010
  -8.0957542301460471E-010
  -9.4277419798151339E-010
  -1.0978870888002315E-009
  -1.2785192856532291E-009
  -1.4888690577947390E-009
  -1.7338253146967778E-009
  -2.0190812151885221E-009
  -2.3512664642235154E-009
  -2.7381013710651079E-009
  -3.1885762482410296E-009
  -3.7131603193262761E-009
  -4.3240449891438176E-009
  -5.0354271282481350E-009
  -5.8638389531188270E-009
  -6.8285321659312017E-009
  -7.9519252782291026E-009
  -9.2601245105778184E-009
  -1.0783530369411414E-008
  -1.2557543992504916E-008
  -1.4623389672020409E-008
  -1.7029072662721493E-008
  -1.9830494525397423E-008
  -2.3092751914767476E-008
  -2.6891648982129382E-008
  -3.1315458524728606E-008
  -3.6466972791484794E-008
  -4.2465891582492527E-008
  -4.9451603113852181E-008
  -5.7586422241809648E-008
  -6.7059361262732750E-008
  -7.8090520874798899E-008
  -9.0936203290647322E-008
  -1.0589486626212045E-007
  -1.2331405630803582E-007
  -1.4359848217718451E-007
  -1.6721941605949354E-007
  -1.9472564089339605E-007
  -2.2675619802289326E-007
  -2.6405523126725950E-007
  -3.0748927215059384E-007
  -3.5806736772783255E-007
  -4.1696451845461966E-007
  -4.8554897041321001E-007
  -5.6541399570994783E-007
  -6.5841489907982784E-007
  -7.6671211008985145E-007
  -8.9282136164278073E-007
  -1.0396721200271405E-006
  -1.2106756233579035E-006
  -1.4098041083532832E-006
  -1.6416830651757064E-006
  -1.9116986625601406E-006
  -2.2261228376827284E-006
  -2.5922589553637689E-006
  -3.0186114187723919E-006
  -3.5150831698918048E-006
  -4.0932056655223370E-006
  -4.7664066685751827E-006
  -5.5503220723443177E-006
  -6.4631589977160135E-006
  -7.5261185936132398E-006
  -8.7638883570052932E-006
  -1.0205215402712134E-005
  -1.1883573992457685E-005
  -1.3837942820793805E-005
  -1.6113710103413777E-005
  -1.8763727480136295E-005
  -2.1849537199323769E-005
  -2.5442801072876996E-005
  -2.9626964374574060E-005
  -3.4499193308093338E-005
  -4.0172631021142505E-005
  -4.6779024536076757E-005
  -5.4471783576820353E-005
  -6.3429542296602920E-005
  -7.3860306583619685E-005
  -8.6006283213096966E-005
  -1.0014950293978476E-004
  -1.1661836805184141E-004
  -1.3579527636301347E-004
  -1.5812549860282061E-004
  -1.8412751525383070E-004
  -2.1440505275603761E-004
  -2.4966109843674609E-004
  -2.9071421944531654E-004
  -3.3851756444110620E-004
  -3.9418098904056087E-004
  -4.5899681852015571E-004
  -5.3446984567763749E-004
  -6.2235226003309299E-004
  -7.2468431898390110E-004
  -8.4384170476848187E-004
  -9.8259066623412341E-004
  -1.1441522250432272E-003
  -1.3322769362807399E-003
  -1.5513319383227042E-003
  -1.8064023119729845E-003
  -2.1034091008871481E-003
  -2.4492467318811191E-003
  -2.8519430238351058E-003
  -3.3208454979916750E-003
  -3.8668383126676726E-003
  -4.5025948559077504E-003
  -5.2428718568832489E-003
  -6.1048518400730533E-003
  -7.1085418677948632E-003
  -8.2772378224995457E-003
  -9.6380650006857530E-003
  -1.1222607560601543E-002
  -1.3067641427133868E-002
  -1.5215987657251398E-002
  -1.7717506063722674E-002
  -2.0630252148387054E-002
  -2.4021824184466044E-002
  -2.7970931698120982E-002
  -3.2569221734978622E-002
  -3.7923405276753801E-002
  -4.4157733135062258E-002
  -5.1416878755481628E-002
  -5.9869294802857874E-002
  -6.9711121387622296E-002
  -8.1170736587294692E-002
  -9.4514054814078929E-002
 -0.11005069592392913     
 -0.12814116815684803     
 -0.14920523151071988     
 -0.17373163552684842     
 -0.20228945733930620     
 -0.23554130295121964     
 -0.27425867790964165     
 -0.31933988385848100     
 -0.37183085602241772     
 -0.43294942487180221     
 -0.50411356462025803     
 -0.58697428365386028     
 -0.68345391962652291     
 -0.79579072727581990     
 -0.92659079292204460     
  -1.0788884794932192     
  -1.2562168037079946     
  -1.4626893773317871     
  -1.7030958125370548     
  -1.9830128035611827     
  -2.3089334603006653     
  -2.6884178926324096     
  -3.1302685369199628     
  -3.6447342897633086     
  -4.2437481818801963     
  -4.9412041025430318     
  -5.7532789902588721     
  -6.6988079593514422     
  -7.7997210592100013     
  -9.0815517916486321     
  -10.574029175180703     
  -12.311767081603918     
  -14.335066824990184     
  -16.690851608230432     
  -19.433754488528077     
  -22.627385081487017     
  -26.345804366153015     
  -30.675241776534403     
  -35.716094380508231     
  -41.585254484722874     
  -48.418819615619121     
  -56.375247688365178     
  -65.639030492656772     
  -76.424970636007970     
  -88.983161069643501     
  -103.60478260339036     
  -120.62885377125279     
  -140.45008947777637     
  -163.52805054811438     
  -190.39779621710255     
  -221.68228641756704     
  -258.10682127225664     
  -300.51585239639616     
  -349.89255557231292     
  -407.38161833683847     
  -474.31577050819982     
  -552.24667239718735     
  -642.98087640610174     
  -748.62169525672823     
  -871.61794692767955     
  -1014.8207056911915     
  -1181.5493741095147     
  -1375.6686067768617     
  -1601.6778679751415     
  -1864.8156980721594     
  -2171.1811042071008     
  -2527.8748874702046     
  -2943.1641805771901     
  -3426.6740076579276     
  -3989.6103036722820     
  -4645.0195596271460     
  -5408.0911080697360     
  -6296.5090509155489     
  -7330.8619814017820     
  -8535.1199904591358     
  -9937.1900060575390     
  -11569.562328182521     
  -13470.063334039312     
  -15682.731786756314     
  -18258.839043189833     
  -21258.076788682778     
  -24749.939805943795     
  -28815.335801394653     
  -33548.459569928906     
  -39058.974899739325     
  -45474.554744388937     
  -52943.838484558924     
  -61639.874758916616     
  -71764.129585835079     
  -83551.152585475473     
  -97274.009347937899     
  -113250.60573043520     
  -131851.05051526555     
  -153506.22689864656     
  -178717.77126455080     
  -208069.69027517881     
  -242241.88523453704     
  -282025.89683139673     
  -328343.23476437345     
  -382266.71658432746     
  -445045.30974226672     
  -518133.05191617139     
  -603222.71908387367     
  -702285.02069543197     
  -817614.22921986948     
  -951881.30025744019     
  -1108195.7127651777     
  -1290177.4607511668     
  -1502040.8627206821     
  -1748692.1286401218     
  -2035842.9425493670     
  -2370142.6895648427     
  -2759332.3874475849     
  -3212423.8851432051     
  -3739908.4753515306     
  -4353999.7487766976     
  -5068916.3099864097     
  -5901210.8970975839     
  -6870153.5211370876     
  -7998177.4907328663     
  -9311398.6426789146     
  -10840219.792535773     
  -12620034.390945766     
  -14692045.666353853     
  -17104220.206405800     
  -19912398.040227577     
  -23181584.903990451     
  -26987456.586350776     
  -31418110.155969553     
  -36576102.583798930     
  -42580823.920211524     
  -49571259.925045311     
  -57709208.056155473     
  -67183021.207365394     
  -78211965.792214230     
  -91051294.977795258     
  -105998154.41173677     
  -123398457.03734647     
  -143654886.00218126     
  -167236210.75187522     
  -194688131.76699165     
  -226645904.74788818     
  -263849036.19816169     
  -307158390.25222713     
  -357576102.34402531     
  -416268760.21034968     
  -484594388.26375353     
  -564133859.30236948     
  -656727459.87946928     
  -764517454.79972959     
  -889997634.89536762     
  -1036070993.6685293     
  -1206116866.2970700     
  -1404069083.2314210     
  -1634506945.2148795     
  -1902761122.9215059     
  -2215036929.3725967     
  -2578557814.8350620     
  -3001732401.3005042     
  -3494348917.6911273     
  -4067801530.2071447     
  -4735353799.3503952     
  -5512445353.1593447     
  -6417048864.8926468     
  -7470085585.8726339     
  -8695909037.2996769     
  -10122868039.829113     
  -11783962092.944191     
  -13717604250.005478     
  -15968509118.595425     
  -18588726506.772102     
  -21638844600.868645     
  -25189390477.240330     
  -29322460309.325314     
  -34133616937.831078     
  -39734098648.329231     
  -46253390189.665024     
  -53842215434.373756     
  -62676020821.963936     
  -72959030062.367050     
  -84928963771.819138     
  -98862533071.584320     
  -115081834055.84546     
  -133961790841.47699     
  -155938819129.62915     
  -181520910396.16400     
  -211299369635.69623     
  -245962477769.64551     
  -286311394273.77094     
  -333278667311.04431     
  -387949778865.47791     
  -451588222451.37708     
  -525664692537.89526     
  -611891059763.25305     
  -712259916507.53870     
  -829090605997.66382     
  -965082797800.69458     
  -1123378846776.5911     
  -1307636375328.5728     
  -1522112754787.7717     
  -1771763436444.0684     
  -2062356402424.8333     
  -2400605378703.8311     
  -2794324885578.5435     
  -3252610704976.7217     
  -3786049930570.2529     
  -4406965449419.4434     
  -5129700498493.8291     
  -5970949864247.0986     
  -6950145369797.0449     
  -8089904547004.8311     
  -9416552848756.7188     
  -10960731453654.604     
  -12758104690256.701     
  -14850183406525.064     
  -17285283285241.682     
  -20119640219541.820     
  -23418708486179.414     
  -27258671671241.613     
  -31728201211010.480     
  -36930503122699.406     
  -42985700147574.531     
  -50033604265782.609     
  -58236943546424.406     
  -67785117775628.445     
  -78898569501181.297     
  -91833871325810.547     
  -106889646799688.50     
  -124413461486904.14     
  -144809843153664.94     
  -168549616063533.50     
  -196180764667207.28     
  -228341077239622.38     
  -265772861058260.25     
  -309340068479305.94     
  -360048228853449.31     
  -419067645911570.75     
  -487760395532950.75     
  -567711746419700.50     
  -660766728159525.88     
  -769072689813926.25     
  -895128830254275.88     
  -1041843842165294.1     
  -1212602998646324.2     
  -1411346228973802.8     
  -1642658983356750.8     
  -1911877981255162.8     
  -2225214280827900.2     
  -2589896506232505.0     
  -3014337534007752.0     
  -3508328480329120.5     
  -4083264459987031.5     
  -4752407319984702.0     
  -5531191402544832.0     
  -6437579383669210.0     
  -7492476387040289.0     
  -8720211915552513.0     
  -10149100705024198.     
  -11812095422637572.     
  -13747546248240328.     
  -16000084838521550.     
  -18621653038922652.     
  -21672700041908260.     
  -25223575569642404.     
  -29356151173487548.     
  -34165706995974828.     
  -39763127453890384.     
  -46277456414574728.     
  -53858870715146880.     
  -62682140506633312.     
  -72950656113559072.     
  -84901114142361520.     
  -98808970749126960.     
  -1.1499478763783131E+017
  -1.3383161691081819E+017
  -1.5575359480646778E+017
  -1.8126594218503037E+017
  -2.1095660200254534E+017
  -2.4550978168945661E+017
  -2.8572171219162429E+017
  -3.3251898644531507E+017
  -3.8697989941775142E+017
  -4.5035928091614182E+017
  -5.2411739273929312E+017
  -6.0995355526520666E+017
  -7.0984527738602714E+017
  -8.2609379032058342E+017
  -9.6137703316593434E+017
  -1.1188113094803226E+018
  -1.3020230336621660E+018
  -1.5152322179890642E+018
  -1.7633496212430275E+018
  -2.0520897940814106E+018
  -2.3881026219405373E+018
  -2.7791263916849541E+018
  -3.2341659032177864E+018
  -3.7636997232236616E+018
  -4.3799213483617382E+018
  -5.0970198249632266E+018
  -5.9315062795336059E+018
  -6.9025938699617464E+018
  -8.0326398955515238E+018
  -9.3476602330358641E+018
  -1.0877927928441055E+019
  -1.2658669709239300E+019
  -1.4730876432102334E+019
  -1.7142246100454078E+019
  -1.9948281133072572E+019
  -2.3213565110198292E+019
  -2.7013248348393447E+019
  -3.1434776454496625E+019
  -3.6579901592642785E+019
  -4.2567022694692495E+019
  -4.9533908402711749E+019
  -5.7640865325915226E+019
  -6.7074424425639371E+019
  -7.8051630245344379E+019
  -9.0825031551632703E+019
  -1.0568848806474021E+020
  -1.2298392670276988E+020
  -1.4310920257338635E+020
  -1.6652724532035643E+020
  -1.9377670095256630E+020
  -2.2548431362745719E+020
  -2.6237933181735830E+020
  -3.0531026977285092E+020
  -3.5526440927873663E+020
  -4.1339048961628255E+020
  -4.8102510684373280E+020
  -5.5972342866491893E+020
  -6.5129493022675226E+020
  -7.5784497144304724E+020
  -8.8182317052825738E+020
  -1.0260796844157712E+021
  -1.1939306882090850E+021
  -1.3892345569323262E+021
  -1.6164804984506572E+021
  -1.8808916721530005E+021
  -2.1885451603807319E+021
  -2.5465115462676088E+021
  -2.9630173014935491E+021
  -3.4476337107605793E+021
  -4.0114966685694726E+021
  -4.6675623920647757E+021
  -5.4309049175563263E+021
  -6.3190622066990509E+021
  -7.3524388031836067E+021
  -8.5547742777073939E+021
  -9.9536882076772425E+021
  -1.1581314193110967E+022
  -1.3475037451765833E+022
  -1.5678352911400952E+022
  -1.8241863479683531E+022
  -2.1224441385860242E+022
  -2.4694579226544970E+022
  -2.8731961696444735E+022
  -3.3429294043149076E+022
  -3.8894429169085336E+022
  -4.5252842148135218E+022
  -5.2650508885939114E+022
  -6.1257254913876506E+022
  -7.1270651079130954E+022
  -8.2920545423744238E+022
  -9.6474335120979969E+022
  -1.1224309929128445E+023
  -1.3058873324070382E+023
  -1.5193224760312971E+023
  -1.7676342254915549E+023
  -2.0565203825919476E+023
  -2.3926093895697810E+023
  -2.7836122978754488E+023
  -3.2384995466200253E+023
  -3.7677065999690330E+023
  -4.3833731534851410E+023
  -5.0996213879283873E+023
  -5.9328796428868466E+023
  -6.9022589222762337E+023
  -8.0299908529889110E+023
  -9.3419371244423534E+023
  -1.0868182072632739E+024
  -1.2643721974941443E+024
  -1.4709266834867502E+024
  -1.7112173009653466E+024
  -1.9907528027266436E+024
  -2.3159412420808598E+024
  -2.6942367457731419E+024
  -3.1343102350749123E+024
  -3.6462480014704768E+024
  -4.2417826803984200E+024
  -4.9345619073940617E+024
  -5.7404608026438052E+024
  -6.6779454320873909E+024
  -7.7684955586794129E+024
  -9.0370963528650733E+024
  -1.0512810307691605E+025
  -1.2229442437262487E+025
  -1.4226313969306363E+025
  -1.6549162222154160E+025
  -1.9251187240002066E+025
  -2.2394269113809008E+025
  -2.6050383815079586E+025
  -3.0303249905125324E+025
  -3.5250243756681345E+025
  -4.1004627058337805E+025
  -4.7698137505076540E+025
  -5.5484001873021045E+025
  -6.4540440322543069E+025
  -7.5074741991157145E+025
  -8.7328004982032360E+025
  -1.0158064902295840E+026
  -1.1815882671014825E+026
  -1.3744187976357011E+026
  -1.5987101057326865E+026
  -1.8595936705316244E+026
  -2.1630377107239375E+026
  -2.5159835823964087E+026
  -2.9265044042770561E+026
  -3.4039895313805130E+026
  -3.9593590877339553E+026
  -4.6053134545456488E+026
  -5.3566234074777475E+026
  -6.2304675237660738E+026
  -7.2468245579096847E+026
  -8.4289297380842694E+026
  -9.8038053928610761E+026
  -1.1402878012425118E+027
  -1.3262695818867515E+027
  -1.5425763211136182E+027
  -1.7941511114020476E+027
  -2.0867425357751590E+027
  -2.4270358815913342E+027
  -2.8228057216328276E+027
  -3.2830933407685582E+027
  -3.8184130524670926E+027
  -4.4409921075007877E+027
  -5.1650496622818754E+027
  -6.0071211638081027E+027
  -6.9864355423995128E+027
  -8.1253538057967658E+027
  -9.4498790261041022E+027
  -1.0990249336277879E+028
  -1.2781627442329155E+028
  -1.4864902354073073E+028
  -1.7287621591041878E+028
  -2.0105075089115761E+028
  -2.3381555484974995E+028
  -2.7191823468054154E+028
  -3.1622811554435267E+028
  -3.6775605060004509E+028
  -4.2767745354375928E+028
  -4.9735907805710134E+028
  -5.7839015346026272E+028
  -6.7261858490334485E+028
  -7.8219304155716288E+028
  -9.0961189009656201E+028
  -1.0577800863419910E+029
  -1.2300753187688634E+029
  -1.4304249078121404E+029
  -1.6633952092544761E+029
  -1.9342955540328628E+029
  -2.2492990869730673E+029
  -2.6155832507504548E+029
  -3.0414931074819152E+029
  -3.5367312088900183E+029
  -4.1125783287011265E+029
  -4.7821500715043246E+029
  -5.5606951865833799E+029
  -6.4659423616898905E+029
  -7.5185033717942133E+029
  -8.7423417364505225E+029
  -1.0165317525502051E+030
  -1.1819820680085515E+030
  -1.3743507223378621E+030
  -1.5980155068718786E+030
  -1.8580658844418493E+030
  -2.1604186306185364E+030
  -2.5119522570840652E+030
  -2.9206632661892283E+030
  -3.3958477804757811E+030
  -3.9483126658950848E+030
  -4.5906209356370242E+030
  -5.3373769980054376E+030
  -6.2055582141945279E+030
  -7.2149002805340480E+030
  -8.3883451684820996E+030
  -9.7525617718935382E+030
  -1.1338551056878546E+031
  -1.3182349422069437E+031
  -1.5325846199532110E+031
  -1.7817733809081532E+031
  -2.0714612079700785E+031
  -2.4082271738869384E+031
  -2.7997186122590443E+031
  -3.2548244867214240E+031
  -3.7838768815028071E+031
  -4.3988851722445617E+031
  -5.1138081745872687E+031
  -5.9448704262530529E+031
  -6.9109297555200414E+031
  -8.0339044475824202E+031
  -9.3392696664309247E+031
  -1.0856634353911850E+032
  -1.2620411644769132E+032
  -1.4670597947680966E+032
  -1.7053678295123040E+032
  -1.9823678414562141E+032
  -2.3043387284168846E+032
  -2.6785777782464313E+032
  -3.1135657509651160E+032
  -3.6191587049371184E+032
  -4.2068108970071655E+032
  -4.8898337870694611E+032
  -5.6836969913579105E+032
  -6.6063779741270093E+032
  -7.6787683655882299E+032
  -8.9251460696598670E+032
  -1.0373723806945159E+033
  -1.2057286459665495E+033
  -1.4013931584706215E+033
  -1.6287929783382003E+033
  -1.8930724314140713E+033
  -2.2002092467751441E+033
  -2.5571494863883293E+033
  -2.9719643055031576E+033
  -3.4540320733309653E+033
  -4.0142499537803552E+033
  -4.6652797082836097E+033
  -5.4218332519065062E+033
  -6.3010043872225181E+033
  -7.3226541778668058E+033
  -8.5098586285051418E+033
  -9.8894287371403813E+033
  -1.1492514610562303E+034
  -1.3355307220697586E+034
  -1.5519853570863802E+034
  -1.8035003585499973E+034
  -2.0957509991752974E+034
  -2.4353305892419317E+034
  -2.8298988713882880E+034
  -3.2883543838898257E+034
  -3.8210346605717483E+034
  -4.4399487592140096E+034
  -5.1590473344873567E+034
  -5.9945363122807543E+034
  -6.9652411985106321E+034
  -8.0930301889247626E+034
  -9.4033055623125900E+034
  -1.0925574367256194E+035
  -1.2694111186162692E+035
  -1.4748727819341324E+035
  -1.7135667122206361E+035
  -1.9908641003546086E+035
  -2.3130035813991615E+035
  -2.6872312093058214E+035
  -3.1219629983633863E+035
  -3.6269736661124728E+035
  -4.2136157972694838E+035
  -4.8950743270189388E+035
  -5.6866620299289889E+035
  -6.6061626152284908E+035
  -7.6742290905685333E+035
  -8.9148462882449959E+035
  -1.0355867877526291E+036
  -1.2029639845936400E+036
  -1.3973724357893397E+036
  -1.6231740133696544E+036
  -1.8854338085025178E+036
  -2.1900333952322140E+036
  -2.5438023181341020E+036
  -2.9546707328060555E+036
  -3.4318465982800109E+036
  -3.9860213659736685E+036
  -4.6296087427788903E+036
  -5.3770218402943499E+036
  -6.2449948742866949E+036
  -7.2529565670309158E+036
  -8.4234635520675908E+036
  -9.7827034114387456E+036
  -1.1361078518983562E+037
  -1.3193883653833790E+037
  -1.5322092425322273E+037
  -1.7793269959879418E+037
  -2.0662632095214107E+037
  -2.3994274568691600E+037
  -2.7862599446673070E+037
  -3.2353970402379640E+037
  -3.7568633507473253E+037
  -4.3622946068163809E+037
  -5.0651962839108818E+037
  -5.8812436837030625E+037
  -6.8286301123963210E+037
  -7.9284708538022184E+037
  -9.2052718650143070E+037
  -1.0687473548790217E+038
  -1.2408081610470472E+038
  -1.4405398924630832E+038
  -1.6723874559635075E+038
  -1.9415088685437559E+038
  -2.2538895077705266E+038
  -2.6164746394849322E+038
  -3.0373231419488487E+038
  -3.5257858109812295E+038
  -4.0927121700752845E+038
  -4.7506903347373675E+038
  -5.5143252049621230E+038
  -6.4005610996297619E+038
  -7.4290559199502417E+038
  -8.6226150570457643E+038
  -1.0007694565863263E+039
  -1.1614984642221830E+039
  -1.3480086194789451E+039
  -1.5644295337201955E+039
  -1.8155512981445002E+039
  -2.1069299443029365E+039
  -2.4450097130458907E+039
  -2.8372648054387934E+039
  -3.2923637134831320E+039
  -3.8203597199434231E+039
  -4.4329117258155286E+039
  -5.1435402232479669E+039
  -5.9679239952466510E+039
  -6.9242440076880676E+039
  -8.0335819830513772E+039
  -9.3203823308572151E+039
  -1.0812987482523832E+040
  -1.2544258267666078E+040
  -1.4552292808831979E+040
  -1.6881259541694653E+040
  -1.9582362433362611E+040
  -2.2714959325438772E+040
  -2.6347857631688990E+040
  -3.0560815443141652E+040
  -3.5446280517603140E+040
  -4.1111404750130477E+040
  -4.7680377644836018E+040
  -5.5297129162364000E+040
  -6.4128460246938441E+040
  -7.4367668510137388E+040
  -8.6238747159754100E+040
  -1.0000124753570287E+041
  -1.1595590981022052E+041
  -1.3445118282614555E+041
  -1.5589077303081595E+041
  -1.8074238441371056E+041
  -2.0954783673481857E+041
  -2.4293477867068326E+041
  -2.8163024642128879E+041
  -3.2647635752357059E+041
  -3.7844847492599535E+041
  -4.3867622873933147E+041
  -5.0846784358299440E+041
  -5.8933828935363560E+041
  -6.8304185400585741E+041
  -7.9160983022991731E+041
  -9.1739411567075426E+041
  -1.0631176507852358E+042
  -1.2319327621495898E+042
  -1.4274886449683851E+042
  -1.6540094101137815E+042
  -1.9163843421727416E+042
  -2.2202722702325830E+042
  -2.5722222477122970E+042
  -2.9798130774611121E+042
  -3.4518146105202957E+042
  -3.9983741993498178E+042
  -4.6312322081324877E+042
  -5.3639710845420300E+042
  -6.2123031912445865E+042
  -7.1944033953667048E+042
  -8.3312933362734720E+042
  -9.6472853547294825E+042
  -1.1170495291093641E+043
  -1.2933434771022275E+043
  -1.4973695222248786E+043
  -1.7334737737557279E+043
  -2.0066805054023292E+043
  -2.3227974399367472E+043
  -2.6885372811517441E+043
  -3.1116579823010727E+043
  -3.6011246181689368E+043
  -4.1672961626578954E+043
  -4.8221409736941411E+043
  -5.5794853619478549E+043
  -6.4553002803708539E+043
  -7.4680319304699899E+043
  -8.6389829529803859E+043
  -9.9927518716595895E+043
  -1.1557739608123764E+044
  -1.3366733204495582E+044
  -1.5457578403674578E+044
  -1.7873954472270172E+044
  -2.0666266640567510E+044
  -2.3892673813678569E+044
  -2.7620271819645577E+044
  -3.1926455450777268E+044
  -3.6900485977403433E+044
  -4.2645294729271045E+044
  -4.9279557817886457E+044
  -5.6940082191330558E+044
  -6.5784549059855965E+044
  -7.5994667405901100E+044
  -8.7779797908949127E+044
  -1.0138111630128586E+045
  -1.1707639506861035E+045
  -1.3518549368091412E+045
  -1.5607666036510593E+045
  -1.8017376301432982E+045
  -2.0796458339652137E+045
  -2.4001032762931402E+045
  -2.7695652721117155E+045
  -3.1954552905146575E+045
  -3.6863080026983520E+045
  -4.2519330441708036E+045
  -4.9036024062210264E+045
  -5.6542647644569694E+045
  -6.5187904941426516E+045
  -7.5142516184420252E+045
  -8.6602414921592868E+045
  -9.9792396461210918E+045
  -1.1497027912195605E+046
  -1.3243164722461000E+046
  -1.5251525334606454E+046
  -1.7560916685467099E+046
  -2.0215776621391563E+046
  -2.3266968402811496E+046
  -2.6772682634495612E+046
  -3.0799460134117246E+046
  -3.5423350718712695E+046
  -4.0731224456202608E+046
  -4.6822253586893169E+046
  -5.3809585050102731E+046
  -6.1822225326604485E+046
  -7.1007161088776333E+046
  -8.1531740881249694E+046
  -9.3586344658353955E+046
  -1.0738736937637398E+047
  -1.2318055983907996E+047
  -1.4124471443963813E+047
  -1.6189579508876234E+047
  -1.8549146915217504E+047
  -2.1243610823069279E+047
  -2.4318626357467063E+047
  -2.7825663015019170E+047
  -3.1822649999281665E+047
  -3.6374668937515018E+047
  -4.1554690204268124E+047
  -4.7444346050473104E+047
  -5.4134729676142086E+047
  -6.1727203991159944E+047
  -7.0334196699965592E+047
  -8.0079949033952172E+047
  -9.1101173316192406E+047
  -1.0354755877830996E+048
  -1.1758204463662735E+048
  -1.3338075306322137E+048
  -1.5113244067384119E+048
  -1.7103728333360271E+048
  -1.9330475266296091E+048
  -2.1815027000843574E+048
  -2.4579023016402065E+048
  -2.7643486674565297E+048
  -3.1027827597485583E+048
  -3.4748471547780755E+048
  -3.8817003617051998E+048
  -4.3237677084463772E+048
  -4.8004096965082063E+048
  -5.3094830993618908E+048
  -5.8467627570763440E+048
  -6.4051824720138736E+048
  -6.9738409302379335E+048
  -7.5367022210051952E+048
  -8.0708990501536973E+048
  -8.5445184758945890E+048
  -8.9137127314723374E+048
  -9.1189285630445595E+048
  -9.0799839134375374E+048
  -8.6896368377931176E+048
  -7.8051866955683627E+048
  -6.2375378352024038E+048
  -3.7372010301604787E+048
  -3.3937500350631712E+044
