   0.0000000000000000     
  -1.1011010049952404E-016
  -2.2325963510799039E-016
  -3.4257189164610823E-016
  -4.7134021808742039E-016
  -6.1311892442064072E-016
  -7.7182138480999125E-016
  -9.5182804761182269E-016
  -1.1581073341511213E-015
  -1.3963527627693593E-015
  -1.6731400823354119E-015
  -1.9961087515144684E-015
  -2.3741727718477221E-015
  -2.8177666926412750E-015
  -3.3391335761419985E-015
  -3.9526628692658775E-015
  -4.6752875051833454E-015
  -5.5269511923476905E-015
  -6.5311587851652778E-015
  -7.7156249228791826E-015
  -9.1130388346146522E-015
  -1.0761966413718626E-014
  -1.2707914451942029E-014
  -1.5004586398150434E-014
  -1.7715364290537873E-014
  -2.0915057751541108E-014
  -2.4691968302958909E-014
  -2.9150325958443538E-014
  -3.4413165321545852E-014
  -4.0625720543204482E-014
  -4.7959432807477012E-014
  -5.6616680913310429E-014
  -6.6836365469412313E-014
  -7.8900500769125444E-014
  -9.3141996212258401E-014
  -1.0995384195794760E-013
  -1.2979995223207947E-013
  -1.5322796544319309E-013
  -1.8088435424355622E-013
  -2.1353226239632231E-013
  -2.5207256053308877E-013
  -2.9756870168371116E-013
  -3.5127606228120870E-013
  -4.1467657808029923E-013
  -4.8951963049149013E-013
  -5.7787031125251482E-013
  -6.8216639689095418E-013
  -8.0528560468992210E-013
  -9.5062498547944020E-013
  -1.1221946433619456E-012
  -1.3247283676750324E-012
  -1.5638142289978305E-012
  -1.8460487416857801E-012
  -2.1792188454598546E-012
  -2.5725167259086686E-012
  -3.0367933995482039E-012
  -3.5848580583052248E-012
  -4.2318314304351035E-012
  -4.9955629047613144E-012
  -5.8971229238211177E-012
  -6.9613842275219052E-012
  -8.2177079795080610E-012
  -9.7007537011910883E-012
  -1.1451435353081155E-011
  -1.3518049933843955E-011
  -1.5957609725549598E-011
  -1.8837414930091629E-011
  -2.2236910071617325E-011
  -2.6249875365851356E-011
  -3.0987013495223716E-011
  -3.6579003133473629E-011
  -4.3180103435595922E-011
  -5.0972408903576474E-011
  -6.0170871974315405E-011
  -7.1029231848034897E-011
  -8.3847013067110211E-011
  -9.8977786855765149E-011
  -1.1683892305387142E-010
  -1.3792310158336522E-010
  -1.6281190090694147E-010
  -1.9219183821356658E-010
  -2.2687330367317498E-010
  -2.6781291090777418E-010
  -3.1613988002845159E-010
  -3.7318718078475528E-010
  -4.4052829463045720E-010
  -5.2002060944670277E-010
  -6.1385664355172662E-010
  -7.2462451150797410E-010
  -8.5537929906449707E-010
  -1.0097273153704236E-009
  -1.1919255456569968E-009
  -1.4069990466999157E-009
  -1.6608795220950217E-009
  -1.9605688983475599E-009
  -2.3143324120873080E-009
  -2.7319265323817869E-009
  -3.2248680025583299E-009
  -3.8067514196398179E-009
  -4.4936241077010777E-009
  -5.3044286210533505E-009
  -6.2615250777069118E-009
  -7.3913077244453372E-009
  -8.7249327327384839E-009
  -1.0299177291237468E-008
  -1.2157453680263423E-008
  -1.4351006286298702E-008
  -1.6940324557787450E-008
  -1.9996810856567550E-008
  -2.3604749186077387E-008
  -2.7863629071794468E-008
  -3.2890888659788695E-008
  -3.8825152655666447E-008
  -4.5830054367069429E-008
  -5.4098747214252407E-008
  -6.3859230078885638E-008
  -7.5380633294942666E-008
  -8.8980638565651294E-008
  -1.0503423734683087E-007
  -1.2398406913096870E-007
  -1.4635262461492533E-007
  -1.7275665013741550E-007
  -2.0392415044706458E-007
  -2.4071445848006293E-007
  -2.8414192536199006E-007
  -3.3540388363097470E-007
  -3.9591365445888039E-007
  -4.6733950866947940E-007
  -5.5165065544878430E-007
  -6.5117152633498232E-007
  -7.6864585070142166E-007
  -9.0731228880610990E-007
  -1.0709937070116864E-006
  -1.2642025557583973E-006
  -1.4922652546597557E-006
  -1.7614690129152405E-006
  -2.0792351315308093E-006
  -2.4543235636434507E-006
  -2.8970743706701345E-006
  -3.4196927287804654E-006
  -4.0365853403425903E-006
  -4.7647575215822293E-006
  -5.6242819097570925E-006
  -6.6388517067540686E-006
  -7.8364337055428260E-006
  -9.2500390955511266E-006
  -1.0918633288522566E-005
  -1.2888209837195858E-005
  -1.5213058040750003E-005
  -1.7957259167966846E-005
  -2.1196452528510935E-005
  -2.5019920058168496E-005
  -2.9533046860170614E-005
  -3.4860225503634613E-005
  -4.1148284107074746E-005
  -4.8570532666698643E-005
  -5.7331539123397425E-005
  -6.7672766768218565E-005
  -7.9879228317561077E-005
  -9.4287340000097995E-005
  -1.1129419205913488E-004
  -1.3136849109750693E-004
  -1.5506347575216348E-004
  -1.8303216155107486E-004
  -2.1604533497356754E-004
  -2.5501279247421455E-004
  -3.0100840962622320E-004
  -3.5529973105527507E-004
  -4.1938289637534352E-004
  -4.9502386433451057E-004
  -5.8430707088007595E-004
  -6.8969286163711669E-004
  -8.1408528100354041E-004
  -9.6091208535488816E-004
  -1.1342191845812738E-003
  -1.3387821136210901E-003
  -1.5802376047576849E-003
  -1.8652388851257830E-003
  -2.2016389773828861E-003
  -2.5987070528352011E-003
  -3.0673837967105429E-003
  -3.6205828198144674E-003
  -4.2735464190829693E-003
  -5.0442654864826459E-003
  -5.9539751325309951E-003
  -7.0277396760708797E-003
  -8.2951431132607667E-003
  -9.7911040838152188E-003
  -1.1556837781345865E-002
  -1.3640991301630693E-002
  -1.6100983699218210E-002
  -1.9004587660481492E-002
  -2.2431796355313453E-002
  -2.6477026883321240E-002
  -3.1251720999885102E-002
  -3.6887414748026759E-002
  -4.3539361534925207E-002
  -5.1390808432664220E-002
  -6.0658043471026775E-002
  -7.1596352921136558E-002
  -8.4507052627032245E-002
  -9.9745787017757853E-002
 -0.11773232433952963     
 -0.13896211784704046     
 -0.16401995131925209     
 -0.19359604465682037     
 -0.22850506305561516     
 -0.26970855319843406     
 -0.31834142426589324     
 -0.37574320293522284     
 -0.44349492297811605     
 -0.52346266520426710     
 -0.61784894659635059     
 -0.72925337358520026     
 -0.86074422946955165     
  -1.0159429670137501     
  -1.1991239325455378     
  -1.4153320672040517     
  -1.6705218258977306     
  -1.9717211386453695     
  -2.3272249283686408     
  -2.7468235128561291     
  -3.2420721789221685     
  -3.8266093501693952     
  -4.5165321074262161     
  -5.3308393996853018     
  -6.2919551466676680     
  -7.4263456332602189     
  -8.7652481915458242     
  -10.345531229393917     
  -12.210709279908677     
  -14.412141012935448     
  -17.010443185728107     
  -20.077159453365237     
  -23.696729974129177     
  -27.968816023861002     
  -33.011043604092364     
  -38.962241560400749     
  -45.986263337256148     
  -54.276497558122401     
  -64.061191576726216     
  -75.609734518833889     
  -89.240072739194432     
  -105.32746178206131     
  -124.31479571335065     
  -146.72479809999123     
  -173.17441014167355     
  -204.39177192150302     
  -241.23626409847242     
  -284.72216157936828     
  -336.04655009763218     
  -396.62227392616882     
  -468.11682138716350     
  -552.49821820310092     
  -652.08919155400076     
  -769.63109527085419     
  -908.35935516448978     
  -1072.0925104506496     
  -1265.3373013049838     
  -1493.4126940559579     
  -1762.5962565431043     
  -2080.2969110643457     
  -2455.2588180228836     
  -2897.8019998222185     
  -3420.1063253040288     
  -4036.5466678786361     
  -4764.0884582707176     
  -5622.7545142133849     
  -6636.1759901668820     
  -7832.2426041406161     
  -9243.8700296007974     
  -10909.905563356611     
  -12876.196983871825     
  -15196.854003248842     
  -17935.737013624748     
  -21168.214080587037     
  -24983.234514386586     
  -29485.776057092982     
  -34799.732999846274     
  -41071.324671584509     
  -48473.118052543236     
  -57208.775155973497     
  -67518.655754338834     
  -79686.429549813009     
  -94046.879650014933     
  -110995.11197189291     
  -130997.42386030244     
  -154604.13083614968     
  -182464.70423650826     
  -215345.63605632383     
  -254151.52229530775     
  -299949.94461617252     
  -354000.83456459799     
  -417791.12785857671     
  -493075.66171355901     
  -581925.43982883508     
  -686784.59223879664     
  -810537.59629889042     
  -956588.60720192664     
  -1128955.0793611733     
  -1332378.2529042442     
  -1572453.5431962390     
  -1855784.4184969477     
  -2190163.9965954325     
  -2584789.3533047102     
  -3050514.4349845783     
  -3600148.5285086636     
  -4248808.4944703374     
  -5014334.4473514240     
  -5917780.3104761420     
  -6983992.7317732302     
  -8242294.2752357982     
  -9727289.6692506596     
  -11479817.275435824     
  -13548071.933228843     
  -15988930.045899980     
  -18869513.332363412     
  -22269034.228874922     
  -26280973.665687293     
  -31015651.078691445     
  -36603257.296007618     
  -43197433.660606295     
  -50979495.761861973     
  -60163417.863937773     
  -71001715.023787484     
  -83792384.560701057     
  -98887097.650471672     
  -116700866.17021658     
  -137723450.45841804     
  -162532821.49255875     
  -191811047.43800375     
  -226363041.13732007     
  -267138683.71900371     
  -315258932.26803172     
  -372046628.96594685     
  -439062858.28222668     
  -518149851.22969675     
  -611481615.57168603     
  -721623683.12816620     
  -851603615.80235469     
  -1004994207.5177456     
  -1186011668.0362411     
  -1399631486.2002277     
  -1651725155.8086803     
  -1949221520.4379435     
  -2300297169.7909322     
  -2714601118.1763506     
  -3203519937.3973269     
  -3780490627.5264688     
  -4461369820.2761269     
  -5264869456.9453735     
  -6213070908.7264452     
  -7332031661.6177740     
  -8652501230.4765778     
  -10210765966.656811     
  -12049645963.587290     
  -14219671441.743944     
  -16780470923.445536     
  -19802409324.080830     
  -23368520949.438469     
  -27576790487.178398     
  -32542844636.483467     
  -38403128295.902260     
  -45318652534.888840     
  -53479417274.820152     
  -63109630131.314644     
  -74473864730.032150     
  -87884327602.866669     
  -103709433208.58978     
  -122383922537.01726     
  -144420803134.43927     
  -170425438393.55240     
  -201112172955.93097     
  -237323950698.61450     
  -280055463929.49915     
  -330480469353.55402     
  -389984020753.78021     
  -460200503296.29224     
  -543058513621.73163     
  -640833817795.61621     
  -756211840914.68152     
  -892361403789.01990     
  -1053021730819.7819     
  -1242605117439.8386     
  -1466318075274.5603     
  -1730304280304.2419     
  -2041813247682.7791     
  -2409399362906.2251     
  -2843156732100.6162     
  -3354996297166.4629     
  -3958972821344.7739     
  -4671670719274.8262     
  -5512659320339.3721     
  -6505030059334.4053     
  -7676030336521.8047     
  -9057811441589.7070     
  -10688311065714.945     
  -12612294618640.012     
  -14882583924730.529     
  -17561507012874.168     
  -20722608780819.652     
  -24452669471498.293     
  -28854086343306.406     
  -34047683879846.094     
  -40176029640468.836     
  -47407346723531.594     
  -55940130179931.766     
  -66008594024020.812     
  -77889098271904.453     
  -91907732318147.844     
  -108449262678097.86     
  -127967690544049.94     
  -150998708755358.09     
  -178174399875864.06     
  -210240578534955.94     
  -248077253706246.62     
  -292722772158410.75     
  -345402305261762.56     
  -407561460439127.56     
  -480905939075523.75     
  -567448328500299.50     
  -669563311272534.00     
  -790052805797754.38     
  -932222824607579.25     
  -1099974157907454.1     
  -1297909369046892.0     
  -1531459035780515.0     
  -1807030698823562.5     
  -2132184601722921.0     
  -2515841040524583.5     
  -2968525008248402.0     
  -3502654841527451.0     
  -4132882782947668.0     
  -4876496795685878.0     
  -5753894645984823.0     
  -6789143249826575.0     
  -8010638617145077.0     
  -9451884484085470.0     
  -11152410976713970.     
  -13158858487328244.     
  -15526256472255638.     
  -18319532221796056.     
  -21615290955105144.     
  -25503916027962912.     
  -30092046813205972.     
  -35505502162399608.     
  -41892729566558632.     
  -49428874537812536.     
  -58320581727376816.     
  -68811659343471856.     
  -81189762085008304.     
  -95794275710701696.     
  -1.1302561928297434E+017
  -1.3335621996307214E+017
  -1.5734346105180730E+017
  -1.8564495802390230E+017
  -2.1903658107320010E+017
  -2.5843371791714826E+017
  -3.0491635936187245E+017
  -3.5975869483390253E+017
  -4.2446402860794106E+017
  -5.0080597318384870E+017
  -5.9087704817980877E+017
  -6.9714601591884672E+017
  -8.2252552414458266E+017
  -9.7045190855893901E+017
  -1.1449793408559685E+018
  -1.3508909007466908E+018
  -1.5938296138821071E+018
  -1.8804530442695063E+018
  -2.2186156747036966E+018
  -2.6175840695510190E+018
  -3.0882907117521372E+018
  -3.6436334647125908E+018
  -4.2988288588035118E+018
  -5.0718288756796180E+018
  -5.9838126418586982E+018
  -7.0597664935605228E+018
  -8.3291682937817723E+018
  -9.8267947361741967E+018
  -1.1593673736571716E+019
  -1.3678207984078481E+019
  -1.6137500408127132E+019
  -1.9038917844001120E+019
  -2.2461935698162389E+019
  -2.6500314104662958E+019
  -3.1264665135301943E+019
  -3.6885481327153222E+019
  -4.3516708414333329E+019
  -5.1339960041670386E+019
  -6.0569489803544953E+019
  -7.1458056672015704E+019
  -8.4303844321100694E+019
  -9.9458623687209763E+019
  -1.1733738211769913E+020
  -1.3842968258041894E+020
  -1.6331306373403306E+020
  -1.9266884748588171E+020
  -2.2730078651767679E+020
  -2.6815706193987849E+020
  -3.1635623286701261E+020
  -3.7321784779356170E+020
  -4.4029855514831847E+020
  -5.1943470079962402E+020
  -6.1279257768592238E+020
  -7.2292770200478260E+020
  -8.5285473722880465E+020
  -1.0061299783752970E+021
  -1.1869486523960981E+021
  -1.4002596956607781E+021
  -1.6519011473519925E+021
  -1.9487598612346404E+021
  -2.2989599031034401E+021
  -2.7120847854240620E+021
  -3.1994396156894632E+021
  -3.7743603260902463E+021
  -4.4525784390566234E+021
  -5.2526513412316458E+021
  -6.1964698289528426E+021
  -7.3098568002677873E+021
  -8.6232734595825061E+021
  -1.0172652339288175E+022
  -1.2000379908391365E+022
  -1.4156455625949325E+022
  -1.6699859118634970E+022
  -1.9700162848712341E+022
  -2.3239434346408037E+022
  -2.7414479992303150E+022
  -3.2339491666998097E+022
  -3.8149168591741531E+022
  -4.5002399665505916E+022
  -5.3086606915603156E+022
  -6.2622868738425896E+022
  -7.3871962907340668E+022
  -8.7141494447675590E+022
  -1.0279430310999004E+023
  -1.2125838012128075E+023
  -1.4303856511346973E+023
  -1.6873034274457313E+023
  -1.9903611586733671E+023
  -2.3478439972783818E+023
  -2.7695246143832054E+023
  -3.2669302304111057E+023
  -3.8536575743111252E+023
  -4.5457443726071651E+023
  -5.3621075128371901E+023
  -6.3250598461511968E+023
  -7.4609197405775828E+023
  -8.8007300283169312E+023
  -1.0381105976453384E+024
  -1.2245235432147295E+024
  -1.4444058446756988E+024
  -1.7037658581727411E+024
  -2.0096903876090257E+024
  -2.3705382268611648E+024
  -2.7961684302821601E+024
  -3.2982095419502002E+024
  -3.8903771317126599E+024
  -4.5888483040999557E+024
  -5.4127034005829642E+024
  -6.3844469488040221E+024
  -7.5306220743066547E+024
  -8.8825351398650039E+024
  -1.0477110384278146E+025
  -1.2357897878414861E+025
  -1.4576262298031330E+025
  -1.7192784944424206E+025
  -2.0278917259742339E+025
  -2.3918930942271935E+025
  -2.8212217855152316E+025
  -3.3276002460192912E+025
  -3.9248540756671205E+025
  -4.6292892969701884E+025
  -5.4601372875414275E+025
  -6.4400795096962319E+025
  -7.5958663458898470E+025
  -8.9590469140305974E+025
  -1.0566829761813234E+026
  -1.2463097906544387E+026
  -1.4699605893652013E+026
  -1.7337391507761393E+026
  -2.0448440619988966E+026
  -2.4117650553263871E+026
  -2.8445145481889327E+026
  -3.3549006973707165E+026
  -3.9568494094315736E+026
  -4.6667840830787316E+026
  -5.5040734320374918E+026
  -6.4915595915976044E+026
  -7.6561808989511134E+026
  -9.0297063162184562E+026
  -1.0649601505875465E+027
  -1.2560050153908646E+027
  -1.4813158364025915E+027
  -1.7470374931697292E+027
  -2.0604166185361987E+027
  -2.4299991013776578E+027
  -2.8658629871797923E+027
  -3.3798931194270302E+027
  -3.9861050011311648E+027
  -4.7010266957305172E+027
  -5.5441491664785319E+027
  -6.5384573162898095E+027
  -7.7110561864889611E+027
  -9.0939093627508344E+027
  -1.0724709690161050E+028
  -1.2647905999802440E+028
  -1.4915913794488574E+028
  -1.7590542846646915E+028
  -2.0744680562987230E+028
  -2.4464276928918531E+028
  -2.8850685049857119E+028
  -3.4023420979608871E+028
  -4.0123417930829164E+028
  -4.7316863409132069E+028
  -5.5799723666170569E+028
  -6.5803078558765978E+028
  -7.7599411938836635E+028
  -9.1510028681251238E+028
  -1.0791380008972675E+029
  -1.2725747553671669E+029
  -1.5006784077298513E+029
  -1.7696605354283813E+029
  -2.0868454632528691E+029
  -2.4608695579714732E+029
  -2.9019162087615124E+029
  -3.4219928818439915E+029
  -4.0352577810829644E+029
  -4.7584049942482924E+029
  -5.6111185937517217E+029
  -6.6166080340914118E+029
  -7.8022393968329511E+029
  -9.2002796376629391E+029
  -1.0848774059540862E+030
  -1.2792580854547670E+030
  -1.5084590822880459E+030
  -1.7787165406322600E+030
  -2.0973832101871917E+030
  -2.4731283309871653E+030
  -2.9161732909546972E+030
  -3.4385694566778770E+030
  -4.0545257227666424E+030
  -4.7807946747443928E+030
  -5.6371278513615321E+030
  -6.6468124676172129E+030
  -7.8373041704948706E+030
  -9.2409730053932189E+030
  -1.0895982843114412E+031
  -1.2847328138325900E+031
  -1.5148056158790721E+031
  -1.7860707856047675E+031
  -2.1059016478969741E+031
  -2.4829910022448021E+031
  -2.9275871843759085E+031
  -3.4517723492232286E+031
  -4.0697905246773993E+031
  -4.7984343350759896E+031
  -5.6575008840296725E+031
  -6.6703291610681586E+031
  -7.8644335464784803E+031
  -9.2722505934452535E+031
  -1.0932019336712151E+032
  -1.2888818995583994E+032
  -1.5195792204137529E+032
  -1.7915586928453112E+032
  -2.1122056155575949E+032
  -2.4902261422109358E+032
  -2.9358834480800550E+032
  -3.4612761103898863E+032
  -4.0806662454891118E+032
  -4.8108662934733044E+032
  -5.6716949289378877E+032
  -6.6865144481786039E+032
  -7.8828641889804698E+032
  -9.2932071387937762E+032
  -1.0955809950878406E+033
  -1.2915780198737308E+033
  -1.5226288954465053E+033
  -1.7950011791529328E+033
  -2.1160827222520393E+033
  -2.4945818547259985E+033
  -2.9407633294557483E+033
  -3.4667264113601697E+033
  -4.0867326369795091E+033
  -4.8175921132684158E+033
  -5.6791188073331506E+033
  -6.6946671442515607E+033
  -7.8917644283259777E+033
  -9.3028561934908064E+033
  -1.0966184641061597E+034
  -1.2926823919969697E+034
  -1.5237900243162425E+034
  -1.7962029828352188E+034
  -2.1173013536545270E+034
  -2.4957834016565073E+034
  -2.9419009335195107E+034
  -3.4677366701028399E+034
  -4.0875311235319989E+034
  -4.8180678111061538E+034
  -5.6791272132600889E+034
  -6.6940217387094100E+034
  -7.8902261466224357E+034
  -9.3001204521382902E+034
  -1.0961865377228425E+035
  -1.2920433985584226E+035
  -1.5228827354279250E+035
  -1.7949507099933088E+035
  -2.1156083426739543E+035
  -2.4935304255569722E+035
  -2.9389399113021132E+035
  -3.4638841025394516E+035
  -4.0825600932690533E+035
  -4.8116982415215408E+035
  -5.6710140167641818E+035
  -6.6837404083354314E+035
  -7.8772552521482616E+035
  -9.2838203904275315E+035
  -1.0941452592138114E+036
  -1.2894949711055429E+036
  -1.5197099739579085E+036
  -1.7910105341819988E+036
  -2.1107262251621212E+036
  -2.4874936755969901E+036
  -2.9314895535419229E+036
  -3.4547050617023435E+036
  -4.0712693366714386E+036
  -4.7978304607130513E+036
  -5.6540043447105544E+036
  -6.6629035666610987E+036
  -7.8517604006172970E+036
  -9.2526608040014130E+036
  -1.0903409114735101E+037
  -1.2848546723714909E+037
  -1.5140552127118780E+037
  -1.7841254637900040E+037
  -2.1023499777383617E+037
  -2.4773111130119137E+037
  -2.9191201409406012E+037
  -3.4396894860722968E+037
  -4.0530534177115303E+037
  -4.7757458110498843E+037
  -5.6272451284466894E+037
  -6.6304985758045839E+037
  -7.8125395139298237E+037
  -9.2052147071847608E+037
  -1.0846040938640219E+038
  -1.2779213991216946E+038
  -1.5056797080861462E+038
  -1.7740120640002282E+038
  -2.0901431016142846E+038
  -2.4625832323066792E+038
  -2.9013573539236790E+038
  -3.4182742199679124E+038
  -4.0272436921327236E+038
  -4.7446503828656651E+038
  -5.5897937049297222E+038
  -6.5854061231718922E+038
  -7.7582634974118845E+038
  -9.1399038704514498E+038
  -1.0767473957505376E+039
  -1.2684726010355501E+039
  -1.4943191752438470E+039
  -1.7603564817255242E+039
  -2.0737328698301990E+039
  -2.4428673782903440E+039
  -2.8776754769941650E+039
  -3.3898348868557717E+039
  -3.9930985883961760E+039
  -4.7036633902921197E+039
  -5.5406039131202506E+039
  -6.5263835903518738E+039
  -7.6874563448596603E+039
  -9.0549750195294546E+039
  -1.0665625489454032E+040
  -1.2562608736436455E+040
  -1.4796797113363648E+040
  -1.7428095671406917E+040
  -2.0527044890495806E+040
  -2.4176707588448463E+040
  -2.8474890357554287E+040
  -3.3536758790526536E+040
  -3.9497916247341454E+040
  -4.6518028259126000E+040
  -5.4785089192691099E+040
  -6.4520444895120613E+040
  -7.5984705155646723E+040
  -8.9484703495538083E+040
  -1.0538168965370379E+041
  -1.2410097291470845E+041
  -1.4614327299567300E+041
  -1.7209808059104166E+041
  -2.0265938307151848E+041
  -2.3864417365956766E+041
  -2.8101423632183711E+041
  -3.3090178558482014E+041
  -3.8963964279469041E+041
  -4.5879675071137884E+041
  -5.4021996993290838E+041
  -6.3608326723125863E+041
  -7.4894560184682720E+041
  -8.8181904631058481E+041
  -1.0382489495275699E+042
  -1.2224082688192940E+042
  -1.4392085728013777E+042
  -1.6944306582613874E+042
  -1.9948782432348568E+042
  -2.3485588089340223E+042
  -2.7648963811465163E+042
  -3.2549818860979790E+042
  -3.8318677087916796E+042
  -4.5109142496312904E+042
  -5.3101976484182749E+042
  -6.2509894597027109E+042
  -7.3583209624007063E+042
  -8.6616470194635149E+042
  -1.0195627028832581E+043
  -1.2001043593861409E+043
  -1.4125883170829743E+043
  -1.6626607218312219E+043
  -1.9569647389862424E+043
  -2.3033164209196900E+043
  -2.7109115600291310E+043
  -3.1905689795051881E+043
  -3.7550166721780952E+043
  -4.4192283239108215E+043
  -5.2008190816824709E+043
  -6.1205109823023616E+043
  -7.2026802862460499E+043
  -8.4760011101433365E+043
  -9.9742022770460352E+043
  -1.1736957271621544E+044
  -1.3810930675214817E+044
  -1.6251008554152206E+044
  -1.9121745090430343E+044
  -2.2499063402352310E+044
  -2.6472255150895701E+044
  -3.1146331338417583E+044
  -3.6644785882613497E+044
  -4.3112844328671814E+044
  -5.0721282725985916E+044
  -5.9670916570949188E+044
  -7.0197877189713086E+044
  -8.2579813456795813E+044
  -9.7143180848175649E+044
  -1.1427180813432792E+045
  -1.3441696526113715E+045
  -1.5810919500327241E+045
  -1.8597221681292806E+045
  -2.1873926510897411E+045
  -2.5727228744458849E+045
  -3.0258450218271585E+045
  -3.5586690240734710E+045
  -4.1851939504419106E+045
  -4.9218738418377113E+045
  -5.7880474847446017E+045
  -6.8064432779603962E+045
  -8.0037722847370828E+045
  -9.4114248401723635E+045
  -1.1066288755966213E+046
  -1.3011710300251939E+046
  -1.5298622809218527E+046
  -1.7986872103532874E+046
  -2.1146772946177110E+046
  -2.4860936718193233E+046
  -2.9226417456096797E+046
  -3.4357231566465926E+046
  -4.0387316116911503E+046
  -4.7474001841362740E+046
  -5.5802090176100426E+046
  -6.5588639094755647E+046
  -7.7088580626170402E+046
  -9.0601314176003548E+046
  -1.0647844466685040E+047
  -1.2513286368947826E+047
  -1.4704940605360437E+047
  -1.7279735419963881E+047
  -2.0304510988850827E+047
  -2.3857740760170920E+047
  -2.8031550853480548E+047
  -3.2934088956521899E+047
  -3.8692303000318490E+047
  -4.5455200249631957E+047
  -5.3397669572962602E+047
  -6.2724963855597132E+047
  -7.3677956142809651E+047
  -8.6539302559728633E+047
  -1.0164066783048961E+048
  -1.1937119587396349E+048
  -1.4018743914292823E+048
  -1.6462499686460372E+048
  -1.9331215502812237E+048
  -2.2698587089379823E+048
  -2.6651050318977783E+048
  -3.1289975743728246E+048
  -3.6734239566697109E+048
  -4.3123235309318220E+048
  -5.0620401335906719E+048
  -5.9417352138774418E+048
  -6.9738716174249998E+048
  -8.1847800428999585E+048
  -9.6053222204160895E+048
  -1.1271667231725753E+049
  -1.3226200160366091E+049
  -1.5518585490811364E+049
  -1.8207011445761745E+049
  -2.1359645848968242E+049
  -2.5056339230913337E+049
  -2.9390616876478846E+049
  -3.4472008487126940E+049
  -4.0428772257313390E+049
  -4.7411079634136780E+049
  -5.5594738059062445E+049
  -6.5185541834282318E+049
  -7.6424356207509441E+049
  -8.9593057167909331E+049
  -1.0502146968624597E+050
  -1.2309547066983185E+050
  -1.4426645026440109E+050
  -1.6906235692940046E+050
  -1.9810058864340920E+050
  -2.3210303547355591E+050
  -2.7191362850194448E+050
  -3.1851880782020770E+050
  -3.7307138921962392E+050
  -4.3691838674326988E+050
  -5.1163343806406511E+050
  -5.9905458358406787E+050
  -7.0132827036433773E+050
  -8.2096059094808474E+050
  -9.6087692763826367E+050
  -1.1244913580323377E+051
  -1.3157873912402883E+051
  -1.5394118503481641E+051
  -1.8007840000177936E+051
  -2.1062223439198979E+051
  -2.4630918909368032E+051
  -2.8799751184261943E+051
  -3.3668703527830843E+051
  -3.9354218503944673E+051
  -4.5991865050656283E+051
  -5.3739428412534597E+051
  -6.2780487870559069E+051
  -7.3328556688850764E+051
  -8.5631869439580010E+051
  -9.9978914007643247E+051
  -1.1670481925615962E+052
  -1.3619872469527485E+052
  -1.5891227567975995E+052
  -1.8536940679477805E+052
  -2.1617759728313423E+052
  -2.5204080569673240E+052
  -2.9377431644300650E+052
  -3.4232175848981944E+052
  -3.9877458602542285E+052
  -4.6439434202477831E+052
  -5.4063805791831152E+052
  -6.2918717507294867E+052
  -7.3198040536674190E+052
  -8.5125097703396997E+052
  -9.8956873574900232E+052
  -1.1498875862560631E+053
  -1.3355987621758759E+053
  -1.5505903947689241E+053
  -1.7993138071507415E+053
  -2.0868568777285856E+053
  -2.4190246808495781E+053
  -2.8024274044902623E+053
  -3.2445752387765461E+053
  -3.7539794916220342E+053
  -4.3402585746527864E+053
  -5.0142466558236657E+053
  -5.7881016185140765E+053
  -6.6754074003194042E+053
  -7.6912636767086222E+053
  -8.8523530322814811E+053
  -1.0176971997971260E+054
  -1.1685007326371012E+054
  -1.3397832233782437E+054
  -1.5338088533681848E+054
  -1.7529308929609470E+054
  -1.9995318307138357E+054
  -2.2759332442480161E+054
  -2.5842645500158900E+054
  -2.9262761846329069E+054
  -3.3030780139214146E+054
  -3.7147774451640647E+054
  -4.1599833047028251E+054
  -4.6351303226378763E+054
  -5.1335640711269658E+054
  -5.6443061182899902E+054
  -6.1503921983065686E+054
  -6.6266399285536840E+054
  -7.0366537305071797E+054
  -7.3288087127072345E+054
  -7.4308666042126130E+054
  -7.2427586035600716E+054
  -6.6269173030450794E+054
  -5.3953675002500549E+054
  -3.2927802794191702E+054
  -2.9901718153641243E+050
