   0.0000000000000000     
  -1.1011010049952404E-016
  -2.2182959379130779E-016
  -3.3679135073501410E-016
  -4.5667558070639582E-016
  -5.8323438651973907E-016
  -7.1831736858846316E-016
  -8.6389865244414770E-016
  -1.0221057345015436E-015
  -1.1952505674930806E-015
  -1.3858633396880976E-015
  -1.5967294413364514E-015
  -1.8309301583071731E-015
  -2.0918876873094658E-015
  -2.3834151301798036E-015
  -2.7097721974160808E-015
  -3.0757274344987910E-015
  -3.4866278797767520E-015
  -3.9484771712010805E-015
  -4.4680232425497174E-015
  -5.0528568897963859E-015
  -5.7115226469860619E-015
  -6.4536435907003253E-015
  -7.2900618955536009E-015
  -8.2329971931233007E-015
  -9.2962250466398124E-015
  -1.0495278147439625E-014
  -1.1847673170903006E-014
  -1.3373166604197811E-014
  -1.5094043281100410E-014
  -1.7035441836635921E-014
  -1.9225721833241388E-014
  -2.1696877918472417E-014
  -2.4485007060823900E-014
  -2.7630835685037715E-014
  -3.1180314402631236E-014
  -3.5185289020059839E-014
  -3.9704257620321985E-014
  -4.4803224770174251E-014
  -5.0556665322778187E-014
  -5.7048611885237580E-014
  -6.4373881825443613E-014
  -7.2639461729264543E-014
  -8.1966069517109441E-014
  -9.2489917021794512E-014
  -1.0436469875527308E-013
  -1.1776383589284521E-013
  -1.3288300822809846E-013
  -1.4994301105439054E-013
  -1.6919297867047728E-013
  -1.9091402155809573E-013
  -2.1542333031598112E-013
  -2.4307880624599655E-013
  -2.7428428617214466E-013
  -3.0949543774432245E-013
  -3.4922641126226181E-013
  -3.9405734509388347E-013
  -4.4464283421730843E-013
  -5.0172148546868661E-013
  -5.6612669893380786E-013
  -6.3879883281142417E-013
  -7.2079892926127333E-013
  -8.1332420152436625E-013
  -9.1772550829935229E-013
  -1.0355270703514890E-012
  -1.1684487170427598E-012
  -1.3184309873800952E-012
  -1.4876634518217299E-012
  -1.6786166680667820E-012
  -1.8940782370653858E-012
  -2.1371934852992206E-012
  -2.4115113668673122E-012
  -2.7210362550536193E-012
  -3.0702863789615301E-012
  -3.4643597577286181E-012
  -3.9090085941963293E-012
  -4.4107232132982360E-012
  -4.9768267696463236E-012
  -5.6155821058673009E-012
  -6.3363123204603987E-012
  -7.1495368038983843E-012
  -8.0671247272898762E-012
  -9.1024682224526152E-012
  -1.0270677779424957E-011
  -1.1588802711453386E-011
  -1.3076079903060850E-011
  -1.4754214469253681E-011
  -1.6647696419276443E-011
  -1.8784157943358299E-011
  -2.1194776533264636E-011
  -2.3914729815809536E-011
  -2.6983708732539733E-011
  -3.0446496549561295E-011
  -3.4353622141346710E-011
  -3.8762097075323719E-011
  -4.3736247245892944E-011
  -4.9348651185057602E-011
  -5.5681198732168219E-011
  -6.2826285500056011E-011
  -7.0888160554625542E-011
  -7.9984446958654029E-011
  -9.0247857350654459E-011
  -1.0182812957292930E-010
  -1.1489421057080577E-010
  -1.2963672040425143E-010
  -1.4627073229635939E-010
  -1.6503890925007021E-010
  -1.8621504296209144E-010
  -2.1010804662702426E-010
  -2.3706645984065558E-010
  -2.6748353127562428E-010
  -3.0180295322397918E-010
  -3.4052533160221570E-010
  -3.8421548573363966E-010
  -4.3351068431652970E-010
  -4.8912993763076095E-010
  -5.5188448142907875E-010
  -6.2268960532635175E-010
  -7.0257799809388331E-010
  -7.9271480437167283E-010
  -8.9441461225141272E-010
  -1.0091606193203040E-009
  -1.1386262565003296E-009
  -1.2846995848318834E-009
  -1.4495108207562454E-009
  -1.6354633910369421E-009
  -1.8452689698894367E-009
  -2.0819870089110030E-009
  -2.3490693358631320E-009
  -2.6504104722107795E-009
  -2.9904044026418437E-009
  -3.3740086237898712E-009
  -3.8068164054321339E-009
  -4.2951383170783233E-009
  -4.8460942078445031E-009
  -5.4677169797883452E-009
  -6.1690696666825575E-009
  -6.9603775240256134E-009
  -7.8531770547546791E-009
  -8.8604841418191731E-009
  -9.9969837370866360E-009
  -1.1279243870038042E-008
  -1.2725957093938926E-008
  -1.4358212886803416E-008
  -1.6199804975318671E-008
  -1.8277578058531500E-008
  -2.0621818981922159E-008
  -2.3266698059856330E-008
  -2.6250766974739704E-008
  -2.9617520505132234E-008
  -3.3416030264605512E-008
  -3.7701659681777702E-008
  -4.2536870635001308E-008
  -4.7992133489829991E-008
  -5.4146953793079460E-008
  -6.1091030575939540E-008
  -6.8925563134914687E-008
  -7.7764725321260225E-008
  -8.7737328808506036E-008
  -9.8988699559115749E-008
  -1.1168279481536096E-007
  -1.2600459144127187E-007
  -1.4216278039301841E-007
  -1.6039280655177061E-007
  -1.8096029818083915E-007
  -2.0416493594086935E-007
  -2.3034481779559149E-007
  -2.5988138335922536E-007
  -2.9320496938013635E-007
  -3.3080107724223312E-007
  -3.7321744372955476E-007
  -4.2107201799131094E-007
  -4.7506196083442066E-007
  -5.3597379735023982E-007
  -6.0469487066815381E-007
  -6.8222626356524879E-007
  -7.6969737602384040E-007
  -8.6838237092801101E-007
  -9.7971872727706361E-007
  -1.1053281709634053E-006
  -1.2470402877609704E-006
  -1.4069191622011511E-006
  -1.5872934300440278E-006
  -1.7907901817239486E-006
  -2.0203732101826192E-006
  -2.2793861597148475E-006
  -2.5716012037612661E-006
  -2.9012739600258346E-006
  -3.2732054420436234E-006
  -3.6928119486959915E-006
  -4.1662039086545627E-006
  -4.7002748270117331E-006
  -5.3028016283182352E-006
  -5.9825578560345578E-006
  -6.7494413754234970E-006
  -7.6146184378850433E-006
  -8.5906862027298911E-006
  -9.6918560808643338E-006
  -1.0934160567720728E-005
  -1.2335686574417243E-005
  -1.3916838651535281E-005
  -1.5700635934665982E-005
  -1.7713047131318689E-005
  -1.9983368422034100E-005
  -2.2544649772645455E-005
  -2.5434175858654513E-005
  -2.8694008596869222E-005
  -3.2371599175330464E-005
  -3.6520478483157971E-005
  -4.1201035981959241E-005
  -4.6481398346439375E-005
  -5.2438420652514871E-005
  -5.9158804527653094E-005
  -6.6740359524114975E-005
  -7.5293426058096219E-005
  -8.4942480606704473E-005
  -9.5827946504409411E-005
  -1.0810823666956421E-004
  -1.2196205796325268E-004
  -1.3759101068605795E-004
  -1.5522252100863944E-004
  -1.7511314897158142E-004
  -1.9755232014915329E-004
  -2.2286653522971599E-004
  -2.5142411871198516E-004
  -2.8364057575214050E-004
  -3.1998463503568478E-004
  -3.6098506551840892E-004
  -4.0723836612765004E-004
  -4.5941744020160959E-004
  -5.1828138075510886E-004
  -5.8468650880267453E-004
  -6.5959882517871795E-004
  -7.4410805683429654E-004
  -8.3944350175881662E-004
  -9.4699190280956777E-004
  -1.0683176102117187E-003
  -1.2051853257444660E-003
  -1.3595857591383420E-003
  -1.5337645695189237E-003
  -1.7302550124577800E-003
  -1.9519147670254298E-003
  -2.2019674779650625E-003
  -2.4840496166015228E-003
  -2.8022633413620590E-003
  -3.1612361259353954E-003
  -3.5661880213990848E-003
  -4.0230075295289904E-003
  -4.5383371895789419E-003
  -5.1196701218988250E-003
  -5.7754589308935469E-003
  -6.5152385493236764E-003
  -7.3497648084163685E-003
  -8.2911707466316650E-003
  -9.3531429275289252E-003
  -1.0551120327740157E-002
  -1.1902518683798387E-002
  -1.3426983556246634E-002
  -1.5146675786431715E-002
  -1.7086593491718170E-002
  -1.9274935275366854E-002
  -2.1743509925708240E-002
  -2.4528198554185750E-002
  -2.7669475883143127E-002
  -3.1212998252928493E-002
  -3.5210266886445574E-002
  -3.9719376041752637E-002
  -4.4805856915542112E-002
  -5.0543629550205783E-002
  -5.7016076564865827E-002
  -6.4317254298973461E-002
  -7.2553258951494365E-002
  -8.1843767548246543E-002
  -9.2323776107260516E-002
 -0.10414556023389991     
 -0.11748088660542143     
 -0.13252350744548547     
 -0.14949197419565827     
 -0.16863281122272997     
 -0.19022409562488382     
 -0.21457949509215091     
 -0.24205282242262377     
 -0.27304317279195223     
 -0.30800071832840475     
 -0.34743324408184439     
 -0.39191352023060322     
 -0.44208761750139586     
 -0.49868428645996843     
 -0.56252553676250694     
 -0.63453856986365686     
 -0.71576923830866401     
 -0.80739722687922599     
 -0.91075317583610482     
  -1.0273379946684054     
  -1.1588446465279358     
  -1.3071827193576910     
  -1.4745061401355757     
  -1.6632444342336927     
  -1.8761379833004350     
  -2.1162777930522312     
  -2.3871503477543343     
  -2.6926882019230742     
  -3.0373270429643004     
  -3.4260700522795697     
  -3.8645604981823527     
  -4.3591636133042622     
  -4.9170589437649328     
  -5.5463445091788408     
  -6.2561542837769748     
  -7.0567907020112530     
  -7.9598741097818788     
  -8.9785113280370510     
  -10.127485772498252     
  -11.423471885674926     
  -12.885276989674562     
  -14.534114065691291     
  -16.393909414222914     
  -18.491649655513399     
  -20.857773099764778     
  -23.526611159564357     
  -26.536886202038666     
  -29.932273055974939     
  -33.762032311382690     
  -38.081724589055838     
  -42.954016130698001     
  -48.449587383071858     
  -54.648157741580007     
  -61.639641301276342     
  -69.525450360901701     
  -78.419965565601942     
  -88.452193987498205     
  -99.767639165170181     
  -112.53041019277873     
  -126.92560041142117     
  -143.16197015948026     
  -161.47497244169719     
  -182.13016534218306     
  -205.42706060643636     
  -231.70346413268101     
  -261.34037123486098     
  -294.76748757146214     
  -332.46945569218843     
  -374.99287736943785     
  -422.95423340127542     
  -477.04881556383873     
  -538.06080004174828     
  -606.87460818705779     
  -684.48771908953427     
  -772.02511945310187     
  -870.75559996899665     
  -982.11013409826887     
  -1107.7026053111647     
  -1249.3531828144078     
  -1409.1146841208861     
  -1589.3023060338769     
  -1792.5271543546025     
  -2021.7340575822286     
  -2280.2442118540289     
  -2571.8032742663299     
  -2900.6356005344601     
  -3271.5054118315666     
  -3689.7857758766736     
  -4161.5364003704781     
  -4693.5913643367712     
  -5293.6580566602670     
  -5970.4287531952223     
  -6733.7064465960166     
  -7594.5467491320087     
  -8565.4179211730498     
  -9660.3813401272746     
  -10895.295020166395     
  -12288.043126355735     
  -13858.794802632081     
  -15630.296056871237     
  -17628.198924181626     
  -19881.432668453563     
  -22422.622389870234     
  -25288.561091323423     
  -28520.742029371588     
  -32165.959046690015     
  -36276.983565475915     
  -40913.328029174285     
  -46142.106829181663     
  -52039.007161905000     
  -58689.383850040897     
  -66189.493953134181     
  -74647.889012231797     
  -84186.985050931253     
  -94944.833023206724     
  -107077.11529415587     
  -120759.39700504347     
  -136189.66485585592     
  -153591.18999016480     
  -173215.75634834616     
  -195347.30113367224     
  -220306.01998766293     
  -248452.99618223609     
  -280195.42070347490     
  -315992.47863441973     
  -356361.98686530156     
  -401887.87900786981     
  -453228.64562243281     
  -511126.85165837803     
  -576419.86856022582     
  -650051.97602600988     
  -733088.00817588321     
  -826728.74118146929     
  -932328.24454212305     
  -1051413.4465354148     
  -1185706.1963244942     
  -1337148.1412353134     
  -1507928.7783415020     
  -1700517.0852997210     
  -1917697.1870239438     
  -2162608.5730179003     
  -2438791.4458402521     
  -2750237.8552033962     
  -3101449.3556711152     
  -3497502.0200255825     
  -3944119.7464767611     
  -4447756.9175161654     
  -5015691.6030960958     
  -5656130.6528885448     
  -6378328.1938361106     
  -7192719.2425209330     
  -8111070.3598319711     
  -9146649.5211458467     
  -10314417.652292013     
  -11631244.593940016     
  -13116152.609224532     
  -14790590.946485041     
  -16678745.416660203     
  -18807887.449588921     
  -21208767.662499189     
  -23916059.615505755     
  -26968860.152225781     
  -30411253.539072044     
  -34292947.536135897     
  -38669990.569062158     
  -43605580.339866206     
  -49170975.532070115     
  -55446523.750802398     
  -62522820.512991466     
  -70502015.990585089     
  -79499288.338014096     
  -89644504.834514350     
  -101084094.77695094     
  -113983161.10837345     
  -128527861.20554636     
  -144928091.12460312     
  -163420511.97352332     
  -184271962.00618380     
  -207783303.58613837     
  -234293760.42891094     
  -264185807.58948028     
  -297890684.61828977     
  -335894611.27894479     
  -378745795.33274144     
  -427062333.29468852     
  -481541117.91663438     
  -542967880.64022648     
  -612228513.59397817     
  -690321834.11942792     
  -778373975.56588602     
  -877654611.48983550     
  -989595246.76994371     
  -1115809838.8808329     
  -1258118046.0854976     
  -1418571437.0890954     
  -1599483039.2886188     
  -1803460650.7655392     
  -2033444395.2916217     
  -2292749060.6291423     
  -2585111829.1820288     
  -2914746087.5817084     
  -3286402089.1840849     
  -3705435341.9669847     
  -4177883705.3652172     
  -4710554304.7574005     
  -5311121513.4221563     
  -5988237410.8367310     
  -6751656305.4818144     
  -7612375112.4157591     
  -8582791603.6901646     
  -9676882806.4663868     
  -10910406113.143814     
  -12301125994.079340     
  -13869069571.244696     
  -15636814725.710442     
  -17629814879.109924     
  -19876765115.925804     
  -22410014907.111092     
  -25266033364.720531     
  -28485933711.483948     
  -32116064499.416748     
  -36208676069.825798     
  -40822671827.170563     
  -46024455116.665718     
  -51888883867.715523     
  -58500346711.922485     
  -65953976027.682480     
  -74357015328.251419     
  -83830360624.804245     
  -94510297892.141998     
  -106550461578.10358     
  -120124042268.71805     
  -135426275195.11821     
  -152677245296.42798     
  -172125049092.93677     
  -194049358740.91016     
  -218765439407.64700     
  -246628677605.46844     
  -278039685449.29333     
  -313450054059.21423     
  -353368838635.25098     
  -398369868219.44476     
  -449099984980.80072     
  -506288331180.47632     
  -570756816988.71667     
  -643431919246.21997     
  -725357980333.01514     
  -817712197800.41711     
  -921821519643.68860     
  -1039181687391.2009     
  -1171478699950.6421     
  -1320613005824.1948     
  -1488726770378.4976     
  -1678234608890.3564     
  -1891858225715.3071     
  -2132665455852.7778     
  -2404114268208.3423     
  -2710102360881.3828     
  -3055023058850.7012     
  -3443828314635.2319     
  -3882099714161.2334     
  -4376128504623.7778     
  -4933005790225.8975     
  -5560724187157.8105     
  -6268292393119.5781     
  -7065864311435.1221     
  -7964884577992.5459     
  -8978252573848.4668     
  -10120507270702.678     
  -11408035554359.076     
  -12859307006992.598     
  -14495138507332.602     
  -16338992434150.826     
  -18417312738790.789     
  -20759903693751.242     
  -23400356734262.785     
  -26376531497077.367     
  -29731097935130.809     
  -33512147259386.570     
  -37773880442473.398     
  -42577384126714.062     
  -47991505027610.016     
  -54093835330599.117     
  -60971823164000.516     
  -68724024017099.383     
  -77461510984766.859     
  -87309463987540.906     
  -98408960671031.375     
  -110918994567265.30     
  -125018749344178.61     
  -140910161624100.00     
  -158820808969826.88     
  -179007164276417.81     
  -201758263034200.44     
  -227399835818164.50     
  -256298964994741.03     
  -288869332113447.00     
  -325577130874433.12     
  -366947730053523.19     
  -413573181458955.62     
  -466120680040901.50     
  -525342096847369.94     
  -592084720811425.12     
  -667303362582279.00     
  -752073993021842.88     
  -847609110854784.75     
  -955275058595004.50     
  -1076611533625024.9     
  -1213353572571678.5     
  -1367456322346163.5     
  -1541122950899740.8     
  -1736836095452030.8     
  -1957393296312400.2     
  -2205946921151861.2     
  -2486049148499378.5     
  -2801702651240425.5     
  -3157417702009764.0     
  -3558276513746769.5     
  -4010005731617646.5     
  -4519058108466170.0     
  -5092704526579273.0     
  -5739137675700007.0     
  -6467588862976576.0     
  -7288459617254436.0     
  -8213469960448197.0     
  -9255825455655142.0     
  -10430405408553474.     
  -11753974899250946.     
  -13245423660376670.     
  -14926035198641844.     
  -16819789986741824.     
  -18953707036422384.     
  -21358228708646636.     
  -24067654230800448.     
  -27120628082463628.     
  -30560690190249132.     
  -34436895749607448.     
  -38804513479735080.     
  -43725812230808424.     
  -49270947116448184.     
  -55518957756352552.     
  -62558892804406240.     
  -70491076728786248.     
  -79428536827988768.     
  -89498610738839264.     
  -1.0084475725156062E+017
  -1.1362859612905773E+017
  -1.2803220587348803E+017
  -1.4426071203882349E+017
  -1.6254520280515002E+017
  -1.8314601316709200E+017
  -2.0635642431052118E+017
  -2.3250683063239747E+017
  -2.6196943348127933E+017
  -2.9516352815428826E+017
  -3.3256145908545075E+017
  -3.7469532761898349E+017
  -4.2216454741278253E+017
  -4.7564435451249075E+017
  -5.3589539264435558E+017
  -6.0377450948627738E+017
  -6.8024691680561190E+017
  -7.6639988664107482E+017
  -8.6345817742656640E+017
  -9.7280140841321165E+017
  -1.0959836282872476E+018
  -1.2347553548938578E+018
  -1.3910883978977812E+018
  -1.5672038155326162E+018
  -1.7656034008662551E+018
  -1.9891051428635346E+018
  -2.2408831636611712E+018
  -2.5245126966748549E+018
  -2.8440207413239327E+018
  -3.2039431102871931E+018
  -3.6093886754216888E+018
  -4.0661117200547942E+018
  -4.5805934197269484E+018
  -5.1601336022275523E+018
  -5.8129540827401400E+018
  -6.5483150331338035E+018
  -7.3766460282005115E+018
  -8.3096936185252547E+018
  -9.3606875125953966E+018
  -1.0544527712979593E+019
  -1.1877995246618735E+019
  -1.3379989461617727E+019
  -1.5071795237074080E+019
  -1.6977383873679890E+019
  -1.9123751906999669E+019
  -2.1541302619111526E+019
  -2.4264275625192448E+019
  -2.7331230588058489E+019
  -3.0785591875123868E+019
  -3.4676261829395595E+019
  -3.9058311290987774E+019
  -4.3993757091744588E+019
  -4.9552437468122030E+019
  -5.5812997713621017E+019
  -6.2863999941063754E+019
  -7.0805172568549999E+019
  -7.9748817105428365E+019
  -8.9821392023538696E+019
  -1.0116529598523186E+020
  -1.1394087549803720E+020
  -1.2832868521546218E+020
  -1.4453203264831588E+020
  -1.6277984304070551E+020
  -1.8332988465522314E+020
  -2.0647239976556596E+020
  -2.3253419234251319E+020
  -2.6188322982025347E+020
  -2.9493382353389578E+020
  -3.3215246052616136E+020
  -3.7406436854489213E+020
  -4.2126090632041064E+020
  -4.7440788276615230E+020
  -5.3425492174848275E+020
  -6.0164600370349212E+020
  -6.7753133184375534E+020
  -7.6298068922599696E+020
  -8.5919847379940108E+020
  -9.6754062201431668E+020
  -1.0895336579689596E+021
  -1.2268961347748432E+021
  -1.3815627682434064E+021
  -1.5557116006015880E+021
  -1.7517945742559446E+021
  -1.9725719432315677E+021
  -2.2211510034753040E+021
  -2.5010296834768466E+021
  -2.8161456044633736E+021
  -3.1709312957051489E+021
  -3.5703763362898903E+021
  -4.0200972912739447E+021
  -4.5264164187380043E+021
  -5.0964502464708907E+021
  -5.7382092544713351E+021
  -6.4607100541002664E+021
  -7.2741016286779419E+021
  -8.1898073960113714E+021
  -9.2206850734680546E+021
  -1.0381206573829792E+022
  -1.1687660438692349E+022
  -1.3158379629476806E+022
  -1.4813997848519923E+022
  -1.6677737959086268E+022
  -1.8775736518973046E+022
  -2.1137408943819592E+022
  -2.3795860380213783E+022
  -2.6788348002994471E+022
  -3.0156801164537621E+022
  -3.3948406626128373E+022
  -3.8216267003827275E+022
  -4.3020141575978795E+022
  -4.8427279740669667E+022
  -5.4513358694747715E+022
  -6.1363538349132446E+022
  -6.9073648117957945E+022
  -7.7751522043918234E+022
  -8.7518500774143689E+022
  -9.8511121208240253E+022
  -1.1088301723449263E+023
  -1.2480705788731642E+023
  -1.4047775253891310E+023
  -1.5811395642577039E+023
  -1.7796191395677086E+023
  -2.0029868191110877E+023
  -2.2543597987489036E+023
  -2.5372452115705060E+023
  -2.8555888404878298E+023
  -3.2138299073677356E+023
  -3.6169626955108873E+023
  -4.0706058563814186E+023
  -4.5810803572645427E+023
  -5.1554971454256089E+023
  -5.8018557379885455E+023
  -6.5291550969699373E+023
  -7.3475183177479778E+023
  -8.2683328490175588E+023
  -9.3044081755723613E+023
  -1.0470153134970108E+024
  -1.1781775308544731E+024
  -1.3257505229998812E+024
  -1.4917848495063186E+024
  -1.6785869238078031E+024
  -1.8887508871031372E+024
  -2.1251944463427934E+024
  -2.3911991683913307E+024
  -2.6904557834213323E+024
  -3.0271151190940414E+024
  -3.4058453640459094E+024
  -3.8318964456726511E+024
  -4.3111724043547875E+024
  -4.8503127554167743E+024
  -5.4567839527329472E+024
  -6.1389822056464201E+024
  -6.9063490556140386E+024
  -7.7695012928224489E+024
  -8.7403769882845380E+024
  -9.8323996362572387E+024
  -1.1060662648178971E+025
  -1.2442136716028610E+025
  -1.3995902873785085E+025
  -1.5743414434701183E+025
  -1.7708791374092624E+025
  -1.9919151167554191E+025
  -2.2404980588863007E+025
  -2.5200553526952947E+025
  -2.8344400504691719E+025
  -3.1879836282122290E+025
  -3.5855552712720838E+025
  -4.0326284903598480E+025
  -4.5353559721239058E+025
  -5.1006536796567395E+025
  -5.7362953431740782E+025
  -6.4510186212722208E+025
  -7.2546443705125711E+025
  -8.1582106376998093E+025
  -9.1741231874643729E+025
  -1.0316324600269511E+026
  -1.1600484225697624E+026
  -1.3044211556148318E+026
  -1.4667295900623123E+026
  -1.6491975591252169E+026
  -1.8543240351315045E+026
  -2.0849170897967720E+026
  -2.3441320351590734E+026
  -2.6355142583214736E+026
  -2.9630473259248031E+026
  -3.3312070047012179E+026
  -3.7450219234671446E+026
  -4.2101416905426637E+026
  -4.7329133799997273E+026
  -5.3204674116507544E+026
  -5.9808139747566125E+026
  -6.7229512856997955E+026
  -7.5569871271731302E+026
  -8.4942752928362620E+026
  -9.5475687591988518E+026
  -1.0731191628285099E+027
  -1.2061232133313747E+027
  -1.3555759278433032E+027
  -1.5235065996111664E+027
  -1.7121942056170254E+027
  -1.9241980353194897E+027
  -2.1623920639302077E+027
  -2.4300035262627266E+027
  -2.7306562024875461E+027
  -3.0684189890948917E+027
  -3.4478603978056243E+027
  -3.8741097029762477E+027
  -4.3529255452179275E+027
  -4.8907728966130343E+027
  -5.4949094023199970E+027
  -6.1734822359112978E+027
  -6.9356367430595712E+027
  -7.7916383019282855E+027
  -8.7530090007990340E+027
  -9.8326809262722414E+027
  -1.1045168071265813E+028
  -1.2406759113750508E+028
  -1.3935733587768252E+028
  -1.5652604271207606E+028
  -1.7580388953889631E+028
  -1.9744915129027589E+028
  -2.2175161575846806E+028
  -2.4903641276429168E+028
  -2.7966830641646075E+028
  -3.1405650616028578E+028
  -3.5266005897034393E+028
  -3.9599389248716326E+028
  -4.4463558722549756E+028
  -4.9923296529489108E+028
  -5.6051259348746801E+028
  -6.2928931023212447E+028
  -7.0647689893234935E+028
  -7.9310004475714928E+028
  -8.9030772821987925E+028
  -9.9938822705764956E+028
  -1.1217859182367322E+029
  -1.2591200946048943E+029
  -1.4132060360660289E+029
  -1.5860786034735699E+029
  -1.7800186550697844E+029
  -1.9975826206198978E+029
  -2.2416356078282640E+029
  -2.5153884596516187E+029
  -2.8224392302686258E+029
  -3.1668196023114075E+029
  -3.5530468291655032E+029
  -3.9861818544247651E+029
  -4.4718943367531311E+029
  -5.0165353933520572E+029
  -5.6272189699563029E+029
  -6.3119128508877251E+029
  -7.0795404404151877E+029
  -7.9400945778621713E+029
  -8.9047647950856969E+029
  -9.9860795877997599E+029
  -1.1198065453595887E+030
  -1.2556424651487012E+030
  -1.4078733862656635E+030
  -1.5784666182367658E+030
  -1.7696239151480592E+030
  -1.9838091845855696E+030
  -2.2237794386503852E+030
  -2.4926193616507311E+030
  -2.7937799116653421E+030
  -3.1311214205051653E+030
  -3.5089617091859129E+030
  -3.9321297944274395E+030
  -4.4060258265406414E+030
  -4.9366879710354330E+030
  -5.5308670261408541E+030
  -6.1961096570030433E+030
  -6.9408512255342110E+030
  -7.7745193037318438E+030
  -8.7076490788768559E+030
  -9.7520119925635959E+030
  -1.0920759103341583E+031
  -1.2228580826311933E+031
  -1.3691884883910355E+031
  -1.5328994502059801E+031
  -1.7160369106783330E+031
  -1.9208850020295712E+031
  -2.1499933924785499E+031
  -2.4062077158996781E+031
  -2.6927034239965729E+031
  -3.0130234362723793E+031
  -3.3711200027537970E+031
  -3.7714012380650965E+031
  -4.2187828334091920E+031
  -4.7187455056791160E+031
  -5.2773988007055244E+031
  -5.9015519309812145E+031
  -6.5987923975559840E+031
  -7.3775732216544555E+031
  -8.2473096944507002E+031
  -9.2184866438746588E+031
  -1.0302777315884679E+032
  -1.1513175074892361E+032
  -1.2864139244555432E+032
  -1.4371756536550147E+032
  -1.6053919651779509E+032
  -1.7930524786332840E+032
  -2.0023689933918214E+032
  -2.2357996047924274E+032
  -2.4960753310138938E+032
  -2.7862294949765672E+032
  -3.1096301265901962E+032
  -3.4700156729070149E+032
  -3.8715343272479525E+032
  -4.3187873130922540E+032
  -4.8168764843675313E+032
  -5.3714566306140518E+032
  -5.9887929031340324E+032
  -6.6758238064156496E+032
  -7.4402302275011600E+032
  -8.2905110041067482E+032
  -9.2360655596342398E+032
  -1.0287284159030236E+033
  -1.1455646362858620E+033
  -1.2753828276857823E+033
  -1.4195819209301545E+033
  -1.5797048357015481E+033
  -1.7574522140907312E+033
  -1.9546972800898866E+033
  -2.1735018835254956E+033
  -2.4161337826925988E+033
  -2.6850852135388309E+033
  -2.9830927841456148E+033
  -3.3131587208527809E+033
  -3.6785734759403607E+033
  -4.0829396854458320E+033
  -4.5301974384190345E+033
  -5.0246507844665176E+033
  -5.5709953633466788E+033
  -6.1743469869070505E+033
  -6.8402709377420565E+033
  -7.5748116681470378E+033
  -8.3845224843531820E+033
  -9.2764946812127115E+033
  -1.0258385447394604E+034
  -1.1338443685926194E+034
  -1.2525532683861713E+034
  -1.3829148311202737E+034
  -1.5259431124907780E+034
  -1.6827170389382064E+034
  -1.8543797588925093E+034
  -2.0421366486797576E+034
  -2.2472516163875494E+034
  -2.4710412728273270E+034
  -2.7148664503183312E+034
  -2.9801204446464555E+034
  -3.2682132299926115E+034
  -3.5805507470156910E+034
  -3.9185081859851540E+034
  -4.2833959743301347E+034
  -4.6764169245228618E+034
  -5.0986126957922668E+034
  -5.5507973620482650E+034
  -6.0334754468283641E+034
  -6.5467412697973852E+034
  -7.0901558310112156E+034
  -7.6625967176913010E+034
  -8.2620756278793478E+034
  -8.8855170345125707E+034
  -9.5284902234837376E+034
  -1.0184885382538307E+035
  -1.0846522535750105E+035
  -1.1502679838337192E+035
  -1.2139524979037864E+035
  -1.2739430071008347E+035
  -1.3280146309426362E+035
  -1.3733809664092354E+035
  -1.4065742748140432E+035
  -1.4233010503675809E+035
  -1.4182678169188500E+035
  -1.3849708810126970E+035
  -1.3154424222821692E+035
  -1.1999437345692392E+035
  -1.0265948159809524E+035
  -7.8092884141968347E+034
  -4.4536759970873740E+034
  -4.0443805268418734E+030
