   0.0000000000000000     
  -1.1011010049952404E-016
  -2.2221115226663779E-016
  -3.3833006059860507E-016
  -4.6056632786813770E-016
  -5.9113001142567134E-016
  -7.3238167851412899E-016
  -8.8687508046297874E-016
  -1.0574033175388027E-015
  -1.2470493288817825E-015
  -1.4592416200900182E-015
  -1.6978162356374749E-015
  -1.9670860961356020E-015
  -2.2719189535111688E-015
  -2.6178253728770694E-015
  -3.0110583310313449E-015
  -3.4587262314047479E-015
  -3.9689213776801868E-015
  -4.5508662276069609E-015
  -5.2150800697740090E-015
  -5.9735691350921838E-015
  -6.8400435781309423E-015
  -7.8301652489076407E-015
  -8.9618307320066560E-015
  -1.0255494767058639E-014
  -1.1734539894146047E-014
  -1.3425699002796787E-014
  -1.5359538418966859E-014
  -1.7571010258057748E-014
  -2.0100084023317957E-014
  -2.2992468860540694E-014
  -2.6300439517646786E-014
  -3.0083780931111444E-014
  -3.4410868504089266E-014
  -3.9359903592215591E-014
  -4.5020326516680920E-014
  -5.1494432630921675E-014
  -5.8899220635057334E-014
  -6.7368506527267635E-014
  -7.7055341379403815E-014
  -8.8134776611911311E-014
  -1.0080702671970829E-013
  -1.1530108657936024E-013
  -1.3187886867834388E-013
  -1.5083993499766935E-013
  -1.7252690901919228E-013
  -1.9733166561253020E-013
  -2.2570241060540707E-013
  -2.5815177790915512E-013
  -2.9526609044813322E-013
  -3.3771595215979113E-013
  -3.8626836237051195E-013
  -4.4180057134522431E-013
  -5.0531592725247994E-013
  -5.7796200074895220E-013
  -6.6105131451741026E-013
  -7.5608505213273651E-013
  -8.6478017443075603E-013
  -9.8910043308582391E-013
  -1.1312918414761289E-012
  -1.2939232434009692E-012
  -1.4799327122648334E-012
  -1.6926806186207368E-012
  -1.9360103243704115E-012
  -2.2143175996252068E-012
  -2.5326300157247449E-012
  -2.8966977480335040E-012
  -3.3130974281399693E-012
  -3.7893509206874130E-012
  -4.3340611695224961E-012
  -4.9570675660215573E-012
  -5.6696236449071757E-012
  -6.4846003159610899E-012
  -7.4167183010493975E-012
  -8.4828139731230409E-012
  -9.7021433968570764E-012
  -1.1096730060229449E-011
  -1.2691762575060769E-011
  -1.4516049526575652E-011
  -1.6602539683683286E-011
  -1.8988916961528617E-011
  -2.1718280877228393E-011
  -2.4839924782930482E-011
  -2.8410225925269931E-011
  -3.2493663398791480E-011
  -3.7163982369391631E-011
  -4.2505525583961684E-011
  -4.8614756201828269E-011
  -5.5601999436775569E-011
  -6.3593434447705317E-011
  -7.2733372432608544E-011
  -8.3186862045986716E-011
  -9.5142669167372000E-011
  -1.0881668480475128E-010
  -1.2445582264339732E-010
  -1.4234247658726580E-010
  -1.6279961874616550E-010
  -1.8619662987968541E-010
  -2.1295596752689431E-010
  -2.4356079216758868E-010
  -2.7856368904908161E-010
  -3.1859664308409700E-010
  -3.6438244683695201E-010
  -4.1674774747479946E-010
  -4.7663796813477542E-010
  -5.4513437297995702E-010
  -6.2347358389722552E-010
  -7.1306990102619744E-010
  -8.1554082989831048E-010
  -9.3273627582149217E-010
  -1.0667719323122251E-009
  -1.2200674660467676E-009
  -1.3953901873416693E-009
  -1.5959049941414921E-009
  -1.8252314906738512E-009
  -2.0875093113699716E-009
  -2.3874728286775018E-009
  -2.7305365926811627E-009
  -3.1228930440491997E-009
  -3.5716242632312037E-009
  -4.0848297720387966E-009
  -4.6717726933113927E-009
  -5.3430469055270483E-009
  -6.1107682079352609E-009
  -6.9887929448943864E-009
  -7.9929680334012030E-009
  -9.1414169042361568E-009
  -1.0454866514929203E-008
  -1.1957021333559079E-008
  -1.3674991039591505E-008
  -1.5639779656815627E-008
  -1.7886844941422815E-008
  -2.0456738115365730E-008
  -2.3395835484185146E-008
  -2.6757175135624297E-008
  -3.0601413810443466E-008
  -3.4997921204069624E-008
  -4.0026031436140326E-008
  -4.5776474259311717E-008
  -5.2353011819996422E-008
  -5.9874310490413267E-008
  -6.8476081530292004E-008
  -7.8313529184202039E-008
  -8.9564150364152284E-008
  -1.0243093640677841E-007
  -1.1714603464437453E-007
  -1.3397493581992923E-007
  -1.5322126285764314E-007
  -1.7523224734304206E-007
  -2.0040499246619886E-007
  -2.2919363536123449E-007
  -2.6211753799077077E-007
  -2.9977065426762009E-007
  -3.4283224231195248E-007
  -3.9207911499268298E-007
  -4.4839964963394155E-007
  -5.1280980948103371E-007
  -5.8647146578683374E-007
  -6.7071335085266204E-007
  -7.6705501978481533E-007
  -8.7723425296372909E-007
  -1.0032383932446532E-006
  -1.1473401828343853E-006
  -1.3121387458961282E-006
  -1.5006064556854757E-006
  -1.7161425310862231E-006
  -1.9626343287063392E-006
  -2.2445274353976053E-006
  -2.5669058246762867E-006
  -2.9355835219047283E-006
  -3.3572094305130313E-006
  -3.8393872087331208E-006
  -4.3908123575581001E-006
  -5.0214289908145859E-006
  -5.7426091129329982E-006
  -6.5673576356106605E-006
  -7.5105468283923537E-006
  -8.5891844285986326E-006
  -9.8227202425688347E-006
  -1.1233396763779796E-005
  -1.2846650126547063E-005
  -1.4691568621000510E-005
  -1.6801417032188358E-005
  -1.9214236252184885E-005
  -2.1973528970321014E-005
  -2.5129043797552065E-005
  -2.8737671954457689E-005
  -3.2864472680378151E-005
  -3.7583845840255072E-005
  -4.2980872857631061E-005
  -4.9152850134732582E-005
  -5.6211042588227738E-005
  -6.4282688894566574E-005
  -7.3513294573186846E-005
  -8.4069254220961310E-005
  -9.6140850140447932E-005
  -1.0994568138455321E-004
  -1.2573258499322344E-004
  -1.4378612006334687E-004
  -1.6443169543082172E-004
  -1.8804143333626334E-004
  -2.1504087470182242E-004
  -2.4591664680474523E-004
  -2.8122523146654923E-004
  -3.2160299169709471E-004
  -3.6777763739725245E-004
  -4.2058133664035210E-004
  -4.8096570868772528E-004
  -5.5001896878095985E-004
  -6.2898553350301161E-004
  -7.1928843980966536E-004
  -8.2255498149962991E-004
  -9.4064602482788970E-004
  -1.0756895312156989E-003
  -1.2301188907643467E-003
  -1.4067167569020863E-003
  -1.6086651715436105E-003
  -1.8396028834020096E-003
  -2.1036908916027904E-003
  -2.4056873948393202E-003
  -2.7510334956442378E-003
  -3.1459512029796371E-003
  -3.5975554977549376E-003
  -4.1139824790499034E-003
  -4.7045358983073852E-003
  -5.3798547197756400E-003
  -6.1521047239803438E-003
  -7.0351976038027448E-003
  -8.0450414976209472E-003
  -9.1998274698409412E-003
  -1.0520357096185012E-002
  -1.2030417050959830E-002
  -1.3757207439507257E-002
  -1.5731831586368771E-002
  -1.7989856095773863E-002
  -2.0571951265793843E-002
  -2.3524623383639295E-002
  -2.6901052083139025E-002
  -3.0762047836168951E-002
  -3.5177146811714619E-002
  -4.0225862808243133E-002
  -4.5999118791597238E-002
  -5.2600883802551998E-002
  -6.0150044693628606E-002
  -6.8782546380213250E-002
  -7.8653839122485816E-002
  -8.9941676879025018E-002
 -0.10284931708958700     
 -0.11760917946706280     
 -0.13448702963690606     
 -0.15378676290491083     
 -0.17585587423092933     
 -0.20109171283112162     
 -0.22994863394662585     
 -0.26294617645597068     
 -0.30067841346234664     
 -0.34382464408684943     
 -0.39316161882442252     
 -0.44957751840426252     
 -0.51408793763691063     
 -0.58785416179324523     
 -0.67220406429451551     
 -0.76865600163877601     
 -0.87894613539523381     
  -1.0050596727332475     
  -1.1492665874250863     
  -1.3141624638379987     
  -1.5027151985601548     
  -1.7183183996427691     
  -1.9648524438807529     
  -2.2467542902615287     
  -2.5690973051614732     
  -2.9376825348919291     
  -3.3591430670275479     
  -3.8410633572884452     
  -4.3921156678239868     
  -5.0222160703959942     
  -5.7427028197118588     
  -6.5665403043350459     
  -7.5085522424293050     
  -8.5856883153369594     
  -9.8173290330986269     
  -11.225634313293179     
  -12.835942040362498     
  -14.677223771004780     
  -16.782605778415991     
  -19.189964802587451     
  -21.942609216629641     
  -25.090057854313017     
  -28.688930499277326     
  -32.803966043196361     
  -37.509186614647540     
  -42.889228603744307     
  -49.040864506868928     
  -56.074742944971241     
  -64.117378129472613     
  -73.313424532256107     
  -83.828277641047720     
  -95.851047540746436     
  -109.59795876018235     
  -125.31623748268352     
  -143.28855597526837     
  -163.83811410250837     
  -187.33444923691442     
  -214.20007896363430     
  -244.91809593830280     
  -280.04085136171233     
  -320.19988309071823     
  -366.11726676259792     
  -418.61859387139498     
  -478.64780995854267     
  -547.28417949097650     
  -625.76168219785882     
  -715.49118930772886     
  -818.08581805536687     
  -935.38991990821785     
  -1069.5122232205561     
  -1222.8637256311274     
  -1398.2010168160270     
  -1598.6758097241093     
  -1827.8915699076201     
  -2089.9682600170167     
  -2389.6163622436902     
  -2732.2215080827941     
  -3123.9412352403451     
  -3571.8156092421546     
  -4083.8936962243997     
  -4669.3781579637325     
  -5338.7905655453915     
  -6104.1604000089010     
  -6979.2411335264087     
  -7979.7572707882655     
  -9123.6867860162783     
  -10431.584026368069     
  -11926.948878835234     
  -13636.648828104224     
  -15591.401482139174     
  -17826.326227489604     
  -20381.574916991500     
  -23303.052910872688     
  -26643.243413734530     
  -30462.149903546047     
  -34828.373567901603     
  -39820.345085367160     
  -45527.732859222779     
  -52053.052976969091     
  -59513.509788383933     
  -68043.100132599706     
  -77795.018974822917     
  -88944.409620756051     
  -101691.50785847178     
  -116265.23644427427     
  -132927.31442767003     
  -151976.95504580843     
  -173756.23647521748     
  -198656.24179763134     
  -227124.07833355298     
  -259670.90226925153     
  -296881.09253290296     
  -339422.73848673765     
  -388059.62956382608     
  -443664.96191284078     
  -507237.00790455576     
  -579917.02955184632     
  -663009.75713136815     
  -758006.80029104184     
  -866613.41150724504     
  -990779.08186148875     
  -1132732.5178154036     
  -1295021.6262063216     
  -1480559.2244709712     
  -1692675.2957405965     
  -1935176.7257760942     
  -2212415.5928286146     
  -2529367.2348223124     
  -2891719.4935081545     
  -3305974.7355704787     
  -3779566.4796700408     
  -4320992.7201807918     
  -4939968.3376115300     
  -5647599.3277577655     
  -6456581.9726301134     
  -7381430.5231562918     
  -8438737.4745591525     
  -9647471.0993227754     
  -11029315.570231291     
  -12609059.769055244     
  -14415041.748732580     
  -16479656.813964773     
  -18839938.324876256     
  -21538221.631173670     
  -24622903.033415735     
  -28149307.370225634     
  -32180679.776020341     
  -36789319.377926886     
  -42057875.242818847     
  -48080827.791344091     
  -54966182.217442676     
  -62837404.248625107     
  -71835632.922151491     
  -82122210.012893230     
  -93881571.418851122     
  -107324552.29151857     
  -122692165.10650074     
  -140259918.33759421     
  -160342753.07641676     
  -183300686.00283992     
  -209545259.75685528     
  -239546916.21635094     
  -273843424.70616752     
  -313049516.04730523     
  -357867894.93906993     
  -409101827.83737922     
  -467669531.69068950     
  -534620621.12542766     
  -611154908.51188970     
  -698643893.44817221     
  -798655326.32688606     
  -912981285.65784931     
  -1043670271.6933690     
  -1193063890.7654119     
  -1363838786.8808994     
  -1559054571.0012186     
  -1782208605.7332950     
  -2037298625.8007071     
  -2328894314.8368378     
  -2662219119.2538962     
  -3043243763.0557995     
  -3478793136.7525826     
  -3976668472.7402787     
  -4545786992.9084702     
  -5196341526.7145643     
  -5939982955.1037378     
  -6790028743.8391953     
  -7761701296.3330879     
  -8872400389.2710838     
  -10142014563.730560     
  -11593277040.992676     
  -13252172528.286596     
  -15148402189.501915     
  -17315915095.716797     
  -19793515658.790169     
  -22625557909.485481     
  -25862739033.892704     
  -29563006356.020973     
  -33792593982.034260     
  -38627207638.909309     
  -44153378888.694061     
  -50470012926.331947     
  -57690157628.243294     
  -65943025472.288406     
  -75376304467.970215     
  -86158799399.437103     
  -98483450585.212326     
  -112570784102.95943     
  -128672855135.39540     
  -147077754902.27545     
  -168114761710.43387     
  -192160228158.86337     
  -219644309684.09354     
  -251058654657.34775     
  -286965193417.28400     
  -328006183246.99847     
  -374915688731.59393     
  -428532702563.17041     
  -489816141150.89722     
  -559861982867.46997     
  -639922855016.93311     
  -731430419324.98413     
  -836020955711.31970     
  -955564601195.46436     
  -1092198766031.1815     
  -1248366323723.6716     
  -1426859256788.0452     
  -1630868537476.5410     
  -1864041133971.9971     
  -2130545159700.3003     
  -2435144328722.2280     
  -2783283046216.0332     
  -3181183652816.7905     
  -3635957558419.8179     
  -4155732248848.9277     
  -4749796431952.9863     
  -5428765913273.4717     
  -6204773161188.7725     
  -7091683943978.0244     
  -8105344904088.4541     
  -9263866486640.0703     
  -10587946269691.830     
  -12101238464258.457     
  -13830776175343.539     
  -15807453956010.125     
  -18066579261504.277     
  -20648502638830.070     
  -23599337890827.289     
  -26971785057727.469     
  -30826070891926.566     
  -35231023595955.242     
  -40265300986644.594     
  -46018793982891.102     
  -52594230438908.352     
  -60109007915047.141     
  -68697288057734.312     
  -78512389921449.922     
  -89729524891914.172     
  -102548921955599.47     
  -117199399014648.05     
  -133942443892028.66     
  -153076877750722.56     
  -174944184024456.03     
  -199934597810597.00     
  -228494064219214.47     
  -261132189646937.94     
  -298431327625458.12     
  -341056961096842.44     
  -389769566050666.25     
  -445438167831890.56     
  -509055831562538.69     
  -581757362550495.75     
  -664839531897488.75     
  -759784187465051.25     
  -868284661711288.50     
  -992275946585610.00     
  -1133969172706500.8     
  -1295891006640641.0     
  -1480928667611857.5     
  -1692381364951019.5     
  -1934019071830213.5     
  -2210149681336583.8     
  -2525695740052539.0     
  -2886282124669369.0     
  -3298336221797869.5     
  -3769202393510583.0     
  -4307272765206535.0     
  -4922136662644246.0     
  -5624751356598371.0     
  -6427637152449926.0     
  -7345100294848492.0     
  -8393487652074293.0     
  -9591477709659852.0     
  -10960413048236948.     
  -12524680217914404.     
  -14312143763857222.     
  -16354642120082274.     
  -18688554187893684.     
  -21355446671367272.     
  -24402813677150340.     
  -27884921725036660.     
  -31863775188395680.     
  -36410219322809896.     
  -41605200485162816.     
  -47541205937281632.     
  -54323908817603872.     
  -62074047507781112.     
  -70929572783284096.     
  -81048100891751792.     
  -92609716134356672.     
  -1.0582017273015925E+017
  -1.2091455283131760E+017
  -1.3816144565377509E+017
  -1.5786772193721699E+017
  -1.8038398851363171E+017
  -2.0611081983301578E+017
  -2.3550587708154787E+017
  -2.6909204127626650E+017
  -3.0746670471000608E+017
  -3.5131238566986054E+017
  -4.0140885482584563E+017
  -4.5864698849960314E+017
  -5.2404459465093165E+017
  -5.9876449240516941E+017
  -6.8413516590666522E+017
  -7.8167435893049626E+017
  -8.9311602882459456E+017
  -1.0204411379107804E+018
  -1.1659128285003599E+018
  -1.3321166053822979E+018
  -1.5220062383950182E+018
  -1.7389561990676746E+018
  -1.9868215611074514E+018
  -2.2700064267653809E+018
  -2.5935420921746437E+018
  -2.9631763372952812E+018
  -3.3854754231703583E+018
  -3.8679406042872356E+018
  -4.4191412209253642E+018
  -5.0488667300061164E+018
  -5.7683003683337626E+018
  -6.5902175251605350E+018
  -7.5292123384958536E+018
  -8.6019565292452403E+018
  -9.8274950579416658E+018
  -1.1227583840608907E+019
  -1.2827075504693277E+019
  -1.4654360016172743E+019
  -1.6741867979925125E+019
  -1.9126645524366373E+019
  -2.1851010947848761E+019
  -2.4963304750710645E+019
  -2.8518746328744432E+019
  -3.2580412490373247E+019
  -3.7220355114317046E+019
  -4.2520877725031244E+019
  -4.8575993573159485E+019
  -5.5493091017267806E+019
  -6.3394835667867845E+019
  -7.2421342939880358E+019
  -8.2732659439100477E+019
  -9.4511597066247078E+019
  -1.0796696995511873E+020
  -1.2333729147920866E+020
  -1.4089499668941822E+020
  -1.6095126482763242E+020
  -1.8386152716059312E+020
  -2.1003175748265778E+020
  -2.3992565645809635E+020
  -2.7407285675726579E+020
  -3.1307829396455725E+020
  -3.5763290881714835E+020
  -4.0852586983505304E+020
  -4.6665853223892012E+020
  -5.3306037969535179E+020
  -6.0890723042011670E+020
  -6.9554202912391614E+020
  -7.9449859190713221E+020
  -9.0752872330272755E+020
  -1.0366331841475821E+021
  -1.1840970568793556E+021
  -1.3525301324042323E+021
  -1.5449130312257582E+021
  -1.7646498726249345E+021
  -2.0156284211161179E+021
  -2.3022887712033381E+021
  -2.6297017819464356E+021
  -3.0036586446633157E+021
  -3.4307731632659078E+021
  -3.9185985507033948E+021
  -4.4757608007056333E+021
  -5.1121109859788663E+021
  -5.8388991673376807E+021
  -6.6689729788212717E+021
  -7.6170043883271655E+021
  -8.6997486293373514E+021
  -9.9363398656262228E+021
  -1.1348628797376552E+022
  -1.2961568155246145E+022
  -1.4803652871588315E+022
  -1.6907422680032144E+022
  -1.9310035992865684E+022
  -2.2053925159417976E+022
  -2.5187544639912337E+022
  -2.8766225263185250E+022
  -3.2853149601905156E+022
  -3.7520465628212618E+022
  -4.2850558243392534E+022
  -4.8937501049917746E+022
  -5.5888713901636225E+022
  -6.3826855383554278E+022
  -7.2891983499990317E+022
  -8.3244022561192335E+022
  -9.5065579636404586E+022
  -1.0856516008008570E+023
  -1.2398083864508247E+023
  -1.4158445069481588E+023
  -1.6168637715603866E+023
  -1.8464100727437298E+023
  -2.1085297512910836E+023
  -2.4078427943988363E+023
  -2.7496241169354602E+023
  -3.1398963530589275E+023
  -3.5855357871965662E+023
  -4.0943932838020258E+023
  -4.6754323382700703E+023
  -5.3388866715205427E+023
  -6.0964401333065503E+023
  -6.9614320702481068E+023
  -7.9490917607755002E+023
  -9.0768060283851859E+023
  -1.0364424725764013E+024
  -1.1834609445579223E+024
  -1.3513231570648231E+024
  -1.5429826640014358E+024
  -1.7618112993246927E+024
  -2.0116583780268602E+024
  -2.2969182707827400E+024
  -2.6226075358782911E+024
  -2.9944529592230630E+024
  -3.4189920440313775E+024
  -3.9036877094647371E+024
  -4.4570592059573060E+024
  -5.0888315384293300E+024
  -5.8101060120720188E+024
  -6.6335548844999847E+024
  -7.5736435292459969E+024
  -8.6468839961558965E+024
  -9.8721244026003492E+024
  -1.1270879215104905E+025
  -1.2867706194905209E+025
  -1.4690636595488277E+025
  -1.6771666129560895E+025
  -1.9147315283265013E+025
  -2.1859268765285470E+025
  -2.4955105258811468E+025
  -2.8489130219123734E+025
  -3.2523326256264699E+025
  -3.7128437692040528E+025
  -4.2385208219124446E+025
  -4.8385793257911800E+025
  -5.5235371650363007E+025
  -6.3053984802218806E+025
  -7.1978635345970506E+025
  -8.2165681915575520E+025
  -9.3793571778546091E+025
  -1.0706595895114456E+026
  -1.2221526212999348E+026
  -1.3950672442478140E+026
  -1.5924304560457634E+026
  -1.8176966752584401E+026
  -2.0748080476613259E+026
  -2.3682632544028405E+026
  -2.7031960195032084E+026
  -3.0854646827168973E+026
  -3.5217543959905865E+026
  -4.0196937209703678E+026
  -4.5879876550435213E+026
  -5.2365693985670925E+026
  -5.9767735011695101E+026
  -6.8215333959358115E+026
  -7.7856067533133499E+026
  -8.8858325690131980E+026
  -1.0141424450367385E+027
  -1.1574305193036004E+027
  -1.3209488455474287E+027
  -1.5075514154519051E+027
  -1.7204945135916583E+027
  -1.9634933734642026E+027
  -2.2407868049752575E+027
  -2.5572109138133560E+027
  -2.9182831904616990E+027
  -3.3302984259683387E+027
  -3.8004381161197712E+027
  -4.3368952488599741E+027
  -4.9490166356813708E+027
  -5.6474652508619582E+027
  -6.4444053880494748E+027
  -7.3537138377433382E+027
  -8.3912207384734147E+027
  -9.5749842666428579E+027
  -1.0925603913890823E+028
  -1.2466577766468623E+028
  -1.4224709959939762E+028
  -1.6230575347534996E+028
  -1.8519049406561266E+028
  -2.1129912531292210E+028
  -2.4108539142031761E+028
  -2.7506683500503341E+028
  -3.1383375786400421E+028
  -3.5805943887353528E+028
  -4.0851178517212637E+028
  -4.6606661742428842E+028
  -5.3172281805618236E+028
  -6.0661960337152999E+028
  -6.9205621694589049E+028
  -7.8951438328268166E+028
  -9.0068390810566710E+028
  -1.0274918656693272E+029
  -1.1721358750124640E+029
  -1.3371220372116871E+029
  -1.5253081856062503E+029
  -1.7399531920265099E+029
  -1.9847731758169268E+029
  -2.2640055806684741E+029
  -2.5824822189776264E+029
  -2.9457125369223726E+029
  -3.3599785283008885E+029
  -3.8324429243890087E+029
  -4.3712725140244625E+029
  -4.9857787066748000E+029
  -5.6865777457825766E+029
  -6.4857733152051136E+029
  -7.3971646637693323E+029
  -8.4364838083260694E+029
  -9.6216658715920021E+029
  -1.0973157175911957E+030
  -1.2514266357424255E+030
  -1.4271564497854935E+030
  -1.6275341105697822E+030
  -1.8560123728965696E+030
  -2.1165270064083400E+030
  -2.4135642658116713E+030
  -2.7522377705198108E+030
  -3.1383761036401862E+030
  -3.5786226222388472E+030
  -4.0805491780552372E+030
  -4.6527856838072091E+030
  -5.3051677288897662E+030
  -6.0489047541512525E+030
  -6.8967716436703256E+030
  -7.8633269879074684E+030
  -8.9651617239232899E+030
  -1.0221182372116657E+031
  -1.1652933673755252E+031
  -1.3284966099251729E+031
  -1.5145254454830375E+031
  -1.7265674677615342E+031
  -1.9682546890678221E+031
  -2.2437253906617351E+031
  -2.5576945639464959E+031
  -2.9155341331351765E+031
  -3.3233643146535746E+031
  -3.7881576558563502E+031
  -4.3178575087683032E+031
  -4.9215129370642875E+031
  -5.6094323304030909E+031
  -6.3933583141183210E+031
  -7.2866668993557870E+031
  -8.3045942249579816E+031
  -9.4644947044673749E+031
  -1.0786134917207128E+032
  -1.2292028180201042E+032
  -1.4007815417602183E+032
  -1.5962698717547755E+032
  -1.8189934845714595E+032
  -2.0727396984821925E+032
  -2.3618214106397919E+032
  -2.6911498674019151E+032
  -3.0663174847217706E+032
  -3.4936921026491487E+032
  -3.9805242479792309E+032
  -4.5350691950671618E+032
  -5.1667258603330737E+032
  -5.8861948450345490E+032
  -6.7056582580451867E+032
  -7.6389843108307037E+032
  -8.7019600864403683E+032
  -9.9125563498094356E+032
  -1.1291228795577338E+033
  -1.2861260730569690E+033
  -1.4649152870833032E+033
  -1.6685066708728619E+033
  -1.9003328786656685E+033
  -2.1643004214758012E+033
  -2.4648548906605376E+033
  -2.8070551297807148E+033
  -3.1966575778415982E+033
  -3.6402121734675274E+033
  -4.1451713985716301E+033
  -4.7200142546693845E+033
  -5.3743872085931589E+033
  -6.1192644208950831E+033
  -6.9671298840994333E+033
  -7.9321844541943539E+033
  -9.0305811630147083E+033
  -1.0280692657897239E+034
  -1.1703415135474980E+034
  -1.3322513726976624E+034
  -1.5165014962259415E+034
  -1.7261652699620776E+034
  -1.9647374770194179E+034
  -2.2361918563012872E+034
  -2.5450464884985285E+034
  -2.8964380686457253E+034
  -3.2962062667414862E+034
  -3.7509895393969331E+034
  -4.2683339384743697E+034
  -4.8568166700630452E+034
  -5.5261863921314862E+034
  -6.2875225054370302E+034
  -7.1534159938786913E+034
  -8.1381747121005114E+034
  -9.2580564050446401E+034
  -1.0531533182253540E+035
  -1.1979591665734295E+035
  -1.3626073591696668E+035
  -1.5498062282007954E+035
  -1.7626321120419212E+035
  -2.0045790982394877E+035
  -2.2796154488001175E+035
  -2.5922475988627585E+035
  -2.9475927375944448E+035
  -3.3514611133039313E+035
  -3.8104493552957165E+035
  -4.3320462751236683E+035
  -4.9247528021644527E+035
  -5.5982179256486304E+035
  -6.3633927606488490E+035
  -7.2327051326158944E+035
  -8.2202573879066250E+035
  -9.3420504908958455E+035
  -1.0616237866800299E+036
  -1.2063412898987774E+036
  -1.3706934496720553E+036
  -1.5573295721197163E+036
  -1.7692541102493518E+036
  -2.0098739006626266E+036
  -2.2830516230621667E+036
  -2.5931662925542944E+036
  -2.9451816985633621E+036
  -3.3447238210306961E+036
  -3.7981683860560344E+036
  -4.3127398710288837E+036
  -4.8966234355744872E+036
  -5.5590914415161199E+036
  -6.3106464349967623E+036
  -7.1631826996529383E+036
  -8.1301687543437851E+036
  -9.2268534658007229E+036
  -1.0470498779441651E+037
  -1.1880642444662149E+037
  -1.3479394528795621E+037
  -1.5291771981735158E+037
  -1.7346076036574442E+037
  -1.9674317816774006E+037
  -2.2312698174138340E+037
  -2.5302148511818749E+037
  -2.8688940160879462E+037
  -3.2525370786695554E+037
  -3.6870537312425437E+037
  -4.1791205971715575E+037
  -4.7362791353252145E+037
  -5.3670457688306767E+037
  -6.0810357172519762E+037
  -6.8891021819270496E+037
  -7.8034927229490141E+037
  -8.8380248747967355E+037
  -1.0008283277619752E+038
  -1.1331840854444897E+038
  -1.2828506842931129E+038
  -1.4520604795617380E+038
  -1.6433283996742954E+038
  -1.8594868108477361E+038
  -2.1037245256475222E+038
  -2.3796304195586929E+038
  -2.6912421662543057E+038
  -3.0431006524325917E+038
  -3.4403106869027941E+038
  -3.8886086759814561E+038
  -4.3944379980717573E+038
  -4.9650328742670818E+038
  -5.6085115985111496E+038
  -6.3339800596173071E+038
  -7.1516465573921180E+038
  -8.0729489849857310E+038
  -9.1106955177529545E+038
  -1.0279220013189885E+039
  -1.1594553384109678E+039
  -1.3074612254548590E+039
  -1.4739406240390376E+039
  -1.6611265208610765E+039
  -1.8715087853155667E+039
  -2.1078612872762132E+039
  -2.3732713935295080E+039
  -2.6711719450498720E+039
  -3.0053757931251077E+039
  -3.3801129381243150E+039
  -3.8000702678344388E+039
  -4.2704338295622225E+039
  -4.7969334876573407E+039
  -5.3858897109144054E+039
  -6.0442620965133510E+039
  -6.7796990614730436E+039
  -7.6005879100897405E+039
  -8.5161042055604111E+039
  -9.5362590225237869E+039
  -1.0671942218117480E+040
  -1.1934959312127769E+040
  -1.3338058887059454E+040
  -1.4894946575930494E+040
  -1.6620280661695636E+040
  -1.8529643021071542E+040
  -2.0639477549954156E+040
  -2.2966986236844348E+040
  -2.5529970617117370E+040
  -2.8346603335880421E+040
  -3.1435110835419090E+040
  -3.4813343596480167E+040
  -3.8498204690676705E+040
  -4.2504900381084451E+040
  -4.6845967809655262E+040
  -5.1530024018444396E+040
  -5.6560167143653312E+040
  -6.1931943935758399E+040
  -6.7630776957213476E+040
  -7.3628718825883575E+040
  -7.9880368349554152E+040
  -8.6317742599296478E+040
  -9.2843847674033229E+040
  -9.9324626260639500E+040
  -1.0557887842086561E+041
  -1.1136564860921206E+041
  -1.1636844065927053E+041
  -1.2017545557138560E+041
  -1.2225483451216394E+041
  -1.2192361934831767E+041
  -1.1830880156348311E+041
  -1.1029840655745390E+041
  -9.6480065992518729E+040
  -7.5064108424940045E+040
  -4.3789010162183184E+040
  -3.9764774111411855E+036
