   0.0000000000000000     
  -1.1011010049952404E-016
  -2.2293369492426638E-016
  -3.4125110159373398E-016
  -4.6797797273131929E-016
  -6.0623714055010001E-016
  -7.5943556616783282E-016
  -9.3134828731019450E-016
  -1.1262114331213646E-015
  -1.3488265977166992E-015
  -1.6046791438825573E-015
  -1.9000733514430107E-015
  -2.2422877397221502E-015
  -2.6397543904523103E-015
  -3.1022666886510285E-015
  -3.6412205989725311E-015
  -4.2698954210724022E-015
  -5.0037809399506694E-015
  -5.8609590300079579E-015
  -6.8625491128057870E-015
  -8.0332284412978900E-015
  -9.4018400263284533E-015
  -1.1002103179864534E-014
  -1.2873444176905839E-014
  -1.5061967496539747E-014
  -1.7621591565041814E-014
  -2.0615376975529958E-014
  -2.4117079899239769E-014
  -2.8212968949740778E-014
  -3.3003950249939067E-014
  -3.8608053042294654E-014
  -4.5163337062241781E-014
  -5.2831293281997088E-014
  -6.1800821782555606E-014
  -7.2292884724911409E-014
  -8.4565949017388315E-014
  -9.8922352723820197E-014
  -1.1571575200605973E-013
  -1.3535983200406996E-013
  -1.5833849618288336E-013
  -1.8521778508441090E-013
  -2.1665981800992890E-013
  -2.5343910097467671E-013
  -2.9646160254593252E-013
  -3.4678706733490829E-013
  -4.0565511663900147E-013
  -4.7451577898732748E-013
  -5.5506520242509588E-013
  -6.4928742796699546E-013
  -7.5950325289774940E-013
  -8.8842738717392695E-013
  -1.0392353103829952E-012
  -1.2156414755708581E-012
  -1.4219907856382377E-012
  -1.6633655948075208E-012
  -1.9457108699206238E-012
  -2.2759805934556629E-012
  -2.6623090131533180E-012
  -3.1142109548980491E-012
  -3.6428161310647818E-012
  -4.2611432135337694E-012
  -4.9844204195994865E-012
  -5.8304605041541536E-012
  -6.8200993910027311E-012
  -7.9777092429370298E-012
  -9.3317986028297327E-012
  -1.0915714381616406E-011
  -1.2768462976381061E-011
  -1.4935670734567478E-011
  -1.7470707410795360E-011
  -2.0436000275307086E-011
  -2.3904571226473717E-011
  -2.7961834749572342E-011
  -3.2707700985335025E-011
  -3.8259035682613621E-011
  -4.4752537594771080E-011
  -5.2348104155329529E-011
  -6.1232768287897446E-011
  -7.1625303264290525E-011
  -8.3781608969072750E-011
  -9.8001012163200215E-011
  -1.1463363583744049E-010
  -1.3408901906146702E-010
  -1.5684619951463651E-010
  -1.8346550688696283E-010
  -2.1460235744974285E-010
  -2.5102338935101744E-010
  -2.9362533580374054E-010
  -3.4345710072199630E-010
  -4.0174558018120429E-010
  -4.6992586527166797E-010
  -5.4967656974980830E-010
  -6.4296115202161471E-010
  -7.5207624852205189E-010
  -8.7970820811274115E-010
  -1.0289992189544020E-009
  -1.2036246553868554E-009
  -1.4078835484769278E-009
  -1.6468044068678967E-009
  -1.9262689923303229E-009
  -2.2531570962684944E-009
  -2.6355158802513602E-009
  -3.0827579481281151E-009
  -3.6058930243300192E-009
  -4.2177989399481166E-009
  -4.9335385954587551E-009
  -5.7707307003443133E-009
  -6.7499834131613515E-009
  -7.8954015534003876E-009
  -9.2351798668411788E-009
  -1.0802296943574765E-008
  -1.2635326864533460E-008
  -1.4779388549174307E-008
  -1.7287256165166561E-008
  -2.0220657923895343E-008
  -2.3651795220804946E-008
  -2.7665119501097334E-008
  -3.2359410572446138E-008
  -3.7850207503177786E-008
  -4.4272651919263066E-008
  -5.1784813659852563E-008
  -6.0571580618574364E-008
  -7.0849208478319374E-008
  -8.2870642282212081E-008
  -9.6931740772256502E-008
  -1.1337855663684599E-007
  -1.3261585178524030E-007
  -1.5511705715020940E-007
  -1.8143592205665511E-007
  -2.1222013975823896E-007
  -2.4822728435819381E-007
  -2.9034345119030413E-007
  -3.3960505924001126E-007
  -3.9722435196943780E-007
  -4.6461922388692616E-007
  -5.4344810660901751E-007
  -6.3565077261768030E-007
  -7.4349606047890275E-007
  -8.6963769554044350E-007
  -1.0171795792536715E-006
  -1.1897521531641825E-006
  -1.3916017160159187E-006
  -1.6276948910128231E-006
  -1.9038408129156838E-006
  -2.2268340404834807E-006
  -2.6046217095159954E-006
  -3.0464990379529317E-006
  -3.5633379917953230E-006
  -4.1678547361847350E-006
  -4.8749224498596717E-006
  -5.7019371968624153E-006
  -6.6692458542265848E-006
  -7.8006466205211620E-006
  -9.1239744150866729E-006
  -1.0671785565462777E-005
  -1.2482158622205421E-005
  -1.4599630996061522E-005
  -1.7076294452525802E-005
  -1.9973076405269735E-005
  -2.3361238518853505E-005
  -2.7324129474841277E-005
  -3.1959235005317923E-005
  -3.7380575607508737E-005
  -4.3721510902443294E-005
  -5.1138019599562252E-005
  -5.9812535723661805E-005
  -6.9958435438103160E-005
  -8.1825284795030884E-005
  -9.5704977452699743E-005
  -1.1193891328184042E-004
  -1.3092639437521338E-004
  -1.5313444490622628E-004
  -1.7910929628950516E-004
  -2.0948982003914256E-004
  -2.4502323860542527E-004
  -2.8658350047522922E-004
  -3.3519277132157779E-004
  -3.9204656959410317E-004
  -4.5854316453729449E-004
  -5.3631795940966187E-004
  -6.2728370522984443E-004
  -7.3367753370742620E-004
  -8.5811596564966820E-004
  -1.0036592471905882E-003
  -1.1738865954844084E-003
  -1.3729842036767708E-003
  -1.6058481686051266E-003
  -1.8782048714924148E-003
  -2.1967517709004249E-003
  -2.5693220689440885E-003
  -3.0050772985656901E-003
  -3.5147325659491426E-003
  -4.1108199847841222E-003
  -4.8079967777919560E-003
  -5.6234056187672004E-003
  -6.5770960723486012E-003
  -7.6925174903612935E-003
  -8.9970954797678575E-003
  -1.0522906111182610E-002
  -1.2307464439010261E-002
  -1.4394646713589702E-002
  -1.6835768951284739E-002
  -1.9690848370994173E-002
  -2.3030078699466366E-002
  -2.6935555603512931E-002
  -3.1503294653853410E-002
  -3.6845591413904338E-002
  -4.3093781653967565E-002
  -5.0401469523522147E-002
  -5.8948303013241159E-002
  -6.8944389486438204E-002
  -8.0635459787279998E-002
  -9.4308907826657337E-002
 -0.11030085405794995     
 -0.12900440641249583     
 -0.15087932168639359     
 -0.17646330477907679     
 -0.20638522342514340     
 -0.24138056312269768     
 -0.28230950199998273     
 -0.33017804972929049     
 -0.38616276987408688     
 -0.45163969309098440     
 -0.52821813156499109     
 -0.61778022546316247     
 -0.72252719300575197     
 -0.84503342043371399     
 -0.98830972074160395     
  -1.1558773152755761     
  -1.3518543556989167     
  -1.5810571118713541     
  -1.8491183114384675     
  -2.1626255382310733     
  -2.5292830892778841     
  -2.9581012664376298     
  -3.4596177525091258     
  -4.0461565097271093     
  -4.7321305601496029     
  -5.5343960852198233     
  -6.4726665422074801     
  -7.5699969692504672     
  -8.8533503745222575     
  -10.354260120969339     
  -12.109604575595116     
  -14.162513049296898     
  -16.563425277484033     
  -19.371330462279928     
  -22.655216306614065     
  -26.495763627201736     
  -30.987328163891569     
  -36.240258255186156     
  -42.383605297044610     
  -49.568293546827590     
  -57.970827113215272     
  -67.797625163004540     
  -79.290091800666076     
  -92.730545115067073     
  -108.44915098264102     
  -126.83203188532794     
  -148.33074985035617     
  -173.47339635551501     
  -202.87756149606028     
  -237.26550084617151     
  -277.48187240135184     
  -324.51447908257660     
  -379.51852606693211     
  -443.84498849383499     
  -519.07378599835840     
  -607.05257852009026     
  -709.94213582317775     
  -830.26939452717761     
  -970.98950514905914     
  -1135.5583923249844     
  -1328.0176094315436     
  -1553.0935705923678     
  -1816.3135959425526     
  -2124.1416186894166     
  -2484.1368850798117     
  -2905.1395427026646     
  -3397.4876724673522     
  -3973.2710912959637     
  -4646.6281549848718     
  -5434.0928459697752     
  -6355.0006647598138     
  -7431.9632868671461     
  -8691.4236345526024     
  -10164.304986036366     
  -11886.770052396696     
  -13901.108650810884     
  -16256.775758278787     
  -19011.605419920157     
  -22233.230300871015     
  -26000.741716569857     
  -30406.630876594776     
  -35559.058976921588     
  -41584.511843764711     
  -48630.904266940619     
  -56871.210193375940     
  -66507.707852572785     
  -77776.943971972782     
  -90955.538881237095     
  -106366.97493315050     
  -124389.53479109092     
  -145465.58434038001     
  -170112.42796511640     
  -198935.00250219612     
  -232640.72128601483     
  -272056.83243684925     
  -318150.71721643157     
  -372053.62638802780     
  -435088.43684374006     
  -508802.10936649027     
  -595003.64369602536     
  -695808.46189446817     
  -813690.30866326252     
  -951541.94161531411     
  -1112746.1000736922     
  -1301258.4930365821     
  -1521704.8416972447     
  -1779494.3565637029     
  -2080952.4322353248     
  -2433475.8141423236     
  -2845714.0425920710     
  -3327781.6238012053     
  -3891506.1310198777     
  -4550718.3198429039     
  -5321591.3719473481     
  -6223037.5860480517     
  -7277172.2433470329     
  -8509856.0216927249     
  -9951329.2584275622     
  -11636953.613687357     
  -13608079.318912553     
  -15913059.274070553     
  -18608434.857023858     
  -21760322.517835412     
  -25446035.152738638     
  -29755978.007632874     
  -34795865.590329178     
  -40689313.939269476     
  -47580871.796888128     
  -55639564.993625335     
  -65063040.927439161     
  -76082414.731712952     
  -88967935.922096193     
  -104035614.42141692     
  -121654968.37404272     
  -142258083.65300232     
  -166350207.10835466     
  -194522133.19123664     
  -227464687.53553316     
  -265985662.46481422     
  -311029619.47488832     
  -363701043.99384856     
  -425291419.86272967     
  -497310887.02293497     
  -581525258.19398725     
  -679999301.62754357     
  -795147350.54705989     
  -929792479.38723314     
  -1087235696.8298807     
  -1271336851.0336220     
  -1486609229.3837166     
  -1738330170.5727282     
  -2032670399.0782371     
  -2376845250.7366495     
  -2779291494.3534818     
  -3249874081.2717404     
  -3800127887.8942142     
  -4443540373.2731371     
  -5195882076.0290928     
  -6075593046.5780973     
  -7104234680.6206217     
  -8307018021.6212654     
  -9713421472.7997494     
  -11357913048.813633     
  -13280794857.448147     
  -15529190494.914053     
  -18158199538.068321     
  -21232247408.687557     
  -24826663669.005428     
  -29029527401.180618     
  -33943824863.107868     
  -39689972259.096146     
  -46408765403.566727     
  -54264828507.874947     
  -63450646540.447212     
  -74191279897.730545     
  -86749876827.641479     
  -101434118577.07872     
  -118603755068.57465     
  -138679415607.08051     
  -162152910329.48825     
  -189599274600.54758     
  -221690851222.26306     
  -259213755203.58694     
  -303087124153.72266     
  -354385625542.48999     
  -414365771783.12189     
  -484496687286.80701     
  -566496080594.29211     
  -662372302073.47522     
  -774473516599.47217     
  -905545194748.36414     
  -1058797329597.0074     
  -1237983024208.3823     
  -1447490373116.3630     
  -1692449886411.2097     
  -1978860085323.8838     
  -2313734342815.0610     
  -2705272562467.7158     
  -3163061896673.0698     
  -3698311415550.5776     
  -4324126468628.0693     
  -5055829452340.1729     
  -5911334831627.5762     
  -6911587591096.7129     
  -8081075842782.2070     
  -9448430131482.1445     
  -11047124099261.469     
  -12916293649891.938     
  -15101694652332.674     
  -17656822610714.617     
  -20644221689513.773     
  -24137015113523.188     
  -28220694376071.793     
  -32995211018034.898     
  -38577422139249.805     
  -45103949453854.773     
  -52734521813242.055     
  -61655882941922.938     
  -72086359951584.141     
  -84281204354743.188     
  -98538836186541.547     
  -115208143922935.84     
  -134697018695452.38     
  -157482331477538.12     
  -184121597192750.53     
  -215266610932557.88     
  -251679389679017.91     
  -294250809282975.00     
  -344022392328624.88     
  -402211779529956.38     
  -470242507335299.06     
  -549778819662509.06     
  -642766364720382.50     
  -751479771697291.12     
  -878578270229196.88     
  -1027170712103137.4     
  -1200891584409869.0     
  -1403989871942607.2     
  -1641432940607801.0     
  -1919027980636999.2     
  -2243563977429906.2     
  -2622977679395847.5     
  -3066547618442206.0     
  -3585120924101194.0     
  -4191378473426337.0     
  -4900144855289942.0     
  -5728750722439817.0     
  -6697456384357294.0     
  -7829946989843807.0     
  -9153911396871874.0     
  -10701718871258952.     
  -12511210145060214.     
  -14626622158557956.     
  -17099669074531168.     
  -19990805969813868.     
  -23370706070149504.     
  -27321987608906832.     
  -31941232485615008.     
  -37341346025269544.     
  -43654315467846224.     
  -51034434552691200.     
  -59662072942007328.     
  -69748082529222488.     
  -81538948226186016.     
  -95322808997282752.     
  -1.1143649615212600E+017
  -1.3027376073980909E+017
  -1.5229489091259270E+017
  -1.7803795405349574E+017
  -2.0813193811821296E+017
  -2.4331211299450288E+017
  -2.8443798686239757E+017
  -3.3251429586789459E+017
  -3.8871553944591712E+017
  -4.5441466015075802E+017
  -5.3121656798423200E+017
  -6.2099732741981952E+017
  -7.2594996348804838E+017
  -8.4863800478365107E+017
  -9.9205807001684070E+017
  -1.1597130253622625E+018
  -1.3556974977395827E+018
  -1.5847978305770683E+018
  -1.8526089209128891E+018
  -2.1656707884675809E+018
  -2.5316282086140186E+018
  -2.9594173037115382E+018
  -3.4594836447716219E+018
  -4.0440371839112689E+018
  -4.7273502362587075E+018
  -5.5261057797974661E+018
  -6.4598045686561884E+018
  -7.5512409894776740E+018
  -8.8270592666821847E+018
  -1.0318403581524845E+019
  -1.2061677959575073E+019
  -1.4099434457411979E+019
  -1.6481411307141661E+019
  -1.9265746333009981E+019
  -2.2520395226974331E+019
  -2.6324789263702397E+019
  -3.0771772871738192E+019
  -3.5969868298690163E+019
  -4.2045922580411351E+019
  -4.9148201341444710E+019
  -5.7450004843439235E+019
  -6.7153894425027879E+019
  -7.8496632350752768E+019
  -9.1754955470265221E+019
  -1.0725232340555016E+020
  -1.2536680572805803E+020
  -1.4654030033754258E+020
  -1.7128930768577584E+020
  -2.0021752339076881E+020
  -2.3403055608345418E+020
  -2.7355312909738888E+020
  -3.1974918511315616E+020
  -3.7374538357555633E+020
  -4.3685856333446257E+020
  -5.1062783953068963E+020
  -5.9685211660680207E+020
  -6.9763393121619149E+020
  -8.1543069294180984E+020
  -9.5311457086961877E+020
  -1.1140424845744808E+021
  -1.3021379040901925E+021
  -1.5219864509365024E+021
  -1.7789476282591937E+021
  -2.0792854007786871E+021
  -2.4303208040900822E+021
  -2.8406102990750676E+021
  -3.3201542138171254E+021
  -3.8806403476978045E+021
  -4.5357286681043025E+021
  -5.3013840302099178E+021
  -6.1962650189192264E+021
  -7.2421783777182252E+021
  -8.4646100850442282E+021
  -9.8933460036955134E+021
  -1.1563197208079981E+022
  -1.3514847640739631E+022
  -1.5795844725495571E+022
  -1.8461757042080665E+022
  -2.1577527230797330E+022
  -2.5219053044332556E+022
  -2.9475035012798972E+022
  -3.4449135672212607E+022
  -4.0262502883548801E+022
  -4.7056718623366814E+022
  -5.4997244972911093E+022
  -6.4277451121972350E+022
  -7.5123319330362622E+022
  -8.7798944296838896E+022
  -1.0261295967372296E+023
  -1.1992604800387956E+023
  -1.4015971669261490E+023
  -1.6380655340013574E+023
  -1.9144221019788872E+023
  -2.2373940784767420E+023
  -2.6148430065625599E+023
  -3.0559559972244513E+023
  -3.5714691942125119E+023
  -4.1739289028813933E+023
  -4.8779967297720115E+023
  -5.7008061489180024E+023
  -6.6623791602068131E+023
  -7.7861131648934557E+023
  -9.0993498889895204E+023
  -1.0634040178128642E+024
  -1.2427520816008579E+024
  -1.4523422239137345E+024
  -1.6972729199386310E+024
  -1.9835020139908856E+024
  -2.3179915389433815E+024
  -2.7088769350069871E+024
  -3.1656647777560751E+024
  -3.6994638174112040E+024
  -4.3232549400352482E+024
  -5.0522066060830524E+024
  -5.9040434255820713E+024
  -6.8994768188820378E+024
  -8.0627082186694267E+024
  -9.4220170293331599E+024
  -1.1010447616474708E+025
  -1.2866612002242193E+025
  -1.5035627749487230E+025
  -1.7570213797547247E+025
  -2.0531970844245033E+025
  -2.3992877345344522E+025
  -2.8037037432701596E+025
  -3.2762723162445209E+025
  -3.8284760642777260E+025
  -4.4737317930351928E+025
  -5.2277162326736955E+025
  -6.1087466088199452E+025
  -7.1382252858718020E+025
  -8.3411592669785243E+025
  -9.7467671497471842E+025
  -1.1389188256688010E+026
  -1.3308311135991717E+026
  -1.5550741521398322E+026
  -1.8170933219723115E+026
  -2.1232509342881901E+026
  -2.4809805913590371E+026
  -2.8989675261955748E+026
  -3.3873592924354027E+026
  -3.9580119108635723E+026
  -4.6247774378774379E+026
  -5.4038399245419100E+026
  -6.3141079069218790E+026
  -7.3776729374837001E+026
  -8.6203452666508449E+026
  -1.0072279651769892E+027
  -1.1768706452982091E+027
  -1.3750785724586118E+027
  -1.6066604988069985E+027
  -1.8772344851092969E+027
  -2.1933640699416617E+027
  -2.5627173434350641E+027
  -2.9942527771428379E+027
  -3.4984363090762810E+027
  -4.0874949392369250E+027
  -4.7757129743473542E+027
  -5.5797780922950863E+027
  -6.5191856019910427E+027
  -7.6167106820275858E+027
  -8.8989600257130146E+027
  -1.0397016240482721E+028
  -1.2147190592733863E+028
  -1.4191902308981226E+028
  -1.6580705704163277E+028
  -1.9371489981837687E+028
  -2.2631880725197853E+028
  -2.6440876973105086E+028
  -3.0890763469370345E+028
  -3.6089344323794897E+028
  -4.2162552090519112E+028
  -4.9257495340500878E+028
  -5.7546018399373471E+028
  -6.7228859295176349E+028
  -7.8540506411065360E+028
  -9.1754871214732855E+028
  -1.0719191414603774E+029
  -1.2522538376268920E+029
  -1.4629185612592766E+029
  -1.7090129280230477E+029
  -1.9964937252091994E+029
  -2.3323189434182793E+029
  -2.7246160019304277E+029
  -3.1828782302598529E+029
  -3.7181943502982249E+029
  -4.3435164997739352E+029
  -5.0739732676831619E+029
  -5.9272352982915346E+029
  -6.9239422884255149E+029
  -8.0882016836199337E+029
  -9.4481711079324573E+029
  -1.1036738581525784E+030
  -1.2892316938082810E+030
  -1.5059771607537228E+030
  -1.7591504144764540E+030
  -2.0548717639187529E+030
  -2.4002894524075042E+030
  -2.8037522423163795E+030
  -3.2750109649295506E+030
  -3.8254538948857501E+030
  -4.4683816234856741E+030
  -5.2193280566480683E+030
  -6.0964352742873015E+030
  -7.1208912850775237E+030
  -8.3174412251596822E+030
  -9.7149843177552824E+030
  -1.1347270975389580E+031
  -1.3253716837129661E+031
  -1.5480353347851288E+031
  -1.8080937772703170E+031
  -2.1118249376601028E+031
  -2.4665602977935411E+031
  -2.8808616315321596E+031
  -3.3647273771769929E+031
  -3.9298336128741610E+031
  -4.5898154344343780E+031
  -5.3605955065210768E+031
  -6.2607676923642552E+031
  -7.3120449912568047E+031
  -8.5397825588646332E+031
  -9.9735883899238933E+031
  -1.1648036349503809E+032
  -1.3603498698217772E+032
  -1.5887118127554278E+032
  -1.8553942672720912E+032
  -2.1668250782406695E+032
  -2.5305098391461808E+032
  -2.9552125173137209E+032
  -3.4511663369984235E+032
  -4.0303199865902921E+032
  -4.7066250640182012E+032
  -5.4963716640808668E+032
  -6.4185801665892861E+032
  -7.4954586325401418E+032
  -8.7529367893398784E+032
  -1.0221289423043782E+033
  -1.1935864139636247E+033
  -1.3937930959873129E+033
  -1.6275674133019809E+033
  -1.9005349963832454E+033
  -2.2192638425896098E+033
  -2.5914220978115653E+033
  -3.0259622420803607E+033
  -3.5333360953004456E+033
  -4.1257457974649010E+033
  -4.8174367792281906E+033
  -5.6250397441332575E+033
  -6.5679698571429792E+033
  -7.6688927034393970E+033
  -8.9542681794331695E+033
  -1.0454985342730591E+034
  -1.2207103423959565E+034
  -1.4252716742807141E+034
  -1.6640964233977845E+034
  -1.9429207746757139E+034
  -2.2684407316956832E+034
  -2.6484726318479556E+034
  -3.0921404895856421E+034
  -3.6100946489887525E+034
  -4.2147669748774954E+034
  -4.9206686845170437E+034
  -5.7447379403348938E+034
  -6.7067455122890155E+034
  -7.8297682048833267E+034
  -9.1407413613423305E+034
  -1.0671103644641843E+035
  -1.2457549496871359E+035
  -1.4542907247177544E+035
  -1.6977163835429951E+035
  -1.9818660615053492E+035
  -2.3135488777343561E+035
  -2.7007117698009423E+035
  -3.1526295057803588E+035
  -3.6801264064828159E+035
  -4.2958350660343228E+035
  -5.0144982402103578E+035
  -5.8533210998720414E+035
  -6.8323822459379645E+035
  -7.9751132810110599E+035
  -9.3088583642660218E+035
  -1.0865527079201474E+036
  -1.2682356163516930E+036
  -1.4802798239330681E+036
  -1.7277558701597381E+036
  -2.0165805444493488E+036
  -2.3536580213179567E+036
  -2.7470445159040893E+036
  -3.2061403763726235E+036
  -3.7419141813353684E+036
  -4.3671641703391370E+036
  -5.0968232216799433E+036
  -5.9483146252721083E+036
  -6.9419671034793000E+036
  -8.1014989382002800E+036
  -9.4545827013197391E+036
  -1.1033503996615797E+037
  -1.2875929849511411E+037
  -1.5025804979299697E+037
  -1.7534397218015479E+037
  -2.0461516872482732E+037
  -2.3876938944599144E+037
  -2.7862061926787384E+037
  -3.2511842487995697E+037
  -3.7937051892661662E+037
  -4.4266907604498769E+037
  -5.1652142398116869E+037
  -6.0268583643294563E+037
  -7.0321327482692697E+037
  -8.2049606677709887E+037
  -9.5732467279724118E+037
  -1.1169538838049170E+038
  -1.3031800145502080E+038
  -1.5204309175602653E+038
  -1.7738709446076508E+038
  -2.0695233351897473E+038
  -2.4144129223245284E+038
  -2.8167325247672224E+038
  -3.2860369527667666E+038
  -3.8334692047980672E+038
  -4.4720241905723683E+038
  -5.2168561988046932E+038
  -6.0856373573937854E+038
  -7.0989755329466230E+038
  -8.2809015140282217E+038
  -9.6594369508354879E+038
  -1.1267256421264405E+039
  -1.3142459203917614E+039
  -1.5329468914141467E+039
  -1.7880082159847443E+039
  -2.0854690869720879E+039
  -2.4323707019033700E+039
  -2.8369223222657895E+039
  -3.3086948191641812E+039
  -3.8588462487664420E+039
  -4.5003847508787847E+039
  -5.2484749374787143E+039
  -6.1207949554220463E+039
  -7.1379525924956782E+039
  -8.3239701760583167E+039
  -9.7068496207648669E+039
  -1.1319230853634089E+040
  -1.3199159024441150E+040
  -1.5390978447665968E+040
  -1.7946374177859481E+040
  -2.0925585561798564E+040
  -2.4398820117896406E+040
  -2.8447900758776357E+040
  -3.3168184804638627E+040
  -3.8670799558639188E+040
  -4.5085246577082253E+040
  -5.2562435336806978E+040
  -6.1278216977506115E+040
  -7.1437500407929829E+040
  -8.3279046579643458E+040
  -9.7081052461537998E+040
  -1.1316765455473354E+041
  -1.3191650309200113E+041
  -1.5376758285812757E+041
  -1.7923348541731418E+041
  -2.0891137110303090E+041
  -2.4349689818483266E+041
  -2.8380044207085655E+041
  -3.3076598027501986E+041
  -3.8549308038448357E+041
  -4.4926249981246645E+041
  -5.2356598934913885E+041
  -6.1014098932959611E+041
  -7.1101101983156357E+041
  -8.2853269726335788E+041
  -9.6545046198743206E+041
  -1.1249602787122942E+042
  -1.3107837773023303E+042
  -1.5272545410790106E+042
  -1.7794185280522334E+042
  -2.0731509341391894E+042
  -2.4152921836312635E+042
  -2.8138061694711374E+042
  -3.2779643741893279E+042
  -3.8185600931019611E+042
  -4.4481576679183730E+042
  -5.1813824367216889E+042
  -6.0352580333296728E+042
  -7.0295987461648842E+042
  -8.1874658981579575E+042
  -9.5356986629533169E+042
  -1.1105531421361535E+043
  -1.2933311723404637E+043
  -1.5061335199277173E+043
  -1.7538816407956309E+043
  -2.0423017684024490E+043
  -2.3780561609920270E+043
  -2.7688956881618904E+043
  -3.2238372142613012E+043
  -3.7533697940602104E+043
  -4.3696943437043889E+043
  -5.0870022014832051E+043
  -5.9217988649726077E+043
  -6.8932802028944920E+043
  -8.0237696138155219E+043
  -9.3392259653751283E+043
  -1.0869833726938091E+044
  -1.2650688539976368E+044
  -1.4722593594109051E+044
  -1.7132984638876293E+044
  -1.9937004315578231E+044
  -2.3198749801868813E+044
  -2.6992721595967066E+044
  -3.1405505710266786E+044
  -3.6537726691677532E+044
  -4.2506314849060664E+044
  -4.9447137974739950E+044
  -5.7518055845287642E+044
  -6.6902465047603611E+044
  -7.7813412397190928E+044
  -9.0498367624485371E+044
  -1.0524476036529442E+045
  -1.2238640310653175E+045
  -1.4231094095883794E+045
  -1.6546849135739280E+045
  -1.9238166249705800E+045
  -2.2365716902479997E+045
  -2.5999929785965348E+045
  -3.0222551670065326E+045
  -3.5128456363630596E+045
  -4.0827740922910716E+045
  -4.7448154360104070E+045
  -5.5137911163933610E+045
  -6.4068950091083694E+045
  -7.4440708086645496E+045
  -8.6484490032694834E+045
  -1.0046852752396086E+046
  -1.1670383427735002E+046
  -1.3555098238341974E+046
  -1.5742794272987158E+046
  -1.8281915494424595E+046
  -2.1228601754366816E+046
  -2.4647901813346801E+046
  -2.8615175702318467E+046
  -3.3217715616630834E+046
  -3.8556618960707482E+046
  -4.4748952246294844E+046
  -5.1930250382871745E+046
  -6.0257402592991841E+046
  -6.9911983859718309E+046
  -8.1104099605948682E+046
  -9.4076821372593638E+046
  -1.0911130278090711E+047
  -1.2653267823308159E+047
  -1.4671686184899122E+047
  -1.7009838130795552E+047
  -1.9717940084545812E+047
  -2.2854010996219511E+047
  -2.6485067978934193E+047
  -3.0688501791146407E+047
  -3.5553658521101035E+047
  -4.1183657544416132E+047
  -4.7697480031162041E+047
  -5.5232367032176383E+047
  -6.3946571537675852E+047
  -7.4022514940971525E+047
  -8.5670405126909826E+047
  -9.9132381012628026E+047
  -1.1468725687372449E+048
  -1.3265594926901748E+048
  -1.5340767990695550E+048
  -1.7736705944656592E+048
  -2.0502217005602064E+048
  -2.3693377860702137E+048
  -2.7374582768376685E+048
  -3.1619736811685402E+048
  -3.6513611445156872E+048
  -4.2153382349549314E+048
  -4.8650371563936774E+048
  -5.6132017866210465E+048
  -6.4744101370731927E+048
  -7.4653250233186784E+048
  -8.6049759097312977E+048
  -9.9150750349208094E+048
  -1.1420371017800518E+049
  -1.3149043163111666E+049
  -1.5133139597303162E+049
  -1.7409062128179327E+049
  -2.0018100278843237E+049
  -2.3007016225461189E+049
  -2.6428681274845835E+049
  -3.0342762929526363E+049
  -3.4816459346769925E+049
  -3.9925274899851197E+049
  -4.5753826331474245E+049
  -5.2396663311194861E+049
  -5.9959079633374543E+049
  -6.8557881255358814E+049
  -7.8322064149270566E+049
  -8.9393337585222578E+049
  -1.0192640576428944E+050
  -1.1608889110459178E+050
  -1.3206074391672053E+050
  -1.5003293304195745E+050
  -1.7020514683076195E+050
  -1.9278214913063986E+050
  -2.1796832488272737E+050
  -2.4595980683948281E+050
  -2.7693338876661376E+050
  -3.1103118806623100E+050
  -3.4833970462443981E+050
  -3.8886150978896192E+050
  -4.3247725913750060E+050
  -4.7889501442234522E+050
  -5.2758292950400311E+050
  -5.7768012964501065E+050
  -6.2787899597094712E+050
  -6.7626992673263395E+050
  -7.2013680925738658E+050
  -7.5568766762019157E+050
  -7.7769994361208610E+050
  -7.7905323287997401E+050
  -7.5011359794594190E+050
  -6.7792258309474056E+050
  -5.4513220872740720E+050
  -3.2863002536952920E+050
  -2.9842873078542485E+046
