   0.0000000000000000     
  -1.1011010049952404E-016
  -2.2337519956423276E-016
  -3.4304065071386837E-016
  -4.7253514430066137E-016
  -6.1556894359294465E-016
  -7.7624018547217371E-016
  -9.5915229114436028E-016
  -1.1695458504436893E-015
  -1.4134487578361785E-015
  -1.6978489009852937E-015
  -2.0308943486899140E-015
  -2.4221267726469498E-015
  -2.8827547893834185E-015
  -3.4259750521072575E-015
  -4.0673502898887659E-015
  -4.8252551226740167E-015
  -5.7214024218607073E-015
  -6.7814652931304835E-015
  -8.0358124969982512E-015
  -9.5203783715427167E-015
  -1.1277692174069427E-014
  -1.3358096324350138E-014
  -1.5821188442337824E-014
  -1.8737528482812139E-014
  -2.2190659861818469E-014
  -2.6279502462449739E-014
  -3.1121186058006695E-014
  -3.6854405303853429E-014
  -4.3643392386559103E-014
  -5.1682621107930670E-014
  -6.1202377128833975E-014
  -7.2475353903112269E-014
  -8.5824463205752334E-014
  -1.0163208394284249E-013
  -1.2035101411983195E-013
  -1.4251743961856305E-013
  -1.6876629118912011E-013
  -1.9984942945349336E-013
  -2.3665717870269015E-013
  -2.8024382616611076E-013
  -3.3185781698759590E-013
  -3.9297750960798406E-013
  -4.6535351547940222E-013
  -5.5105883558087041E-013
  -6.5254822946657423E-013
  -7.7272851694976179E-013
  -9.1504182557606077E-013
  -1.0835641677331709E-012
  -1.2831221701927404E-012
  -1.5194312986522551E-012
  -1.7992595353213707E-012
  -2.1306211963995703E-012
  -2.5230064392860139E-012
  -2.9876530312552891E-012
  -3.5378681613807809E-012
  -4.1894095103333233E-012
  -4.9609364893475423E-012
  -5.8745445687052762E-012
  -6.9563979950505747E-012
  -8.2374790138297433E-012
  -9.7544750487864826E-012
  -1.1550829240227899E-011
  -1.3677984420783767E-011
  -1.6196856145497671E-011
  -1.9179576950853129E-011
  -2.2711561782476106E-011
  -2.6893953726054016E-011
  -3.1846520063680111E-011
  -3.7711081570037633E-011
  -4.4655573228624283E-011
  -5.2878852624569286E-011
  -6.2616393674944242E-011
  -7.4147028702504578E-011
  -8.7800931870003091E-011
  -1.0396907252863036E-010
  -1.2311440911294071E-010
  -1.4578514404025563E-010
  -1.7263041907116224E-010
  -2.0441890044805033E-010
  -2.4206078585023462E-010
  -2.8663386315476904E-010
  -3.3941436697511067E-010
  -4.0191351628496129E-010
  -4.7592077905262457E-010
  -5.6355510236636682E-010
  -6.6732557453464488E-010
  -7.9020325562223084E-010
  -9.3570623256101593E-010
  -1.1080003335017793E-009
  -1.3120183842837540E-009
  -1.5536014206199034E-009
  -1.8396658980161552E-009
  -2.1784016855470114E-009
  -2.5795065106930747E-009
  -3.0544635657230099E-009
  -3.6168702214297092E-009
  -4.2828272567598603E-009
  -5.0713997448671131E-009
  -6.0051627869358068E-009
  -7.1108477134522317E-009
  -8.4201072479336604E-009
  -9.9704215327422898E-009
  -1.1806170947937752E-008
  -1.3979906427515617E-008
  -1.6553853629432043E-008
  -1.9601694008258499E-008
  -2.3210673763646508E-008
  -2.7484101020759020E-008
  -3.2544302708926039E-008
  -3.8536125759907071E-008
  -4.5631082823703244E-008
  -5.4032261143549292E-008
  -6.3980135070252404E-008
  -7.5759448554283902E-008
  -8.9707364571826497E-008
  -1.0622311469436352E-007
  -1.2577942493762657E-007
  -1.4893604485296104E-007
  -1.7635576700663301E-007
  -2.0882339525213232E-007
  -2.4726820457587278E-007
  -2.9279053520181608E-007
  -3.4669328193368413E-007
  -4.1051917977885462E-007
  -4.8609495274286028E-007
  -5.7558358905222627E-007
  -6.8154623857393510E-007
  -8.0701550350375800E-007
  -9.5558221936880978E-007
  -1.1314982093571735E-006
  -1.3397979519906514E-006
  -1.5864426432689513E-006
  -1.8784907751141182E-006
  -2.2243001105606289E-006
  -2.6337668343700093E-006
  -3.1186087212933354E-006
  -3.6927004234832223E-006
  -4.3724704695901147E-006
  -5.1773713335158531E-006
  -6.1304360211391632E-006
  -7.2589370983643755E-006
  -8.5951670143705357E-006
  -1.0177362043775003E-005
  -1.2050796279820123E-005
  -1.4269076975153341E-005
  -1.6895678286433364E-005
  -2.0005757298593547E-005
  -2.3688304279178149E-005
  -2.8048688673678258E-005
  -3.3211673672668917E-005
  -3.9324985584538832E-005
  -4.6563540117034134E-005
  -5.5134446460567210E-005
  -6.5282932313643526E-005
  -7.7299359332084900E-005
  -9.1527529672302024E-005
  -1.0837452122662941E-004
  -1.2832233287173953E-004
  -1.5194167281976884E-004
  -1.7990828445645495E-004
  -2.1302227662413380E-004
  -2.5223101123523063E-004
  -2.9865620284109695E-004
  -3.5362600524101748E-004
  -4.1871300284153639E-004
  -4.9577919334531774E-004
  -5.8702924829032686E-004
  -6.9507357469140107E-004
  -8.2300298132636693E-004
  -9.7447708507228533E-004
  -1.1538289856232262E-003
  -1.3661892021441142E-003
  -1.6176324162375615E-003
  -1.9153512177714691E-003
  -2.2678618222813076E-003
  -2.6852476428997712E-003
  -3.1794476822170716E-003
  -3.7645979910856074E-003
  -4.4574359587948465E-003
  -5.2777789956389527E-003
  -6.2490912960449776E-003
  -7.3991548889370722E-003
  -8.7608641638834920E-003
  -1.0373166592055743E-002
  -1.2282176541053035E-002
  -1.4542494031708252E-002
  -1.7218766144574890E-002
  -2.0387535721406270E-002
  -2.4139430220902480E-002
  -2.8581753313123591E-002
  -3.3841553311252180E-002
  -4.0069256171976271E-002
  -4.7442966936345587E-002
  -5.6173562592905422E-002
  -6.6510721970480483E-002
  -7.8750065055896365E-002
  -9.3241605847885670E-002
 -0.11039976040897620     
 -0.13071519623560321     
 -0.15476886170376170     
 -0.18324859666769652     
 -0.21696879907363995     
 -0.25689370980830556     
 -0.30416498142950649     
 -0.36013431887990183     
 -0.42640212526424071     
 -0.50486325741904126     
 -0.59776119922703652     
 -0.70775220123484328     
 -0.83798121999737840     
 -0.99217182783746083     
  -1.1747326630121189     
  -1.3908834630294045     
  -1.6468042835708379     
  -1.9498121681396514     
  -2.3085703181101787     
  -2.7333357417183781     
  -3.2362524602502516     
  -3.8316986516781961     
  -4.5366976534690853     
  -5.3714045712883829     
  -6.3596824009990653     
  -7.5297841294402499     
  -8.9151603080602548     
  -10.555415179106868     
  -12.497438679192836     
  -14.796746670947277     
  -17.519067703729906     
  -20.742221649029240     
  -24.558343896456741     
  -29.076518670468761     
  -34.425896718199617     
  -40.759386459053601     
  -48.258024072380003     
  -57.136147398755583     
  -67.647521497317612     
  -80.092590892335679     
  -94.827065733540778     
  -112.27208720624537     
  -132.92626264768748     
  -157.37991424421753     
  -186.33194842582523     
  -220.60982794657437     
  -261.19321728045969     
  -309.24197690396227     
  -366.12930627667612     
  -433.48098241849772     
  -513.22181511722238     
  -607.63064595767730     
  -719.40546243098106     
  -851.74048733104598     
  -1008.4174457277027     
  -1193.9136167918389     
  -1413.5297572041691     
  -1673.5415504987322     
  -1981.3789086857241     
  -2345.8382480570672     
  -2777.3338029219562     
  -3288.1951560455432     
  -3893.0194846140512     
  -4609.0885833205593     
  -5456.8625762845422     
  -6460.5644198170739     
  -7648.8718910673761     
  -9055.7368273791926     
  -10721.355015403928     
  -12693.314431433510     
  -15027.954627879395     
  -17791.976090769582     
  -21064.345531734347     
  -24938.551529027005     
  -29525.274936971244     
  -34955.550327493525     
  -41384.508749251021     
  -48995.808689631980     
  -58006.881776507442     
  -68675.143021093289     
  -81305.342944814503     
  -96258.271537919369     
  -113961.06259657064     
  -134919.39268014886     
  -159731.92302599482     
  -189107.39679903179     
  -223884.87986673735     
  -265057.72303990280     
  -313801.92996844428     
  -371509.74066203536     
  -439829.38950780960     
  -520712.17293203296     
  -616468.17053089663     
  -729832.21053364256     
  -864041.96291008359     
  -1022930.3896411712     
  -1211035.1915166972     
  -1433728.3760057213     
  -1697369.6451099846     
  -2009487.9820505423     
  -2378996.6205579159     
  -2816447.5334075256     
  -3334332.7048580074     
  -3947440.7870010901     
  -4673279.3208248410     
  -5532574.5741375685     
  -6549863.2637981754     
  -7754193.0521647148     
  -9179951.8121382445     
  -10867849.330227781     
  -12866079.467557602     
  -15231695.948814508     
  -18032241.045736149     
  -21347673.638822012     
  -25272651.684422459     
  -29919234.227983486     
  -35420080.076545037     
  -41932234.416179873     
  -49641611.437257551     
  -58768300.890861258     
  -69572850.009963915     
  -82363700.059784338     
  -97505989.727037564     
  -115431976.55739093     
  -136653373.81685755     
  -161775954.80303392     
  -191516841.32492843     
  -226724969.65097758     
  -268405317.87810823     
  -317747585.98613375     
  -376160146.87221670     
  -445310237.03281051     
  -527171533.56432682     
  -624080474.86566365     
  -738802931.85535002     
  -874613131.77718782     
  -1035387086.1816505     
  -1225713188.4037204     
  -1451023135.6103730     
  -1717746910.2292585     
  -2033496241.8269017     
  -2407281782.8497438     
  -2849770193.2395868     
  -3373588467.2069926     
  -3993684182.8498206     
  -4727751950.2597713     
  -5596738221.7458649     
  -6625438862.6528835     
  -7843206526.6863546     
  -9284788011.1005573     
  -10991315473.844248     
  -13011479782.472813     
  -15402919458.420210     
  -18233864828.152447     
  -21585084270.068336     
  -25552188060.238461     
  -30248355516.753124     
  -35807563212.263588     
  -42388406311.317902     
  -50178622000.579147     
  -59400443998.039047     
  -70316940822.512146     
  -83239518552.428131     
  -98536802002.690186     
  -116645147546.42647     
  -138081087324.91556     
  -163456059649.60934     
  -193493845574.29587     
  -229051208760.52814     
  -271142327074.10922     
  -320967712437.05939     
  -379948443398.40253     
  -449766686324.28192     
  -532413660358.88635     
  -630246413480.47180     
  -746055028117.46411     
  -883142172054.54016     
  -1045417262218.1621     
  -1237507925411.1516     
  -1464891933033.4348     
  -1734053370327.0132     
  -2052667491342.6130     
  -2429819528321.1479     
  -2876263691806.0576     
  -3404729743120.3677     
  -4030285876484.2026     
  -4770768252634.9570     
  -5647289425054.7041     
  -6684840147912.0771     
  -7913001715626.6113     
  -9366789133357.9688     
  -11087649145421.635     
  -13124641560818.600     
  -15535837537415.221     
  -18389974667570.070     
  -21768416024234.602     
  -25767468986133.324     
  -30501129910191.059     
  -36104332850830.961     
  -42736794884617.633     
  -50587567593889.938     
  -59880424378510.625     
  -70880237073495.156     
  -83900523530063.609     
  -99312381171038.578     
  -117555061008239.77     
  -139148483333688.62     
  -164708051598455.44     
  -194962186447484.75     
  -230773079349374.31     
  -273161256952583.50     
  -323334655824490.06     
  -382723035676833.75     
  -453018711207214.31     
  -536224762619449.38     
  -634712097848094.25     
  -751286991566747.38     
  -889271024381028.88     
  -1052595698687282.5     
  -1245914425567552.8     
  -1474735071685152.2     
  -1745576840521042.0     
  -2066155955110708.2     
  -2445605429423250.5     
  -2894735186006667.5     
  -3426339926126234.5     
  -4055563518035176.0     
  -4800330277926010.0     
  -5681855422303363.0     
  -6725249224183000.0     
  -7960232072788694.0     
  -9421980793187370.0     
  -11152130318399412.     
  -13199959228252472.     
  -15623792902426524.     
  -18492664228662644.     
  -21888279137194244.     
  -25907342907655188.     
  -30664313461834264.     
  -36294660006772112.     
  -42958719773515960.     
  -50846262616459016.     
  -60181893380750016.     
  -71231445783737848.     
  -84309549768906704.     
  -99788587679742544.     
  -1.1810929411615213E+017
  -1.3979330110134589E+017
  -1.6545798553258474E+017
  -1.9583404138895600E+017
  -2.3178627668620422E+017
  -2.7433822690711782E+017
  -3.2470128520495693E+017
  -3.8430917816432986E+017
  -4.5485876796252742E+017
  -5.3835834172850170E+017
  -6.3718476186341939E+017
  -7.5415110312151859E+017
  -8.9258670051900442E+017
  -1.0564318851223923E+018
  -1.2503501025018545E+018
  -1.4798606029961405E+018
  -1.7514954779779922E+018
  -2.0729855086646720E+018
  -2.4534801133693824E+018
  -2.9038076487276017E+018
  -3.4367834679206175E+018
  -4.0675744968741975E+018
  -4.8141306964321894E+018
  -5.6976956802695977E+018
  -6.7434110088698931E+018
  -7.9810313432110582E+018
  -9.4457707935767757E+018
  -1.1179304528705257E+019
  -1.3230954124303700E+019
  -1.5659090353221812E+019
  -1.8532793300720759E+019
  -2.1933817002936332E+019
  -2.5958914462661444E+019
  -3.0722589139914211E+019
  -3.6360351136456278E+019
  -4.3032570637882442E+019
  -5.0929038151656047E+019
  -6.0274361166767137E+019
  -7.1334350631201497E+019
  -8.4423578772401013E+019
  -9.9914323072429490E+019
  -1.1824715059917141E+020
  -1.3994344350644537E+020
  -1.6562022167336675E+020
  -1.9600768372328097E+020
  -2.3196996489890995E+020
  -2.7452970166659790E+020
  -3.2489710107435853E+020
  -3.8450434086721448E+020
  -4.5504627780341432E+020
  -5.3852862081693745E+020
  -6.3732493772385485E+020
  -7.5424411509377073E+020
  -8.9261018782742544E+020
  -1.0563568063279230E+021
  -1.2501390249013215E+021
  -1.4794655869757982E+021
  -1.7508554648536487E+021
  -2.0720231005326606E+021
  -2.4520976092067759E+021
  -2.9018821715174343E+021
  -3.4341609818530282E+021
  -4.0640624703773103E+021
  -4.8094891143363947E+021
  -5.6916260448989725E+021
  -6.7355428929853467E+021
  -7.9709059647292771E+021
  -9.4328209695160769E+021
  -1.1162830229838045E+022
  -1.3210092687675682E+022
  -1.5632780211189348E+022
  -1.8499729845426913E+022
  -2.1892398915726988E+022
  -2.5907178488645703E+022
  -3.0658130866437186E+022
  -3.6280228825927300E+022
  -4.2933188552445521E+022
  -5.0806005068267256E+022
  -6.0122318890703392E+022
  -7.1146766243029880E+022
  -8.4192493050926102E+022
  -9.9630045979570843E+022
  -1.1789789283859389E+023
  -1.3951487091179342E+023
  -1.6509491646693173E+023
  -1.9536449341914538E+023
  -2.3118321569473815E+023
  -2.7356824844163258E+023
  -3.2372318042741295E+023
  -3.8307218679498352E+023
  -4.5330045140521480E+023
  -5.3640199553981199E+023
  -6.3473626979924583E+023
  -7.5109511456476085E+023
  -8.8878198844535058E+023
  -1.0517057120351969E+024
  -1.2444913859254965E+024
  -1.4726116289133011E+024
  -1.7425418585313242E+024
  -2.0619440177158003E+024
  -2.4398839579529652E+024
  -2.8870886434536171E+024
  -3.4162504698384292E+024
  -4.0423873264626682E+024
  -4.7832686117117429E+024
  -5.6599192801295465E+024
  -6.6972162120659724E+024
  -7.9245938133087685E+024
  -9.3768788480274478E+024
  -1.1095278171000248E+025
  -1.3128547358266195E+025
  -1.5534373361777810E+025
  -1.8381010378521905E+025
  -2.1749215299694154E+025
  -2.5734537594058856E+025
  -3.0450028521984635E+025
  -3.6029446457193997E+025
  -4.2631049148410176E+025
  -5.0442080380794909E+025
  -5.9684078168130249E+025
  -7.0619154878029038E+025
  -8.3557427222882789E+025
  -9.8865806618128455E+025
  -1.1697839893868053E+026
  -1.3840880828464083E+026
  -1.6376469328879581E+026
  -1.9376498828708034E+026
  -2.2926027713445119E+026
  -2.7125689671803137E+026
  -3.2094545282316453E+026
  -3.7973455593443275E+026
  -4.4929073233761439E+026
  -5.3158564071139687E+026
  -6.2895193120560253E+026
  -7.4414932864653364E+026
  -8.8044281091064860E+026
  -1.0416950958516872E+027
  -1.2324760551372169E+027
  -1.4581921524029254E+027
  -1.7252395698159355E+027
  -2.0411853574787199E+027
  -2.4149817330600950E+027
  -2.8572195970327515E+027
  -3.3804284384513829E+027
  -3.9994311186945011E+027
  -4.7317635731252884E+027
  -5.5981713070954421E+027
  -6.6231967350383520E+027
  -7.8358739809828048E+027
  -9.2705507983000777E+027
  -1.0967860861787570E+028
  -1.2975873937907118E+028
  -1.5351456469325454E+028
  -1.8161881060006591E+028
  -2.1486730385121718E+028
  -2.5420149374843842E+028
  -3.0073509367899232E+028
  -3.5578559577760868E+028
  -4.2091154990637077E+028
  -4.9795666109108349E+028
  -5.8910195228690185E+028
  -6.9692746731152225E+028
  -8.2448525841980687E+028
  -9.7538572191454960E+028
  -1.1538997224008004E+029
  -1.3650793924478806E+029
  -1.6149010221221521E+029
  -1.9104340769945409E+029
  -2.2600411214314468E+029
  -2.6736142970867361E+029
  -3.1628550391737142E+029
  -3.7416049344591292E+029
  -4.4262370694606186E+029
  -5.2361189258153417E+029
  -6.1941599004381241E+029
  -7.3274589179254505E+029
  -8.6680704291243525E+029
  -1.0253910432625100E+030
  -1.2129828109469772E+030
  -1.4348873337134100E+030
  -1.6973795878742638E+030
  -2.0078818583507403E+030
  -2.3751734669008163E+030
  -2.8096388303309523E+030
  -3.3235608523012843E+030
  -3.9314679317244384E+030
  -4.6505443838049994E+030
  -5.5011158591322866E+030
  -6.5072234623729736E+030
  -7.6973027746702446E+030
  -9.1049869433894857E+030
  -1.0770056502779593E+031
  -1.2739562728091425E+031
  -1.5069156220361375E+031
  -1.7824658207366580E+031
  -2.1083918891297894E+031
  -2.4939015268349913E+031
  -2.9498850417758352E+031
  -3.4892227577500627E+031
  -4.1271485709794018E+031
  -4.8816799088732246E+031
  -5.7741262160736942E+031
  -6.8296903063139127E+031
  -8.0781795360484537E+031
  -9.5548468509114498E+031
  -1.1301385415968236E+032
  -1.3367104868494497E+032
  -1.5810322349476506E+032
  -1.8700007521231413E+032
  -2.2117727933821590E+032
  -2.6159949563664935E+032
  -3.0940757352028065E+032
  -3.6595072400450869E+032
  -4.3282456467436749E+032
  -5.1191610949484425E+032
  -6.0545697085010679E+032
  -7.1608627242013809E+032
  -8.4692504489826389E+032
  -1.0016641998092535E+033
  -1.1846685588958101E+033
  -1.4010998684489706E+033
  -1.6570622622716020E+033
  -1.9597742687058596E+033
  -2.3177722040846995E+033
  -2.7411506780800067E+033
  -3.2418469805370979E+033
  -3.8339773538511063E+033
  -4.5342346144453614E+033
  -5.3623583124653319E+033
  -6.3416906588851895E+033
  -7.4998338611498441E+033
  -8.8694273599955258E+033
  -1.0489066831299077E+034
  -1.2404390802379658E+034
  -1.4669365444039650E+034
  -1.7347803670089052E+034
  -2.0515161261547374E+034
  -2.4260660518034834E+034
  -2.8689801142588155E+034
  -3.3927328946591256E+034
  -4.0120745824053399E+034
  -4.7444459650040274E+034
  -5.6104690733315007E+034
  -6.6345272702482297E+034
  -7.8454510824245302E+034
  -9.2773290446366488E+034
  -1.0970466335937881E+035
  -1.2972518136438493E+035
  -1.5339829538288627E+035
  -1.8139019642367986E+035
  -2.1448854325682308E+035
  -2.5362460265657347E+035
  -2.9989942383461772E+035
  -3.5461478187538321E+035
  -4.1930975877847481E+035
  -4.9580398885786110E+035
  -5.8624878217364200E+035
  -6.9318756061603932E+035
  -8.1962730241073787E+035
  -9.6912299948312467E+035
  -1.1458774969492476E+036
  -1.3548595152076555E+036
  -1.6019431647597644E+036
  -1.8940728662522966E+036
  -2.2394583001718669E+036
  -2.6478048520511155E+036
  -3.1305860135106048E+036
  -3.7013653747820597E+036
  -4.3761772334126115E+036
  -5.1739764854863468E+036
  -6.1171704058264979E+036
  -7.2322472165070246E+036
  -8.5505190527081919E+036
  -1.0109000137242553E+037
  -1.1951444759458087E+037
  -1.4129574126451219E+037
  -1.6704526439555810E+037
  -1.9748570794567354E+037
  -2.3347132884575023E+037
  -2.7601189205741495E+037
  -3.2630096772445494E+037
  -3.8574937526647587E+037
  -4.5602471017148942E+037
  -5.3909805929281830E+037
  -6.3729921139093017E+037
  -7.5338190708966347E+037
  -8.9060095296323499E+037
  -1.0528033559616775E+038
  -1.2445360260639433E+038
  -1.4711730578429413E+038
  -1.7390661484394900E+038
  -2.0557223555171232E+038
  -2.4300141621157750E+038
  -2.8724277172139434E+038
  -3.3953561863774181E+038
  -4.0134464058054771E+038
  -4.7440085204514412E+038
  -5.6075000441185689E+038
  -6.6280978554471982E+038
  -7.8343740963145187E+038
  -9.2600948366373749E+038
  -1.0945163792543465E+039
  -1.2936737428608577E+039
  -1.5290542551852327E+039
  -1.8072433148324177E+039
  -2.1360229879342740E+039
  -2.5245893529141142E+039
  -2.9838092997750313E+039
  -3.5265239420984998E+039
  -4.1679070978756016E+039
  -4.9258888284259135E+039
  -5.8216558355800090E+039
  -6.8802426563090292E+039
  -8.1312301204785464E+039
  -9.6095705215295793E+039
  -1.1356562474482290E+040
  -1.3421002598534824E+040
  -1.5860546078199300E+040
  -1.8743313963774057E+040
  -2.2149791930052829E+040
  -2.6175073311690120E+040
  -3.0931508799127279E+040
  -3.6551836475568780E+040
  -4.3192879216230675E+040
  -5.1039912225575311E+040
  -6.0311822092887154E+040
  -7.1267200716554360E+040
  -8.4211543391077167E+040
  -9.9505750986258162E+040
  -1.1757617232304146E+041
  -1.3892646556592573E+041
  -1.6415160788932182E+041
  -1.9395444222945829E+041
  -2.2916522025097497E+041
  -2.7076468368179371E+041
  -3.1991132419548250E+041
  -3.7797357775524664E+041
  -4.4656784597443601E+041
  -5.2760339836802390E+041
  -6.2333539982115693E+041
  -7.3642753244063893E+041
  -8.7002594638654881E+041
  -1.0278465876254824E+042
  -1.2142783204447665E+042
  -1.4345046992156773E+042
  -1.6946477593272680E+042
  -2.0019378056321995E+042
  -2.3649138949104689E+042
  -2.7936605565416809E+042
  -3.3000872961167319E+042
  -3.8982586076502009E+042
  -4.6047836138647231E+042
  -5.4392760990422465E+042
  -6.4248976404038479E+042
  -7.5889988352527177E+042
  -8.9638763251520657E+042
  -1.0587666509486648E+043
  -1.2505400606498604E+043
  -1.4770250163666340E+043
  -1.7444997363051879E+043
  -2.0603770654823379E+043
  -2.4334093553244042E+043
  -2.8739303044149865E+043
  -3.3941404217387974E+043
  -4.0084439730292882E+043
  -4.7338466857438752E+043
  -5.5904251574931236E+043
  -6.6018808821166108E+043
  -7.7961941308960414E+043
  -9.2063956671496575E+043
  -1.0871477505570451E+044
  -1.2837467741485597E+044
  -1.5158698973880615E+044
  -1.7899305152357573E+044
  -2.1134987936978144E+044
  -2.4955101041895454E+044
  -2.9465109740068384E+044
  -3.4789492974452058E+044
  -4.1075167630580542E+044
  -4.8495528806129315E+044
  -5.7255216753536436E+044
  -6.7595741030200485E+044
  -7.9802115807139873E+044
  -9.4210687897713968E+044
  -1.1121837162313008E+045
  -1.3129354301493879E+045
  -1.5498889110823238E+045
  -1.8295657743031975E+045
  -2.1596611768466947E+045
  -2.5492547377317036E+045
  -3.0090593169927002E+045
  -3.5517144391607481E+045
  -4.1921323611412626E+045
  -4.9479062156661982E+045
  -5.8397913483293942E+045
  -6.8922729542030953E+045
  -8.1342354628405840E+045
  -9.5997518812938797E+045
  -1.1329014558046907E+046
  -1.3369432664136096E+046
  -1.5776926204419535E+046
  -1.8617451693500939E+046
  -2.1968800900319449E+046
  -2.5922721451363759E+046
  -3.0587416783211453E+046
  -3.6090493184132246E+046
  -4.2582433736686672E+046
  -5.0240693192120502E+046
  -5.9274524553672821E+046
  -6.9930667867805071E+046
  -8.2500054947167602E+046
  -9.7325711097383705E+046
  -1.1481206712157950E+047
  -1.3543593279104021E+047
  -1.5975942760800874E+047
  -1.8844521723624218E+047
  -2.2227446583480527E+047
  -2.6216798734530057E+047
  -3.0921116448642952E+047
  -3.6468330507684140E+047
  -4.3009222401197128E+047
  -5.0721497890723124E+047
  -5.9814585178492815E+047
  -7.0535286257074255E+047
  -8.3174432768471719E+047
  -9.8074724466372555E+047
  -1.1563995985908376E+048
  -1.3634590564198332E+048
  -1.6075309508077427E+048
  -1.8952189672437542E+048
  -2.2343025505256331E+048
  -2.6339457547657990E+048
  -3.1049430936404240E+048
  -3.6600089262864782E+048
  -4.3141180646506216E+048
  -5.0849066401896415E+048
  -5.9931438568138566E+048
  -7.0632871241608851E+048
  -8.3241352591579930E+048
  -9.8095970212435514E+048
  -1.1559595274278410E+049
  -1.3621130624323140E+049
  -1.6049532558832428E+049
  -1.8909931016991668E+049
  -2.2278987078991118E+049
  -2.6246928221793720E+049
  -3.0919941523593773E+049
  -3.6422987511597511E+049
  -4.2903108275670358E+049
  -5.0533316292156299E+049
  -5.9517165443719701E+049
  -7.0094123363946369E+049
  -8.2545884926231457E+049
  -9.7203790957701693E+049
  -1.1445754470182233E+050
  -1.3476545189279908E+050
  -1.5866644937673462E+050
  -1.8679423299573390E+050
  -2.1989384908344156E+050
  -2.5884117673753777E+050
  -3.0466580159406999E+050
  -3.5857786794853200E+050
  -4.2199959687149180E+050
  -4.9660227592814233E+050
  -5.8434966411876314E+050
  -6.8754891707671756E+050
  -8.0891032631459710E+050
  -9.5161738696615525E+050
  -1.1194089663508976E+051
  -1.3166756469795325E+051
  -1.5485726695216546E+051
  -1.8211523121416645E+051
  -2.1415190221994479E+051
  -2.5180111759004050E+051
  -2.9604139941682417E+051
  -3.4802089039989269E+051
  -4.0908655214441498E+051
  -4.8081834655577727E+051
  -5.6506924157108082E+051
  -6.6401202249113183E+051
  -7.8019405306523280E+051
  -9.1660131986927606E+051
  -1.0767333135934932E+052
  -1.2646905564407746E+052
  -1.4852768814723419E+052
  -1.7441189137878526E+052
  -2.0478056021857679E+052
  -2.4040511117639842E+052
  -2.8218849223246276E+052
  -3.3118735953085703E+052
  -3.8863793856647179E+052
  -4.5598616985773907E+052
  -5.3492283401909451E+052
  -6.2742446042634942E+052
  -7.3580094931320943E+052
  -8.6275098139373726E+052
  -1.0114264544723734E+053
  -1.1855073757441449E+053
  -1.3892888546384935E+053
  -1.6277820874263348E+053
  -1.9068315049530638E+053
  -2.2332505725668553E+053
  -2.6149790905381547E+053
  -3.0612652480513308E+053
  -3.5828761381812854E+053
  -4.1923409488922634E+053
  -4.9042316092442644E+053
  -5.7354862930025051E+053
  -6.7057818646431864E+053
  -7.8379620941437819E+053
  -9.1585292626826627E+053
  -1.0698207622862061E+054
  -1.2492588049699954E+054
  -1.4582864099540901E+054
  -1.7016670549128765E+054
  -1.9849036267168128E+054
  -2.3143463906338914E+054
  -2.6973149298503358E+054
  -3.1422353457512434E+054
  -3.6587939562894895E+054
  -4.2581085971427426E+054
  -4.9529183857076270E+054
  -5.7577924079025462E+054
  -6.6893571744889564E+054
  -7.7665417905162594E+054
  -9.0108384869962940E+054
  -1.0446574343666700E+055
  -1.2101187508099910E+055
  -1.4005497754748139E+055
  -1.6193956517601769E+055
  -1.8704855161885332E+055
  -2.1580461691037559E+055
  -2.4867044596506856E+055
  -2.8614727196660620E+055
  -3.2877095311626246E+055
  -3.7710453799067751E+055
  -4.3172591086607160E+055
  -4.9320862380207106E+055
  -5.6209337687333203E+055
  -6.3884674776215591E+055
  -7.2380262438964969E+055
  -8.1708026139031774E+055
  -9.1847083041782657E+055
  -1.0272815855322057E+056
  -1.1421230733517573E+056
  -1.2606198492164339E+056
  -1.3790184589613389E+056
  -1.4916573875204411E+056
  -1.5902514110437377E+056
  -1.6629261729667727E+056
  -1.6929163355233292E+056
  -1.6568105393292587E+056
  -1.5221872380211651E+056
  -1.2444406752969794E+056
  -7.6259161037528014E+055
  -6.9250898829474083E+051
