   0.0000000000000000     
  -1.1011010049952404E-016
  -2.2157975725612376E-016
  -3.3578526821067004E-016
  -4.5413666080564642E-016
  -5.7809509907104663E-016
  -7.0919092079552316E-016
  -8.4904252740915244E-016
  -9.9937635970706887E-016
  -1.1620482059227509E-015
  -1.3390661050806447E-015
  -1.5326151282223530E-015
  -1.7450843432510734E-015
  -1.9790962960605683E-015
  -2.2375393716394847E-015
  -2.5236034343516131E-015
  -2.8408191870253641E-015
  -3.1931017343396396E-015
  -3.5847988878335714E-015
  -4.0207448083332109E-015
  -4.5063196473998295E-015
  -5.0475159233731010E-015
  -5.6510124506198915E-015
  -6.3242567337289729E-015
  -7.0755568427616876E-015
  -7.9141839025646172E-015
  -8.8504864600134586E-015
  -9.8960181395003416E-015
  -1.1063680160804546E-014
  -1.2367880476718056E-014
  -1.3824711492690545E-014
  -1.5452148559838562E-014
  -1.7270271688753469E-014
  -1.9301513217798244E-014
  -2.1570934489531843E-014
  -2.4106534946484001E-014
  -2.6939597457129458E-014
  -3.0105074129502783E-014
  -3.3642017368955798E-014
  -3.7594061494238537E-014
  -4.2009960849252729E-014
  -4.6944191044162052E-014
  -5.2457620737624797E-014
  -5.8618262241329026E-014
  -6.5502110199468198E-014
  -7.3194078681265200E-014
  -8.1789048237506876E-014
  -9.1393035827231774E-014
  -1.0212450203491302E-013
  -1.1411581169035220E-013
  -1.2751486589388659E-013
  -1.4248692556169981E-013
  -1.5921664896602940E-013
  -1.7791036838195727E-013
  -1.9879863389872473E-013
  -2.2213905574542683E-013
  -2.4821948015905094E-013
  -2.7736153793243918E-013
  -3.0992460937147912E-013
  -3.4631025452122449E-013
  -3.8696716325288576E-013
  -4.3239668620832023E-013
  -4.8315901475464834E-013
  -5.3988008609706631E-013
  -6.0325929863126054E-013
  -6.7407813259807259E-013
  -7.5320978225510952E-013
  -8.4162991824017803E-013
  -9.4042871272314947E-013
  -1.0508242754975675E-012
  -1.1741776665424945E-012
  -1.3120096700027553E-012
  -1.4660195362309123E-012
  -1.6381059227741406E-012
  -1.8303902922720538E-012
  -2.0452430554909017E-012
  -2.2853127815279241E-012
  -2.5535588349932130E-012
  -2.8532878421801724E-012
  -3.1881944353891499E-012
  -3.5624067772524174E-012
  -3.9805374257709457E-012
  -4.4477401665388768E-012
  -4.9697735121096828E-012
  -5.5530716505531855E-012
  -6.2048237169752450E-012
  -6.9330623642509569E-012
  -7.7467627237188592E-012
  -8.6559529745070696E-012
  -9.6718378830867302E-012
  -1.0806936834332687E-011
  -1.2075238053780764E-011
  -1.3492370920101213E-011
  -1.5075798489511391E-011
  -1.6845032602668097E-011
  -1.8821874222572989E-011
  -2.1030681962613330E-011
  -2.3498672110867249E-011
  -2.6256253844496482E-011
  -2.9337403761200809E-011
  -3.2780084338646210E-011
  -3.6626711473456923E-011
  -4.0924676855431704E-011
  -4.5726931607538891E-011
  -5.1092638376264834E-011
  -5.7087899899312832E-011
  -6.3786573018836724E-011
  -7.1271178159923479E-011
  -7.9633915468845989E-011
  -8.8977800118142519E-011
  -9.9417930751986391E-011
  -1.1108290668362537E-010
  -1.2411641128704528E-010
  -1.3867898106995844E-010
  -1.5494998219988493E-010
  -1.7312981880758205E-010
  -1.9344240024377372E-010
  -2.1613789765110957E-010
  -2.4149582377271890E-010
  -2.6982847389539146E-010
  -3.0148477026821407E-010
  -3.3685455730105062E-010
  -3.7637340039260304E-010
  -4.2052794743312514E-010
  -4.6986191894833936E-010
  -5.2498280058384656E-010
  -5.8656932026838076E-010
  -6.5537980204585754E-010
  -7.3226149934896603E-010
  -8.1816102253360364E-010
  -9.1413598895185725E-010
  -1.0213680388769360E-009
  -1.1411773773912828E-009
  -1.2750390211155272E-009
  -1.4246009496216727E-009
  -1.5917043847966211E-009
  -1.7784064475897501E-009
  -1.9870054708123840E-009
  -2.2200692793169431E-009
  -2.4804667853707253E-009
  -2.7714032878020994E-009
  -3.0964599090363111E-009
  -3.4596376550137832E-009
  -3.8654066398209354E-009
  -4.3187610803605837E-009
  -4.8252807373262087E-009
  -5.3911995579933995E-009
  -6.0234823648764507E-009
  -6.7299105332061732E-009
  -7.5191777106817271E-009
  -8.4009967563924402E-009
  -9.3862192137114989E-009
  -1.0486968786026711E-008
  -1.1716790456286599E-008
  -1.3090817083617540E-008
  -1.4625955525071501E-008
  -1.6341094570532714E-008
  -1.8257337246893386E-008
  -2.0398260347095886E-008
  -2.2790204374210699E-008
  -2.5462597464485285E-008
  -2.8448317270849101E-008
  -3.1784095254823512E-008
  -3.5510968355890378E-008
  -3.9674783589520025E-008
  -4.4326761775397184E-008
  -4.9524127323898919E-008
  -5.5330811820492801E-008
  -6.1818240054404253E-008
  -6.9066208150780591E-008
  -7.7163864597095188E-008
  -8.6210806218580122E-008
  -9.6318302569570457E-008
  -1.0761066378512616E-007
  -1.2022676869953451E-007
  -1.3432177200692346E-007
  -1.5006901143840232E-007
  -1.6766213838688691E-007
  -1.8731749815522502E-007
  -2.0927678906909759E-007
  -2.3381003312107257E-007
  -2.6121889463816623E-007
  -2.9184038773928578E-007
  -3.2605101812344428E-007
  -3.6427141006325621E-007
  -4.0697147543640000E-007
  -4.5467618828359387E-007
  -5.0797203581685924E-007
  -5.6751422510768764E-007
  -6.3403473396310313E-007
  -7.0835130486238535E-007
  -7.9137749240557276E-007
  -8.8413388765886631E-007
  -9.8776065723040376E-007
  -1.1035315510498584E-006
  -1.2328695508549385E-006
  -1.3773643515283498E-006
  -1.5387918899271977E-006
  -1.7191361609791901E-006
  -1.9206135888946350E-006
  -2.1457002527045354E-006
  -2.3971623003677395E-006
  -2.6780899248238587E-006
  -2.9919353190835115E-006
  -3.3425550762795531E-006
  -3.7342575551513113E-006
  -4.1718557923673772E-006
  -4.6607266111585961E-006
  -5.2068766517662677E-006
  -5.8170161341436312E-006
  -6.4986412582230224E-006
  -7.2601262530400337E-006
  -8.1108262043891499E-006
  -9.0611919229241492E-006
  -1.0122898262332645E-005
  -1.1308987462218428E-005
  -1.2634029274640883E-005
  -1.4114299839147462E-005
  -1.5767981501116842E-005
  -1.7615386025126713E-005
  -1.9679203942019985E-005
  -2.1984783088884405E-005
  -2.4560439759212266E-005
  -2.7437806280457772E-005
  -3.0652219282961896E-005
  -3.4243153423243806E-005
  -3.8254705882080608E-005
  -4.2736137580443944E-005
  -4.7742477751864909E-005
  -5.3335199286679596E-005
  -5.9582973131387300E-005
  -6.6562510995665748E-005
  -7.4359506702309028E-005
  -8.3069687724752215E-005
  -9.2799989807738556E-005
  -1.0366986907562308E-004
  -1.1581276771827617E-004
  -1.2937775122720232E-004
  -1.4453133725738534E-004
  -1.6145953853927337E-004
  -1.8037014488899881E-004
  -2.0149527229552713E-004
  -2.2509421033684170E-004
  -2.5145660283359278E-004
  -2.8090600073264971E-004
  -3.1380383077471560E-004
  -3.5055382859545953E-004
  -3.9160699060089256E-004
  -4.3746710531465628E-004
  -4.8869693199535150E-004
  -5.4592510225295009E-004
  -6.0985382925182708E-004
  -6.8126751898247499E-004
  -7.6104238913566843E-004
  -8.5015721345704993E-004
  -9.4970532324791630E-004
  -1.0609080130782088E-003
  -1.1851295149788686E-003
  -1.3238937245933714E-003
  -1.4789028842275844E-003
  -1.6520584517057660E-003
  -1.8454844107119123E-003
  -2.0615533081974227E-003
  -2.3029153378341595E-003
  -2.5725308257951631E-003
  -2.8737065168100385E-003
  -3.2101361049782567E-003
  -3.5859455058007347E-003
  -4.0057434239440743E-003
  -4.4746778360931615E-003
  -4.9984990806696905E-003
  -5.5836303270827619E-003
  -6.2372462875225718E-003
  -6.9673611352146069E-003
  -7.7829267057541495E-003
  -8.6939421840179290E-003
  -9.7115766197411486E-003
  -1.0848305771873618E-002
  -1.2118064957208949E-002
  -1.3536419774660592E-002
  -1.5120756795333892E-002
  -1.6890496552889479E-002
  -1.8867331441598658E-002
  -2.1075491434293107E-002
  -2.3542040872836355E-002
  -2.6297209963955761E-002
  -2.9374765037919880E-002
  -3.2812422101819311E-002
  -3.6652308748907562E-002
  -4.0941480077058175E-002
  -4.5732494930127585E-002
  -5.1084059513957052E-002
  -5.7061746262921646E-002
  -6.3738796753414637E-002
  -7.1197018488691782E-002
  -7.9527786527657254E-002
  -8.8833162212484010E-002
  -9.9227142682096439E-002
 -0.11083705645800607     
 -0.12380512217532397     
 -0.13829018952680863     
 -0.15446968371591893     
 -0.17254177720325467     
 -0.19272781530988486     
 -0.21527502534483828     
 -0.24045954239038220     
 -0.26858978874998690     
 -0.30001024838735746     
 -0.33510568251341960     
 -0.37430583787065580     
 -0.41809070528655534     
 -0.46699639279373500     
 -0.52162168512563045     
 -0.58263536978529651     
 -0.65078441925321406     
 -0.72690312936249191     
 -0.81192332555421021     
 -0.90688576177456304     
  -1.0129528513482151     
  -1.1314228854368316     
  -1.2637459128667301     
  -1.4115414754069258     
  -1.5766184152462612     
  -1.7609969967325088     
  -1.9669336127063004     
  -2.1969483773335008     
  -2.4538559425965141     
  -2.7407999149782700     
  -3.0612912928427609     
  -3.4192513941195544     
  -3.8190597987358426     
  -4.2656078914774325     
  -4.7643586593467253     
  -5.3214134738555954     
  -5.9435866739757817     
  -6.6384888607093790     
  -7.4146199205990406     
  -8.2814729142688908     
  -9.2496500987216042     
  -10.330992500232274     
  -11.538724620082050     
  -12.887616040081175     
  -14.394161901094359     
  -16.076784458116734     
  -17.956058172664505     
  -20.054961090476734     
  -22.399155573276008     
  -25.017301811515861     
  -27.941407945018824     
  -31.207221065056309     
  -34.854663870184709     
  -38.928322305110683     
  -43.477990133800731     
  -48.559277092555853     
  -54.234288044305536     
  -60.572381421387028     
  -67.651016211118844     
  -75.556697818335323     
  -84.386034344879079     
  -94.246916172540907     
  -105.25983323949853     
  -117.55934607925009     
  -131.29572856582161     
  -146.63680240248223     
  -163.76998572882991     
  -182.90458083138057     
  -204.27432885750005     
  -228.14026268715079     
  -254.79389275112490     
  -284.56076464244603     
  -317.80443189886421     
  -354.93089239400138     
  -396.39354242434035     
  -442.69870888765240     
  -494.41182699243768     
  -552.16433880323609     
  -616.66139670900486     
  -688.69046570802755     
  -769.13092935238410     
  -858.96481642110314     
  -959.28877904253841     
  -1071.3274682293566     
  -1196.4484698092763     
  -1336.1789827384207     
  -1492.2244430030564     
  -1666.4893200077067     
  -1861.1003388013703     
  -2078.4324110306211     
  -2321.1375904879687     
  -2592.1774059471395     
  -2894.8589650917502     
  -3232.8752692501030     
  -3610.3502299048882     
  -4031.8889351755483     
  -4502.6337783688523     
  -5028.3271320366748     
  -5615.3813306363909     
  -6270.9568138270815     
  -7003.0493817348288     
  -7820.5876243900002     
  -8733.5417113257517     
  -9753.0448655347409     
  -10891.529000289607     
  -12162.876169617255     
  -13582.587675570938     
  -15167.972890204454     
  -16938.360089928887     
  -18915.331867636887     
  -21122.987986864817     
  -23588.238875959280     
  -26341.133332775287     
  -29415.224426382749     
  -32847.978046648248     
  -36681.229071029105     
  -40961.690696762511     
  -45741.523132882168     
  -51078.968567994722     
  -57039.060135257881     
  -63694.413495299144     
  -71126.110661815866     
  -79424.686815489593     
  -88691.232103234754     
  -99038.621816871077     
  -110592.88990501380     
  -123494.76251324317     
  -137901.37019157124     
  -153988.15957845640     
  -171951.02779345249     
  -192008.70547541237     
  -214405.41742280303     
  -239413.85316376149     
  -267338.48354690638     
  -298519.26364526822     
  -333335.76695595204     
  -372211.80111417978     
  -415620.56118565454     
  -464090.38312662172     
  -518211.16728567332     
  -578641.54995356267     
  -646116.91004563938     
  -721458.30813600647     
  -805582.46637597878     
  -899512.91045897210     
  -1004392.4088926300     
  -1121496.8605776194     
  -1252250.7992617865     
  -1398244.7030511112     
  -1561254.3190527169     
  -1743262.2376652721     
  -1946481.9783145126     
  -2173384.8788866773     
  -2426730.1151092830     
  -2709598.2140784408     
  -3025428.4684944474     
  -3378060.7054554471     
  -3771781.9164451575     
  -4211378.3140738737     
  -4702193.4469055077     
  -5250193.0771233346     
  -5862037.6077419464     
  -6545162.9375545075     
  -7307870.7241195617     
  -8159429.1490761098     
  -9110185.4073082991     
  -10171691.283501139     
  -11356843.338154089     
  -12680039.402067518     
  -14157353.275828186     
  -15806729.751282221     
  -17648202.318064056     
  -19704136.192922272     
  -21999499.616169453     
  -24562166.701789550     
  -27423255.509698961     
  -30617505.434994020     
  -34183698.484880358     
  -38165129.545119092     
  -42610131.330660164     
  -47572660.376826540     
  -53112951.165959641     
  -59298246.308758356     
  -66203611.619598210     
  -73912845.952017933     
  -82519496.806708664     
  -92127994.003579319     
  -102854915.13724579     
  -114830398.12884262     
  -128199717.96562074     
  -143125046.70484671     
  -159787418.03401732     
  -178388920.15208942     
  -199155143.49614063     
  -222337912.91792491     
  -248218337.35233200     
  -277110213.85627747     
  -309363827.17832243     
  -345370190.79800355     
  -385565780.70707601     
  -430437819.15696770     
  -480530172.23948050     
  -536449932.58125639     
  -598874766.70614302     
  -668561115.85308206     
  -746353349.34181392     
  -833193981.07875562     
  -930135072.62945843     
  -1038350960.6067580     
  -1159152462.1076748     
  -1294002729.7698975     
  -1444534947.9251680     
  -1612572083.5419102     
  -1800148930.4405451     
  -2009536712.9307268     
  -2243270545.8933473     
  -2504180082.7833700     
  -2795423721.4771638     
  -3120526780.7928748     
  -3483424108.3909745     
  -3888507634.1906829     
  -4340679443.0595598     
  -4845411007.0655537     
  -5408809291.8237953     
  -6037690534.3175888     
  -6739662582.0210190     
  -7523216786.3113356     
  -8397830558.2735176     
  -9374081823.4514618     
  -10463776755.434618     
  -11680092328.108952     
  -13037735404.869473     
  -14553120282.233624     
  -16244566827.503815     
  -18132521598.073921     
  -20239804606.637806     
  -22591884705.262047     
  -25217186905.738480     
  -28147435337.972515     
  -31418035977.006596     
  -35068503747.774628     
  -39142939150.578255     
  -43690560145.979706     
  -48766295702.469933     
  -54431448151.872704     
  -60754432324.886421     
  -67811600362.375130     
  -75688162128.075439     
  -84479212297.646561     
  -94290876481.240738     
  -105241590167.39316     
  -117463525872.18021     
  -131104185658.41289     
  -146328178176.47177     
  -163319201595.06799     
  -182282256263.30582     
  -203446113704.56339     
  -227066071620.96948     
  -253427028021.51517     
  -282846911418.24939     
  -315680508309.46265     
  -352323733937.45917     
  -393218397628.56879     
  -438857519958.15735     
  -489791265604.62097     
  -546633563142.95514     
  -610069491268.89844     
  -680863520137.47046     
  -759868706754.97253     
  -848036954803.89026     
  -946430462042.49231     
  -1056234492657.9197     
  -1178771627833.4695     
  -1315517665507.5176     
  -1468119360064.9163     
  -1638414214748.0264     
  -1828452564167.2854     
  -2040522211724.3325     
  -2277175917361.9727     
  -2541262065190.3105     
  -2835958878614.9927     
  -3164812593066.4487     
  -3531780043805.5645     
  -3941276179127.0503     
  -4398227068227.8047     
  -4908129038757.4805     
  -5477114652406.9492     
  -6112026308692.6348     
  -6820498358336.8018     
  -7611048709414.2383     
  -8493181022948.4658     
  -9477498721249.1602     
  -10575832173496.775     
  -11801380580583.988     
  -13168870256893.844     
  -14694731202625.504     
  -16397294078804.643     
  -18297009940840.770     
  -20416695358321.520     
  -22781805851901.602     
  -25420740916262.512     
  -28365184275213.469     
  -31650483435564.605     
  -35316073075434.820     
  -39405947325741.984     
  -43969186586985.383     
  -49060545174010.445     
  -54741106806981.352     
  -61079015775907.945     
  -68150292508398.586     
  -76039743276569.266     
  -84841974901191.062     
  -94662526562538.766     
  -105619132222883.38     
  -117843128721726.81     
  -131481026340194.12     
  -146696260566082.84     
  -163671145948899.16     
  -182609055340400.28     
  -203736850499273.84     
  -227307593030453.97     
  -253603567965703.34     
  -282939656012049.56     
  -315667094642575.12     
  -352177672829107.31     
  -392908409373369.62     
  -438346770543267.50     
  -489036489132332.31     
  -545584054208900.81     
  -608665948792053.50     
  -679036721578063.88     
  -757537988749364.62     
  -845108472945110.12     
  -942795198789075.50     
  -1051765978102632.4     
  -1173323333240361.0     
  -1308920024054583.2     
  -1460176363024636.2     
  -1628899524302009.8     
  -1817105076074399.8     
  -2027040992019781.0     
  -2261214427017412.0     
  -2522421575053474.0     
  -2813780963791949.0     
  -3138770581007744.0     
  -3501269273479774.0     
  -3905602909552671.5     
  -4356595852994229.0     
  -4859628358667198.0     
  -5420700570640638.0     
  -6046503881514186.0     
  -6744500498840057.0     
  -7523012161628777.0     
  -8391319058160228.0     
  -9359770116966494.0     
  -10439905977328492.     
  -11644596095517964.     
  -12988191610084862.     
  -14486695775703884.     
  -16157953982644328.     
  -18021865610256012.     
  -20100620220691996.     
  -22418960886447580.     
  -25004477765562844.     
  -27887935395276916.     
  -31103637572730204.     
  -34689834134658464.     
  -38689174442117328.     
  -43149212926917528.     
  -48122972670103456.     
  -53669573666671408.     
  -59854933192821552.     
  -66752546541306288.     
  -74444357336836416.     
  -83021727698126656.     
  -92586519688362928.     
  -1.0325230080542326E+017
  -1.1514568772241710E+017
  -1.2840784411511253E+017
  -1.4319615022462574E+017
  -1.5968606382255757E+017
  -1.7807319449518880E+017
  -1.9857561566970122E+017
  -2.2143644159797270E+017
  -2.4692669962494333E+017
  -2.7534853153522019E+017
  -3.0703876163397178E+017
  -3.4237287352136282E+017
  -3.8176944231402938E+017
  -4.2569507440833498E+017
  -4.7466991283070310E+017
  -5.2927377284957466E+017
  -5.9015297990879027E+017
  -6.5802799016951245E+017
  -7.3370188311304538E+017
  -8.1806982586682202E+017
  -9.1212962028930202E+017
  -1.0169934565189194E+018
  -1.1339010108049757E+018
  -1.2642340411586248E+018
  -1.4095326518726520E+018
  -1.5715134174631163E+018
  -1.7520895783107748E+018
  -1.9533935444778409E+018
  -2.1778019711270454E+018
  -2.4279636989879772E+018
  -2.7068308867485947E+018
  -3.0176936994853688E+018
  -3.3642189587155205E+018
  -3.7504932058398049E+018
  -4.1810706821794744E+018
  -4.6610267860920033E+018
  -5.1960176314400686E+018
  -5.7923464027253719E+018
  -6.4570372813048576E+018
  -7.1979178051965266E+018
  -8.0237106230735022E+018
  -8.9441357122716938E+018
  -9.9700242522598523E+018
  -1.1113445480444961E+019
  -1.2387848007973859E+019
  -1.3808217241082763E+019
  -1.5391250740475984E+019
  -1.7155553559338111E+019
  -1.9121855832297570E+019
  -2.1313255145632580E+019
  -2.3755486506211979E+019
  -2.6477223046397858E+019
  -2.9510410958081180E+019
  -3.2890642545267384E+019
  -3.6657571725728883E+019
  -4.0855376803261096E+019
  -4.5533275878655279E+019
  -5.0746100875904786E+019
  -5.6554936837370814E+019
  -6.3027833895409369E+019
  -7.0240600166941778E+019
  -7.8277684751241789E+019
  -8.7233161050503004E+019
  -9.7211821789429154E+019
  -1.0833039839738429E+020
  -1.2071891884925865E+020
  -1.3452221965551755E+020
  -1.4990162946610233E+020
  -1.6703684372719075E+020
  -1.8612801202681607E+020
  -2.0739806221002827E+020
  -2.3109528806451108E+020
  -2.5749623040431247E+020
  -2.8690888474704953E+020
  -3.1967627252690833E+020
  -3.5618041695456933E+020
  -3.9684676927319920E+020
  -4.4214913631952221E+020
  -4.9261516603926479E+020
  -5.4883245399203827E+020
  -6.1145534098437072E+020
  -6.8121247987155914E+020
  -7.5891525835873570E+020
  -8.4546717440844956E+020
  -9.4187427173668199E+020
  -1.0492567549743886E+021
  -1.1688619175239482E+021
  -1.3020785301010674E+021
  -1.4504528545914324E+021
  -1.6157064663551718E+021
  -1.7997560886893517E+021
  -2.0047356660407937E+021
  -2.2330209280057504E+021
  -2.4872567244452953E+021
  -2.7703874435033360E+021
  -3.0856908592908657E+021
  -3.4368157948875878E+021
  -3.8278240295459928E+021
  -4.2632369270473443E+021
  -4.7480873155914419E+021
  -5.2879772089996898E+021
  -5.8891420250372886E+021
  -6.5585220300520586E+021
  -7.3038418207028302E+021
  -8.1336987442183217E+021
  -9.0576612593972659E+021
  -1.0086378352553004E+022
  -1.1231701247065416E+022
  -1.2506818783511705E+022
  -1.3926408001039607E+022
  -1.5506801621425350E+022
  -1.7266174327015313E+022
  -1.9224749934584059E+022
  -2.1405031801382582E+022
  -2.3832059059885662E+022
  -2.6533691566847234E+022
  -2.9540926773423331E+022
  -3.2888252079859904E+022
  -3.6614036634490653E+022
  -4.0760966976902544E+022
  -4.5376531413933887E+022
  -5.0513558560032088E+022
  -5.6230816076360675E+022
  -6.2593676312504504E+022
  -6.9674856297994165E+022
  -7.7555240356270876E+022
  -8.6324794530142225E+022
  -9.6083583025217339E+022
  -1.0694289800732741E+023
  -1.1902651534380588E+023
  -1.3247209027032924E+023
  -1.4743270850989233E+023
  -1.6407861008513259E+023
  -1.8259910496816587E+023
  -2.0320470182389794E+023
  -2.2612947344620228E+023
  -2.5163368508664412E+023
  -2.8000671476054101E+023
  -3.1157029781606963E+023
  -3.4668213160317631E+023
  -3.8573988001825592E+023
  -4.2918562207004018E+023
  -4.7751079345853997E+023
  -5.3126167553387003E+023
  -5.9104549196256095E+023
  -6.5753718003886575E+023
  -7.3148691090772999E+023
  -8.1372844109212583E+023
  -9.0518838672629151E+023
  -1.0068965218831384E+024
  -1.1199972134539334E+024
  -1.2457621173077551E+024
  -1.3856042740559761E+024
  -1.5410937578156268E+024
  -1.7139750480625671E+024
  -1.9061863131652095E+024
  -2.1198808146848424E+024
  -2.3574506642324961E+024
  -2.6215531898203134E+024
  -2.9151401964979159E+024
  -3.2414904369090320E+024
  -3.6042456415586376E+024
  -4.0074504963972932E+024
  -4.4555969971953158E+024
  -4.9536736565234252E+024
  -5.5072200904518045E+024
  -6.1223875688486297E+024
  -6.8060061759788477E+024
  -7.5656592976108182E+024
  -8.4097662277350603E+024
  -9.3476737730604902E+024
  -1.0389757827534419E+025
  -1.1547535993175750E+025
  -1.2833792438555974E+025
  -1.4262716313455798E+025
  -1.5850055178829237E+025
  -1.7613285066614019E+025
  -1.9571798955669920E+025
  -2.1747115639893940E+025
  -2.4163111174212419E+025
  -2.6846275315731928E+025
  -2.9825995633095491E+025
  -3.3134872239516834E+025
  -3.6809066416778566E+025
  -4.0888686741677802E+025
  -4.5418216706279807E+025
  -5.0446988242517032E+025
  -5.6029706024125376E+025
  -6.2227027929009664E+025
  -6.9106207607671125E+025
  -7.6741805723574031E+025
  -8.5216477115048975E+025
  -9.4621841881856261E+025
  -1.0505944922980491E+026
  -1.1664184382143980E+026
  -1.2949374538810031E+026
  -1.4375335346773040E+026
  -1.5957379035365204E+026
  -1.7712469668301063E+026
  -1.9659399557167171E+026
  -2.1818984282802363E+026
  -2.4214278256562065E+026
  -2.6870812949940581E+026
  -2.9816860136928189E+026
  -3.3083722730648007E+026
  -3.6706056056257347E+026
  -4.0722222687991863E+026
  -4.5174684291951215E+026
  -5.0110434260350530E+026
  -5.5581475300288578E+026
  -6.1645346553645735E+026
  -6.8365705277806193E+026
  -7.5812968613054490E+026
  -8.4065021505566731E+026
  -9.3207997449047927E+026
  -1.0333713935772704E+027
  -1.1455774859342015E+027
  -1.2698623094487981E+027
  -1.4075124920420777E+027
  -1.5599499290866203E+027
  -1.7287457682307778E+027
  -1.9156358083512146E+027
  -2.1225374512989827E+027
  -2.3515683580968350E+027
  -2.6050669753682058E+027
  -2.8856151131164508E+027
  -3.1960627716159985E+027
  -3.5395554332186001E+027
  -3.9195640544152096E+027
  -4.3399180146280136E+027
  -4.8048413010412465E+027
  -5.3189922334194333E+027
  -5.8875070594142214E+027
  -6.5160477794326739E+027
  -7.2108545908356346E+027
  -7.9788033741558859E+027
  -8.8274686792675631E+027
  -9.7651927070873289E+027
  -1.0801160822518261E+028
  -1.1945484177017374E+028
  -1.3209290064413548E+028
  -1.4604820681433668E+028
  -1.6145541014786255E+028
  -1.7846256629535706E+028
  -1.9723242188757136E+028
  -2.1794381591907297E+028
  -2.4079320678720340E+028
  -2.6599633506383317E+028
  -2.9379003269799069E+028
  -3.2443418997303622E+028
  -3.5821389216512395E+028
  -3.9544173846078225E+028
  -4.3646035627884722E+028
  -4.8164512469140554E+028
  -5.3140712113244925E+028
  -5.8619630600061992E+028
  -6.4650496007850898E+028
  -7.1287138987531800E+028
  -7.8588391601635833E+028
  -8.6618515960926228E+028
  -9.5447664106246580E+028
  -1.0515237050570319E+029
  -1.1581607842082231E+029
  -1.2752970123162377E+029
  -1.4039221958999332E+029
  -1.5451131498206036E+029
  -1.7000403991035264E+029
  -1.8699752443998878E+029
  -2.0562971827225316E+029
  -2.2605016679285311E+029
  -2.4842081866692221E+029
  -2.7291686149050756E+029
  -2.9972758072652971E+029
  -3.2905723561462033E+029
  -3.6112594390555025E+029
  -3.9617056508215946E+029
  -4.3444556913205325E+029
  -4.7622387486620723E+029
  -5.2179763815519593E+029
  -5.7147896619245235E+029
  -6.2560052888975175E+029
  -6.8451603264648879E+029
  -7.4860051487601236E+029
  -8.1825040966366395E+029
  -8.9388332559312244E+029
  -9.7593746590425451E+029
  -1.0648706085000018E+030
  -1.1611585486295366E+030
  -1.2652928900268165E+030
  -1.3777780505176498E+030
  -1.4991273252104019E+030
  -1.6298578238793721E+030
  -1.7704840684879728E+030
  -1.9215100013511267E+030
  -2.0834191134776992E+030
  -2.2566623553297063E+030
  -2.4416434376242310E+030
  -2.6387010667789422E+030
  -2.8480875868860038E+030
  -3.0699434162190470E+030
  -3.3042665695333480E+030
  -3.5508764458460297E+030
  -3.8093709327094569E+030
  -4.0790757295883280E+030
  -4.3589846217739843E+030
  -4.6476892387869165E+030
  -4.9432966033315394E+030
  -5.2433325138134240E+030
  -5.5446284996698278E+030
  -5.8431897378537909E+030
  -6.1340409132456619E+030
  -6.4110465368087553E+030
  -6.6667016928031314E+030
  -6.8918885585570977E+030
  -7.0755933136295970E+030
  -7.2045772143146992E+030
  -7.2629946374232295E+030
  -7.2319497767448226E+030
  -7.0889823919808342E+030
  -6.8074715608555621E+030
  -6.3559448082655628E+030
  -5.6972784517331023E+030
  -4.7877741718386973E+030
  -3.5760996627583916E+030
  -2.0021080400705611E+030
  -1.8181131216193986E+026
