   0.0000000000000000     
  -1.1011010049952404E-016
  -2.2213512972496329E-016
  -3.3802327374499534E-016
  -4.5978985066935582E-016
  -5.8955235511224520E-016
  -7.2956727771130107E-016
  -8.8226933986853491E-016
  -1.0503138258293963E-015
  -1.2366227480234036E-015
  -1.4444356481889732E-015
  -1.6773659173529185E-015
  -1.9394636136306983E-015
  -2.2352858697227060E-015
  -2.5699761138661571E-015
  -2.9493534811526022E-015
  -3.3800139691983942E-015
  -3.8694450962359272E-015
  -4.4261560543225358E-015
  -5.0598256196178608E-015
  -5.7814703902368219E-015
  -6.6036362754045697E-015
  -7.5406165636581780E-015
  -8.6087003596760665E-015
  -9.8264557069933039E-015
  -1.1215052316545606E-014
  -1.2798629509146824E-014
  -1.4604715765598037E-014
  -1.6664707174797932E-014
  -1.9014413093549639E-014
  -2.1694678499514608E-014
  -2.4752093851233752E-014
  -2.8239804789464695E-014
  -3.2218435748680147E-014
  -3.6757143526564467E-014
  -4.1934819117107829E-014
  -4.7841458688644733E-014
  -5.4579727526653800E-014
  -6.2266744113365461E-014
  -7.1036115340435541E-014
  -8.1040258213555090E-014
  -9.2453048384648028E-014
  -1.0547284152469232E-013
  -1.2032592002678798E-013
  -1.3727042491736325E-013
  -1.5660084128166929E-013
  -1.7865311512433029E-013
  -2.0381049055365918E-013
  -2.3251016869018519E-013
  -2.6525090397264154E-013
  -3.0260166981637980E-013
  -3.4521154415254321E-013
  -3.9382098656386580E-013
  -4.4927470290257480E-013
  -5.1253632084724470E-013
  -5.8470513130733270E-013
  -6.6703518646262070E-013
  -7.6095708615288513E-013
  -8.6810283102143140E-013
  -9.9033417407530585E-013
  -1.1297749630797532E-012
  -1.2888480355096356E-012
  -1.4703173068393553E-012
  -1.6773357831379065E-012
  -1.9135003318127464E-012
  -2.1829141617012909E-012
  -2.4902580975793412E-012
  -2.8408718868657375E-012
  -3.2408469505030237E-012
  -3.6971321887090384E-012
  -4.2176546789737048E-012
  -4.8114573622538741E-012
  -5.4888561082855692E-012
  -6.2616188874075520E-012
  -7.1431701601135506E-012
  -8.1488240333851213E-012
  -9.2960502323028479E-012
  -1.0604777505159569E-011
  -1.2097739730194459E-011
  -1.3800870733411153E-011
  -1.5743754672604157E-011
  -1.7960139807372853E-011
  -2.0488524575294361E-011
  -2.3372826149653305E-011
  -2.6663143085973282E-011
  -3.0416625297911373E-011
  -3.4698466466209546E-011
  -3.9583036109678897E-011
  -4.5155170971507163E-011
  -5.1511648139598270E-011
  -5.8762865474165045E-011
  -6.7034758514143577E-011
  -7.6470987138623092E-011
  -8.7235429941614037E-011
  -9.9515029619357431E-011
  -1.1352303876168310E-010
  -1.2950272238836993E-010
  -1.4773158149862682E-010
  -1.6852617094424751E-010
  -1.9224759525158951E-010
  -2.1930777778324946E-010
  -2.5017661205129693E-010
  -2.8539011930303437E-010
  -3.2555975396308516E-010
  -3.7138301843514093E-010
  -4.2365557148850554E-010
  -4.8328504037285799E-010
  -5.5130677636904961E-010
  -6.2890182720714848E-010
  -7.1741743825036614E-010
  -8.1839043822225589E-010
  -9.3357391530584412E-010
  -1.0649676465353509E-009
  -1.2148528085242481E-009
  -1.3858315718572049E-009
  -1.5808722662065097E-009
  -1.8033608998855732E-009
  -2.0571599277995476E-009
  -2.3466752875081957E-009
  -2.6769328665600341E-009
  -3.0536657278774306E-009
  -3.4834136066075419E-009
  -3.9736364047406759E-009
  -4.5328436526279765E-009
  -5.1707421835156926E-009
  -5.8984045831572859E-009
  -6.7284613369464999E-009
  -7.6753200080839306E-009
  -8.7554152491752336E-009
  -9.9874939844919408E-009
  -1.1392940710180395E-008
  -1.2996148555559401E-008
  -1.4824942542368911E-008
  -1.6911062384183743E-008
  -1.9290713200886250E-008
  -2.2005193701005916E-008
  -2.5101612728305915E-008
  -2.8633706601522280E-008
  -3.2662771424211778E-008
  -3.7258726535547455E-008
  -4.2501327547185143E-008
  -4.8481550005439698E-008
  -5.5303167676930447E-008
  -6.3084552830878138E-008
  -7.1960729740871623E-008
  -8.2085717019906787E-008
  -9.3635199410954325E-008
  -1.0680957536805779E-007
  -1.2183743327902903E-007
  -1.3897951661314688E-007
  -1.5853324675470887E-007
  -1.8083788195278246E-007
  -2.0628040184665474E-007
  -2.3530221960645838E-007
  -2.6840683807730067E-007
  -3.0616858268164091E-007
  -3.4924256250231187E-007
  -3.9837603226100368E-007
  -4.5442135219324908E-007
  -5.1835077052186718E-007
  -5.9127328482651466E-007
  -6.7445387464501276E-007
  -7.6933543874700302E-007
  -8.7756381740455925E-007
  -1.0010163334600984E-006
  -1.1418343469859744E-006
  -1.3024603878994048E-006
  -1.4856805102464049E-006
  -1.6946726023740929E-006
  -1.9330614904403432E-006
  -2.2049817904519131E-006
  -2.5151495983169470E-006
  -2.8689442605719609E-006
  -3.2725016431509092E-006
  -3.7328205148316010E-006
  -4.2578838892749069E-006
  -4.8567974288024149E-006
  -5.5399473087294345E-006
  -6.3191802783047373E-006
  -7.2080090389481706E-006
  -8.2218464991855985E-006
  -9.3782729660569986E-006
  -1.0697340903485855E-005
  -1.2201922539032011E-005
  -1.3918106342881218E-005
  -1.5875649249712467E-005
  -1.8108492459896081E-005
  -2.0655349758039660E-005
  -2.3560378543294626E-005
  -2.6873945198823641E-005
  -3.0653498062227013E-005
  -3.4964563122840417E-005
  -3.9881879697930508E-005
  -4.5490695764749633E-005
  -5.1888245391160803E-005
  -5.9185433862003714E-005
  -6.7508759696169245E-005
  -7.7002506852783776E-005
  -8.7831245105031628E-005
  -1.0018268189800568E-004
  -1.1427091509499742E-004
  -1.3034014296023442E-004
  -1.4866889564547049E-004
  -1.6957486148014747E-004
  -1.9342039166646665E-004
  -2.2061877872997960E-004
  -2.5164141747665691E-004
  -2.8702597249080582E-004
  -3.2738569363927706E-004
  -3.7342004092788983E-004
  -4.2592680273006452E-004
  -4.8581591726780431E-004
  -5.5412523671905043E-004
  -6.3203850696360328E-004
  -7.2090587434451355E-004
  -8.2226727457717155E-004
  -9.3787910884161278E-004
  -1.0697446690085654E-003
  -1.2201488388615667E-003
  -1.3916976722095553E-003
  -1.5873635332179737E-003
  -1.8105365805828725E-003
  -2.0650834869983341E-003
  -2.3554144106233636E-003
  -2.6865593781078326E-003
  -3.0642554016602143E-003
  -3.4950458384520218E-003
  -3.9863937125703955E-003
  -4.5468109614181353E-003
  -5.1860058441016476E-003
  -5.9150510637111719E-003
  -6.7465755139234987E-003
  -7.6949829692485256E-003
  -8.7767015045717416E-003
  -1.0010467961483274E-002
  -1.1417652385431595E-002
  -1.3022628049489868E-002
  -1.4853193469442276E-002
  -1.6941053714634498E-002
  -1.9322369345151181E-002
  -2.2038382476134058E-002
  -2.5136130804680676E-002
  -2.8669261956850850E-002
  -3.2698962248184249E-002
  -3.7295015930822691E-002
  -4.2537013258075872E-002
  -4.8515728272119266E-002
  -5.5334690157000342E-002
  -6.3111975348040791E-002
  -7.1982251407975081E-002
  -8.2099108035810359E-002
  -9.3637715541752500E-002
 -0.10679785678652115     
 -0.12180738504393200     
 -0.13892616761347742     
 -0.15845058341218701     
 -0.18071865235758858     
 -0.20611588528180802     
 -0.23508195557969236     
 -0.26811830800679826     
 -0.30579683625188553     
 -0.34876977939343112     
 -0.39778100843019576     
 -0.45367889811648487     
 -0.51743100674903597     
 -0.59014081781838512     
 -0.67306683309359716     
 -0.76764434737172649     
 -0.87551028149519450     
 -0.99853150312294581     
  -1.1388371250488485     
  -1.2988553396356817     
  -1.4813554263638846     
  -1.6894956589365477     
  -1.9268779403817184     
  -2.1976101109126982     
  -2.5063770059568702     
  -2.8585214930359859     
  -3.2601368886898854     
  -3.7181723533622928     
  -4.2405530865109133     
  -4.8363174000411373     
  -5.5157730399135962     
  -6.2906754584816111     
  -7.1744311195235415     
  -8.1823293506022541     
  -9.3318067507843647     
  -10.642748724409701     
  -12.137833353236541     
  -13.842923550985180     
  -15.787514278700765     
  -18.005242550869475     
  -20.534469047286183     
  -23.418941383028674     
  -26.708550499915674     
  -30.460193251884309     
  -34.738756091607918     
  -39.618236858077218     
  -45.183024050923336     
  -51.529355698176829     
  -58.766983026920435     
  -67.021067684486098     
  -76.434345292566860     
  -87.169592717531174     
  -99.412441686786693     
  -113.37458736383128     
  -129.29744731695155     
  -147.45633409617261     
  -168.16521350434385     
  -191.78213076432030     
  -218.71539831970992     
  -249.43065216074677     
  -284.45889856659068     
  -324.40569025967784     
  -369.96159047189985     
  -421.91410566303256     
  -481.16129299286206     
  -548.72727756758229     
  -625.77994745740602     
  -713.65113208506114     
  -813.85961246290219     
  -928.13736064972477     
  -1058.4594615507883     
  -1207.0782337581238     
  -1376.5621386199550     
  -1569.8401493888593     
  -1790.2523465544446     
  -2041.6076129441392     
  -2328.2494247295558     
  -2655.1308742202423     
  -3027.9002196724127     
  -3452.9984390364548     
  -3937.7704717481633     
  -4490.5920689087607     
  -5121.0144415730074     
  -5839.9292040196560     
  -6659.7564591122818     
  -7594.6592722120258     
  -8660.7882354650592     
  -9876.5603435101093     
  -11262.976993690267     
  -12843.986598918393     
  -14646.898071078858     
  -16702.852310523554     
  -19047.359837972144     
  -21720.913846211526     
  -24769.689250083189     
  -28246.339796783413     
  -32210.906990058273     
  -36731.856510617858     
  -41887.260014273634     
  -47766.142696833245     
  -54470.019873895537     
  -62114.649083662058     
  -70832.027937914361     
  -80772.672184471143     
  -92108.213276785827     
  -105034.36025616486     
  -119774.27703434194     
  -136582.43332710749     
  -155748.99565681032     
  -177604.83415356887     
  -202527.23150242137     
  -230946.39248937008     
  -263352.86640192807     
  -300306.01027719514     
  -342443.63893381867     
  -390493.02818260138     
  -445283.46093645983     
  -507760.53253578744     
  -579002.46192819637     
  -660238.68991447042     
  -752871.08509090799     
  -858498.12306107488     
  -978942.45573142869     
  -1116282.3459279321     
  -1272887.5091808420     
  -1451459.9804695793     
  -1655080.7103068342     
  -1887262.6932620197     
  -2152011.5445788540     
  -2453894.5688684303     
  -2798119.5111672780     
  -3190624.3474588669     
  -3638179.6619387893     
  -4148505.3751328951     
  -4730403.8341869339     
  -5393911.5584916202     
  -6150472.2551405067     
  -7013134.0850710487     
  -7996774.5784180071     
  -9118357.0738023743     
  -10397223.099184403     
  -11855425.730870420     
  -13518109.672932394     
  -15413944.603821371     
  -17575619.254175842     
  -20040404.725527886     
  -22850796.751787502     
  -26055247.964552734     
  -29709002.772835862     
  -33875049.234374933     
  -38625204.309708066     
  -44041351.186274976     
  -50216849.977475040     
  -57258146.085884705     
  -65286603.922053248     
  -74440597.548976064     
  -84877894.244202361     
  -96778372.012621954     
  -110347117.82999480     
  -125817959.94907036     
  -143457495.06936529     
  -163569679.68676871     
  -186501064.64654446     
  -212646762.98991656     
  -242457253.80053335     
  -276446139.13961780     
  -315198987.55479467     
  -359383416.33931410     
  -409760586.02698565     
  -467198304.89989495     
  -532685968.97844124     
  -607351594.53239894     
  -692481236.14015901     
  -789541124.34956646     
  -900202903.76290357     
  -1026372405.6843067     
  -1170222450.2464256     
  -1334230242.2188098     
  -1521220003.6838474     
  -1734411576.8041306     
  -1977475832.5448279     
  -2254597838.2193098     
  -2570548870.1059761     
  -2930768509.4301786     
  -3341458233.3290524     
  -3809688109.9960980     
  -4343518432.4300289     
  -4952138381.9569349     
  -5646024105.3655672     
  -6437118923.1184921     
  -7339038766.4061375     
  -8367306374.3265648     
  -9539618276.6448536     
  -10876149150.896955     
  -12399898784.725054     
  -14137087606.288542     
  -16117607579.952330     
  -18375536215.534523     
  -20949722523.524242     
  -23884454984.465370     
  -27230223009.353455     
  -31044584973.586578     
  -35393157737.302818     
  -40350744651.234993     
  -46002621425.318840     
  -52446001948.007011     
  -59791709234.079506     
  -68166080200.711494     
  -77713136986.085327     
  -88597062100.782501     
  -101005019918.05965     
  -115150372954.36697     
  -131276348168.08159     
  -149660216228.62762     
  -170618055512.40997     
  -194510182617.28442     
  -221747342625.71021     
  -252797765384.41797     
  -288195208928.92261     
  -328548128119.30328     
  -374550125859.75024     
  -426991866279.40967     
  -486774654333.25757     
  -554925914869.02039     
  -632616836789.53101     
  -721182485077.81152     
  -822144725781.07959     
  -937238357295.19751     
  -1068440896279.5304     
  -1218006529206.0146     
  -1388504811979.2932     
  -1582864781480.9280     
  -1804425235684.7595     
  -2056992044752.1160     
  -2344903476056.4277     
  -2673104653471.6538     
  -3047232427840.7959     
  -3473712114001.4800     
  -3959867753141.2852     
  -4514047791069.3232     
  -5145768327191.9404     
  -5865876390093.1055     
  -6686736038799.4336     
  -7622440479931.3340     
  -8689053836700.8721     
  -9904886713744.3613     
  -11290810280769.082     
  -12870614257858.863     
  -14671414937315.943     
  -16724120233986.373     
  -19063959732789.840     
  -21731088815366.094     
  -24771277216405.695     
  -28236693806058.430     
  -32186801042543.000     
  -36689374416903.844     
  -41821664351896.422     
  -47671720455834.688     
  -54339900811616.133     
  -61940592148583.586     
  -70604170354554.906     
  -80479234898975.781     
  -91735155426063.734     
  -104564974119163.36     
  -119188713525657.64     
  -135857146469751.27     
  -154856092586858.19     
  -176511315023321.41     
  -201194101112765.41     
  -229327622540998.41     
  -261394183844992.56     
  -297943483285915.00     
  -339602027451072.12     
  -387083860670793.00     
  -441202792820791.38     
  -502886334702504.69     
  -573191579390958.75     
  -653323301210537.38     
  -744654581911860.50     
  -848750316825240.12     
  -967394002995620.88     
  -1102618267401080.8     
  -1256739657279661.2     
  -1432398287428773.8     
  -1632603022341150.2     
  -1860782965617993.0     
  -2120846136867893.2     
  -2417246339098471.0     
  -2755059359532129.0     
  -3140069806215498.0     
  -3578870064464509.5     
  -4078973064193125.0     
  -4648940785045076.0     
  -5298530695008169.0     
  -6038862624424009.0     
  -6882608926235479.0     
  -7844211170890677.0     
  -8940127077325170.0     
  -10189111897598620.     
  -11612539060867706.     
  -13234765552460996.     
  -15083548267306280.     
  -17190518446860776.     
  -19591722299836536.     
  -22328237036289212.     
  -25446872831292136.     
  -29000972700374272.     
  -33051323939137132.     
  -37667196682438040.     
  -42927527306653040.     
  -48922266868743528.     
  -55753917590220264.     
  -63539283600557552.     
  -72411465807762672.     
  -82522134925856112.     
  -94044121430831120.     
  -1.0717436661896278E+017
  -1.2213728509609322E+017
  -1.3918859603849085E+017
  -1.5861968855441427E+017
  -1.8076259557655274E+017
  -2.0599566108393920E+017
  -2.3474999726415530E+017
  -2.6751684168363792E+017
  -3.0485593986458438E+017
  -3.4740509613211302E+017
  -3.9589105549202861E+017
  -4.5114190196614579E+017
  -5.1410118463409376E+017
  -5.8584401204692186E+017
  -6.6759538918879194E+017
  -7.6075110933826125E+017
  -8.6690155666906163E+017
  -9.8785882497102656E+017
  -1.1256876143068475E+018
  -1.2827404317086935E+018
  -1.4616976952527498E+018
  -1.6656134242736548E+018
  -1.8979672935118871E+018
  -2.1627239372395446E+018
  -2.4644005127223572E+018
  -2.8081436728423020E+018
  -3.1998172577111547E+018
  -3.6461021973674455E+018
  -4.1546103252619264E+018
  -4.7340140387241564E+018
  -5.3941940119791708E+018
  -6.1464074741203169E+018
  -7.0034799139491000E+018
  -7.9800234716958771E+018
  -9.0926857310905641E+018
  -1.0360433141752941E+019
  -1.1804873890178537E+019
  -1.3450625707686605E+019
  -1.5325734866934905E+019
  -1.7462153487934097E+019
  -1.9896283264651383E+019
  -2.2669594851064689E+019
  -2.5829333430031565E+019
  -2.9429322451341812E+019
  -3.3530879191622828E+019
  -3.8203857686596780E+019
  -4.3527836747703198E+019
  -4.9593473236917281E+019
  -5.6504043577412354E+019
  -6.4377199671022141E+019
  -7.3346969030331572E+019
  -8.3566033075243975E+019
  -9.5208322261165736E+019
  -1.0847197207836798E+020
  -1.2358269008056757E+020
  -1.4079759106886065E+020
  -1.6040956549275674E+020
  -1.8275225516746700E+020
  -2.0820572069868398E+020
  -2.3720289672695081E+020
  -2.7023694445158121E+020
  -3.0786962609469463E+020
  -3.5074084327627771E+020
  -3.9957950098394468E+020
  -4.5521588126945896E+020
  -5.1859573636752055E+020
  -5.9079634004282704E+020
  -6.7304476912086548E+020
  -7.6673872490634438E+020
  -8.7347024717829466E+020
  -9.9505272239868805E+020
  -1.1335516435085581E+021
  -1.2913196421532041E+021
  -1.4710363864476560E+021
  -1.6757540196851070E+021
  -1.9089489090934436E+021
  -2.1745805804395831E+021
  -2.4771588357683984E+021
  -2.8218201898921057E+021
  -3.2144149187505255E+021
  -3.6616061920990320E+021
  -4.1709829671734697E+021
  -4.7511885524726637E+021
  -5.4120670155087995E+021
  -6.1648299097656572E+021
  -7.0222461392538734E+021
  -7.9988581697430938E+021
  -9.1112282405655334E+021
  -1.0378218737316796E+022
  -1.1821311462357493E+022
  -1.3464971196452546E+022
  -1.5337059692226451E+022
  -1.7469307090943221E+022
  -1.9897848722759793E+022
  -2.2663836353352656E+022
  -2.5814134195233866E+022
  -2.9402111431274805E+022
  -3.3488544624983386E+022
  -3.8142645244295595E+022
  -4.3443229634189561E+022
  -4.9480051173757697E+022
  -5.6355317085827297E+022
  -6.4185415477722366E+022
  -7.3102881732576355E+022
  -8.3258637401221222E+022
  -9.4824539332795515E+022
  -1.0799628200488525E+023
  -1.2299670195892988E+023
  -1.4007954001359345E+023
  -1.5953372463139969E+023
  -1.8168824858142277E+023
  -2.0691772102031652E+023
  -2.3564868847286356E+023
  -2.6836683112204796E+023
  -3.0562515553419783E+023
  -3.4805332169373201E+023
  -3.9636826128522519E+023
  -4.5138626585736429E+023
  -5.1403674819746107E+023
  -5.8537790835018778E+023
  -6.6661456770086857E+023
  -7.5911847094761150E+023
  -8.6445139721731580E+023
  -9.8439146873162400E+023
  -1.1209630990893203E+024
  -1.2764710842993447E+024
  -1.4535394091950699E+024
  -1.6551554209480953E+024
  -1.8847201114010134E+024
  -2.1461053523580000E+024
  -2.4437190445215477E+024
  -2.7825792733907631E+024
  -3.1683987163572046E+024
  -3.6076807169690069E+024
  -4.1078286377509751E+024
  -4.6772703253299040E+024
  -5.3255997746322831E+024
  -6.0637383668180326E+024
  -6.9041183831922724E+024
  -7.8608918700614015E+024
  -8.9501683535854427E+024
  -1.0190285386196264E+025
  -1.1602116455143393E+025
  -1.3209421408344337E+025
  -1.5039245263360391E+025
  -1.7122372073828675E+025
  -1.9493841447519097E+025
  -2.2193536356664727E+025
  -2.5266852071751938E+025
  -2.8765457404362471E+025
  -3.2748160985463250E+025
  -3.7281897058365422E+025
  -4.2442847259564366E+025
  -4.8317717128970383E+025
  -5.5005188671338067E+025
  -6.2617573225866771E+025
  -7.1282692239721833E+025
  -8.1146017339052694E+025
  -9.2373105410998534E+025
  -1.0515236932386057E+026
  -1.1969823050159822E+026
  -1.3625470592576628E+026
  -1.5509948936834845E+026
  -1.7654859488250575E+026
  -2.0096163993130959E+026
  -2.2874785617200686E+026
  -2.6037292801142758E+026
  -2.9636677280708028E+026
  -3.3733239223600334E+026
  -3.8395594214843588E+026
  -4.3701818846017175E+026
  -4.9740753965067561E+026
  -5.6613487260405524E+026
  -6.4435039828925362E+026
  -7.3336284761590975E+026
  -8.3466129628207266E+026
  -9.4993999118453240E+026
  -1.0811265907140226E+027
  -1.2304142878266696E+027
  -1.4002983491027070E+027
  -1.5936176761339538E+027
  -1.8136020787280450E+027
  -2.0639260439496101E+027
  -2.3487698924932834E+027
  -2.6728893360697869E+027
  -3.0416945883951014E+027
  -3.4613403402888565E+027
  -3.9388280889083317E+027
  -4.4821225152196356E+027
  -5.1002838357909791E+027
  -5.8036183186946666E+027
  -6.6038494530542034E+027
  -7.5143126024900123E+027
  -8.5501763599915040E+027
  -9.7286942619252572E+027
  -1.1069491019194428E+028
  -1.2594887992190916E+028
  -1.4330273282442312E+028
  -1.6304522548330795E+028
  -1.8550477486969943E+028
  -2.1105489872921952E+028
  -2.4012040122431535E+028
  -2.7318440576861839E+028
  -3.1079635091053260E+028
  -3.5358108094117865E+028
  -4.0224918087546479E+028
  -4.5760872587763039E+028
  -5.2057863840712175E+028
  -5.9220387272529293E+028
  -6.7367267635765720E+028
  -7.6633621213796444E+028
  -8.7173086312307990E+028
  -9.9160358659036417E+028
  -1.1279407332260955E+029
  -1.2830008042952103E+029
  -1.4593516839698379E+029
  -1.6599129571319146E+029
  -1.8880040060401487E+029
  -2.1473986736108327E+029
  -2.4423873882346217E+029
  -2.7778477667733432E+029
  -3.1593248506225528E+029
  -3.5931222867235108E+029
  -4.0864059437010655E+029
  -4.6473216557728086E+029
  -5.2851290169897155E+029
  -6.0103534094403404E+029
  -6.8349587454906996E+029
  -7.7725437407191857E+029
  -8.8385649163628113E+029
  -1.0050589963970700E+030
  -1.1428585597544187E+030
  -1.2995244577650601E+030
  -1.4776357226815750E+030
  -1.6801233476122068E+030
  -1.9103182300929263E+030
  -2.1720056332109346E+030
  -2.4694870483026573E+030
  -2.8076504628570288E+030
  -3.1920501730004162E+030
  -3.6289974339934208E+030
  -4.1256634169934441E+030
  -4.6901961387215150E+030
  -5.3318532557823137E+030
  -6.0611528708110627E+030
  -6.8900447874283926E+030
  -7.8321049797868008E+030
  -8.9027564155185633E+030
  -1.0119519794071899E+031
  -1.1502298242467833E+031
  -1.3073700555039014E+031
  -1.4859408181353055E+031
  -1.6888591867056356E+031
  -1.9194384646881803E+031
  -2.1814418790101585E+031
  -2.4791435320502534E+031
  -2.8173975891633436E+031
  -3.2017168111882255E+031
  -3.6383616903569619E+031
  -4.1344416169122590E+031
  -4.6980296952053608E+031
  -5.3382930450966104E+031
  -6.0656406705168925E+031
  -6.8918912559241404E+031
  -7.8304635674675879E+031
  -8.8965924938928424E+031
  -1.0107574168174395E+032
  -1.1483044070878036E+032
  -1.3045292537496848E+032
  -1.4819622682578224E+032
  -1.6834756422539108E+032
  -1.9123295037032803E+032
  -2.1722241567327145E+032
  -2.4673593322665942E+032
  -2.8025013867042087E+032
  -3.1830595106208170E+032
  -3.6151721507311795E+032
  -4.1058050083004724E+032
  -4.6628621582813433E+032
  -5.2953120384758948E+032
  -6.0133302901082981E+032
  -6.8284616938973589E+032
  -7.7538037430504821E+032
  -8.8042147310941535E+032
  -9.9965496132329214E+032
  -1.1349927330774780E+033
  -1.2886033775610607E+033
  -1.4629465123169723E+033
  -1.6608116886026183E+033
  -1.8853624745810594E+033
  -2.1401864018911220E+033
  -2.4293515513614570E+033
  -2.7574706556367424E+033
  -3.1297737118004510E+033
  -3.5521902274297726E+033
  -4.0314423708466835E+033
  -4.5751504628251033E+033
  -5.1919524351469724E+033
  -5.8916390939539924E+033
  -6.6853072659540659E+033
  -7.5855331767477888E+033
  -8.6065687168237397E+033
  -9.7645635966180725E+033
  -1.1077816782496137E+034
  -1.2567061046279255E+034
  -1.4255784958410375E+034
  -1.6170597216232065E+034
  -1.8341638832243843E+034
  -2.0803049421728305E+034
  -2.3593494635036014E+034
  -2.6756762688618284E+034
  -3.0342438973541437E+034
  -3.4406668875249209E+034
  -3.9013020240095586E+034
  -4.4233458390985274E+034
  -5.0149448246912450E+034
  -5.6853199962368125E+034
  -6.4449076598384427E+034
  -7.3055184696425589E+034
  -8.2805171281946198E+034
  -9.3850253812648611E+034
  -1.0636151294807256E+035
  -1.2053248179778748E+035
  -1.3658206955618836E+035
  -1.5475786220980154E+035
  -1.7533984837186669E+035
  -1.9864462433000272E+035
  -2.2503013916548537E+035
  -2.5490104840572813E+035
  -2.8871475320380530E+035
  -3.2698821161037247E+035
  -3.7030561923667021E+035
  -4.1932706863871928E+035
  -4.7479831023379447E+035
  -5.3756175265894187E+035
  -6.0856885738422690E+035
  -6.8889410130725248E+035
  -7.7975070220908893E+035
  -8.8250832559809620E+035
  -9.9871301788656170E+035
  -1.1301096403437536E+036
  -1.2786671111871755E+036
  -1.4466067998845839E+036
  -1.6364344586521924E+036
  -1.8509761216980435E+036
  -2.0934184534643432E+036
  -2.3673540835036722E+036
  -2.6768325282637236E+036
  -3.0264173695854307E+036
  -3.4212504368235382E+036
  -3.8671238249137180E+036
  -4.3705606752273981E+036
  -4.9389057505201372E+036
  -5.5804269505908364E+036
  -6.3044290423773452E+036
  -7.1213810181158802E+036
  -8.0430586489237242E+036
  -9.0827039697934386E+036
  -1.0255203616595258E+037
  -1.1577288137353309E+037
  -1.3067754619845282E+037
  -1.4747715216470850E+037
  -1.6640874406239754E+037
  -1.8773838113394671E+037
  -2.1176458103140984E+037
  -2.3882215397444351E+037
  -2.6928646797720354E+037
  -3.0357818965800829E+037
  -3.4216854898466284E+037
  -3.8558518031867301E+037
  -4.3441859627008630E+037
  -4.8932935511448050E+037
  -5.5105598679053616E+037
  -6.2042374670507738E+037
  -6.9835427061028061E+037
  -7.8587620753996637E+037
  -8.8413691101320129E+037
  -9.9441527119906567E+037
  -1.1181357721910222E+038
  -1.2568838585935000E+038
  -1.4124226938174774E+038
  -1.5867113882464564E+038
  -1.7819247680659433E+038
  -2.0004747441824028E+038
  -2.2450333242279953E+038
  -2.5185572878515579E+038
  -2.8243145147389815E+038
  -3.1659119141380818E+038
  -3.5473248517049388E+038
  -3.9729279013387122E+038
  -4.4475266627932873E+038
  -4.9763902759373914E+038
  -5.5652841243305188E+038
  -6.2205020478947463E+038
  -6.9488971690996232E+038
  -7.7579101697396330E+038
  -8.6555935244851668E+038
  -9.6506297887870886E+038
  -1.0752341535135431E+039
  -1.1970689911986868E+039
  -1.3316258038014086E+039
  -1.4800214508976335E+039
  -1.6434251146519902E+039
  -1.8230487709694386E+039
  -2.0201334561907005E+039
  -2.2359302165597741E+039
  -2.4716743674021544E+039
  -2.7285513692523013E+039
  -3.0076522351903300E+039
  -3.3099159001245884E+039
  -3.6360553871400660E+039
  -3.9864638713618987E+039
  -4.3610958342403555E+039
  -4.7593173782168637E+039
  -5.1797183797464167E+039
  -5.6198774298149365E+039
  -6.0760683594243479E+039
  -6.5428944637359214E+039
  -7.0128331834020950E+039
  -7.4756697972315250E+039
  -7.9177933992183005E+039
  -8.3213217838947303E+039
  -8.6630134745599330E+039
  -8.9129145253904810E+039
  -9.0326743158133452E+039
  -8.9734476116916460E+039
  -8.6732788981886216E+039
  -8.0538388221762036E+039
  -7.0163525148757813E+039
  -5.4365352904495156E+039
  -3.1584099486905381E+039
  -2.8681501978627949E+035
