   0.0000000000000000     
  -1.1011010049952404E-016
  -2.2361685231855647E-016
  -3.4402164021592362E-016
  -4.7503858439622734E-016
  -6.2070910571436704E-016
  -7.8552658374740671E-016
  -9.7457495263873881E-016
  -1.1936855093799998E-015
  -1.4496167707908651E-015
  -1.7502629262007651E-015
  -2.1048973146441559E-015
  -2.5244584354417565E-015
  -3.0218873126568768E-015
  -3.6125266175314730E-015
  -4.3145938574505900E-015
  -5.1497432239786312E-015
  -6.1437334264815671E-015
  -7.3272221060950379E-015
  -8.7367113280919802E-015
  -1.0415673309397642E-014
  -1.2415891095738088E-014
  -1.4799055531053481E-014
  -1.7638667764724669E-014
  -2.1022305963519537E-014
  -2.5054326125447714E-014
  -2.9859080278173194E-014
  -3.5584751297974329E-014
  -4.2407922598328480E-014
  -5.0539023596235231E-014
  -6.0228818867983677E-014
  -7.1776141086761477E-014
  -8.5537106184449991E-014
  -1.0193609488149604E-013
  -1.2147883919088333E-013
  -1.4476801740400954E-013
  -1.7252183840860669E-013
  -2.0559618835614258E-013
  -2.4501102252984580E-013
  -2.9198181615065841E-013
  -3.4795704383207644E-013
  -4.1466284326439979E-013
  -4.9415624020438475E-013
  -5.8888857579589811E-013
  -7.0178109178782983E-013
  -8.3631500404367985E-013
  -9.9663884140772200E-013
  -1.1876963592748759E-012
  -1.4153789715137897E-012
  -1.6867074002682855E-012
  -2.0100481439118651E-012
  -2.3953714368196308E-012
  -2.8545586537394335E-012
  -3.4017686358183422E-012
  -4.0538742317571718E-012
  -4.8309825121152010E-012
  -5.7570546941901539E-012
  -6.8606448886626627E-012
  -8.1757804420649985E-012
  -9.7430110140132553E-012
  -1.1610658729570342E-011
  -1.3836307945407457E-011
  -1.6488580554652699E-011
  -1.9649251557118184E-011
  -2.3415770110272122E-011
  -2.7904263775150390E-011
  -3.3253118565616892E-011
  -3.9627245158042914E-011
  -4.7223162768614980E-011
  -5.6275057408961450E-011
  -6.7062001264394102E-011
  -7.9916555728433551E-011
  -9.5235023275452218E-011
  -1.1348966417462690E-010
  -1.3524325460922544E-010
  -1.6116643493198806E-010
  -1.9205838278409447E-010
  -2.2887144828222207E-010
  -2.7274051059366063E-010
  -3.2501796073669558E-010
  -3.8731538884700954E-010
  -4.6155326078451476E-010
  -5.5002011518666305E-010
  -6.5544310549195341E-010
  -7.8107206110316823E-010
  -9.3077965850858053E-010
  -1.1091807896703916E-009
  -1.3217748066226592E-009
  -1.5751150262273362E-009
  -1.8770107191415394E-009
  -2.2367678081394250E-009
  -2.6654756938561136E-009
  -3.1763490475378988E-009
  -3.7851351042949621E-009
  -4.5105990088554104E-009
  -5.3751021711093660E-009
  -6.4052914549231693E-009
  -7.6329204391115171E-009
  -9.0958280593164110E-009
  -1.0839104789256969E-008
  -1.2916482298811753E-008
  -1.5391989412734882E-008
  -1.8341925399664812E-008
  -2.1857211399290070E-008
  -2.6046192447361522E-008
  -3.1037976442681483E-008
  -3.6986412945035675E-008
  -4.4074834408004987E-008
  -5.2521705943105873E-008
  -6.2587357705542911E-008
  -7.4582007349468931E-008
  -8.8875319749733412E-008
  -1.0590779855225250E-007
  -1.2620436055557128E-007
  -1.5039051118069967E-007
  -1.7921161942680915E-007
  -2.1355588620575970E-007
  -2.5448171374056636E-007
  -3.0325031930732606E-007
  -3.6136459817391863E-007
  -4.3061543311935370E-007
  -5.1313687733592284E-007
  -6.1147191088956168E-007
  -7.2865079666320332E-007
  -8.6828444986792050E-007
  -1.0346756977341966E-006
  -1.2329518571383184E-006
  -1.4692227146537060E-006
  -1.7507687760734507E-006
  -2.0862655849333248E-006
  -2.4860510206968002E-006
  -2.9624438112703979E-006
  -3.5301230721807947E-006
  -4.2065805646588170E-006
  -5.0126596049433489E-006
  -5.9731972263360888E-006
  -7.1177893761193277E-006
  -8.4817027193558350E-006
  -1.0106961137551144E-005
  -1.2043640391263274E-005
  -1.4351410827726924E-005
  -1.7101375654900057E-005
  -2.0378261407351617E-005
  -2.4283028077477075E-005
  -2.8935979311750488E-005
  -3.4480468474193590E-005
  -4.1087314732316585E-005
  -4.8960065189678632E-005
  -5.8341265147414335E-005
  -6.9519929627067962E-005
  -8.2840446285080980E-005
  -9.8713183934661937E-005
  -1.1762713342114699E-004
  -1.4016497018999843E-004
  -1.6702100246980621E-004
  -1.9902255786277857E-004
  -2.3715546702888300E-004
  -2.8259442932785316E-004
  -3.3673919563113029E-004
  -4.0125768266307995E-004
  -4.7813734669389072E-004
  -5.6974639875839240E-004
  -6.7890674664755049E-004
  -8.0898091004461903E-004
  -9.6397558547527422E-004
  -1.1486650504596474E-003
  -1.3687382071807871E-003
  -1.6309737939291119E-003
  -1.9434491599590118E-003
  -2.3157890329077594E-003
  -2.7594619393991071E-003
  -3.2881334067995189E-003
  -3.9180868224909099E-003
  -4.6687249102992222E-003
  -5.5631672660120396E-003
  -6.6289623516532347E-003
  -7.8989358724174709E-003
  -9.4122016594006003E-003
  -1.1215366184771288E-002
  -1.3363963797850768E-002
  -1.5924166874238095E-002
  -1.8974823534323167E-002
  -2.2609885672836245E-002
  -2.6941302057958551E-002
  -3.2102465576888901E-002
  -3.8252320765395323E-002
  -4.5580258086956975E-002
  -5.4311945648373168E-002
  -6.4716277898771254E-002
  -7.7113655246151089E-002
  -9.1885849498455283E-002
 -0.10948775885584347     
 -0.13046141435008854     
 -0.15545266893627652     
 -0.18523108302462618     
 -0.22071361863811748     
 -0.26299287162334878     
 -0.31337071103620934     
 -0.37339836127013792     
 -0.44492416081585301     
 -0.53015046784136965     
 -0.63170146433255914     
 -0.75270394600277846     
 -0.89688358488977815     
  -1.0686796278107451     
  -1.2733815612990549     
  -1.5172919497626833     
  -1.8079204591918239     
  -2.1542150385937524     
  -2.5668373749851017     
  -3.0584911004200692     
  -3.6443128531111659     
  -4.3423382291693962     
  -5.1740569663822056     
  -6.1650744476868544     
  -7.3458998840911915     
  -8.7528854354303043     
  -10.429345172491562     
  -12.426888318626476     
  -14.807007803296482     
  -17.642973016977752     
  -21.022085018232943     
  -25.048363597586185     
  -29.845748892300126     
  -35.561916080144194     
  -42.372820545939028     
  -50.488113392512460     
  -60.157593949283786     
  -71.678897840984234     
  -85.406657197749169     
  -101.76341488565798     
  -121.25262860735489     
  -144.47416502605867     
  -172.14276068133336     
  -205.11001774843984     
  -244.39061145313158     
  -291.19351553621300     
  -346.95920655336568     
  -413.40399174511208     
  -492.57282437797267     
  -586.90223158277433     
  -699.29529083217494     
  -833.21096187693411     
  -992.77052260140727     
  -1182.8843834479796     
  -1409.4031819829368     
  -1679.2978061160818     
  -2000.8738844180293     
  -2384.0273422750943     
  -2840.5488858942917     
  -3384.4867812748566     
  -4032.5790884900453     
  -4804.7686481268220     
  -5724.8166622214239     
  -6821.0337447934062     
  -8127.1509303921439     
  -9683.3574340536998     
  -11537.537085118251     
  -13746.741468215896     
  -16378.945085319981     
  -19515.136526990147     
  -23251.809975534143     
  -27703.933675616245     
  -33008.486677465866     
  -39328.672635397321     
  -46858.940267283004     
  -55830.964889232746     
  -66520.774996874155     
  -79257.243079157284     
  -94432.201805318866     
  -112512.49671056557     
  -134054.34605809191     
  -159720.44950529488     
  -190300.37173197226     
  -226734.82789687137     
  -270144.61777255638     
  -321865.09835611412     
  -383487.25505962118     
  -456906.63448550639     
  -544381.64352593326     
  -648603.00752381922     
  -772776.52335001272     
  -920721.65203471424     
  -1096988.9826082524     
  -1307000.1790284300     
  -1557214.7133354153     
  -1855328.5117303752     
  -2210510.6214367780     
  -2633685.1751340283     
  -3137867.3223835570     
  -3738563.4566051210     
  -4454248.0428044209     
  -5306931.7061593644     
  -6322838.0471242033     
  -7533209.9911412094     
  -8975270.4630916063     
  -10693366.920661181     
  -12740334.932649653     
  -15179122.721623415     
  -18084726.612141967     
  -21546496.882618196     
  -25670884.904411405     
  -30584716.015905172     
  -36439088.738942951     
  -43414020.196690552     
  -51723980.527389273     
  -61624486.412369549     
  -73419956.388773233     
  -87473069.397987589     
  -104215914.22150607     
  -124163272.49647057     
  -147928443.57479009     
  -176242097.60730758     
  -209974736.29829800     
  -250163451.64512137     
  -298043805.05966461     
  -355087806.62051576     
  -423049161.66220450     
  -504017175.22976804     
  -600480970.97458804     
  -715405998.01467013     
  -852325176.86668265     
  -1015447485.3782383     
  -1209787321.4661758     
  -1441318617.8625672     
  -1717158444.5964971     
  -2045785740.9594424     
  -2437301898.0474949     
  -2903741198.8006077     
  -3459440654.2655959     
  -4121480599.6489267     
  -4910209587.6508474     
  -5849869706.3590307     
  -6969341534.1750164     
  -8303031619.6126089     
  -9891929752.2315617     
  -11784868506.931543     
  -14040023757.530706     
  -16726702257.831358     
  -19927471206.572937     
  -23740695217.612671     
  -28283558630.975510     
  -33695666008.399231     
  -40143331416.492172     
  -47824688257.003784     
  -56975776606.669998     
  -67877795052.575645     
  -80865739774.924881     
  -96338696235.796356     
  -114772099588.18236     
  -136732340382.87190     
  -162894164178.07410     
  -194061399459.67136     
  -231191650493.13910     
  -275425713489.77148     
  -328122619518.34033     
  -390901380382.00140     
  -465690719514.04907     
  -554788315144.31580     
  -660931375078.30066     
  -787380710380.61414     
  -938020889744.80420     
  -1117479550087.3408     
  -1331269527081.7825     
  -1585958170005.3936     
  -1889369039912.5942     
  -2250822184397.7749     
  -2681420366583.1362     
  -3194390036819.3350     
  -3805487516222.8311     
  -4533482863178.5088     
  -5400736278756.7266     
  -6433884747825.9023     
  -7664659996674.7451     
  -9130862879051.4609     
  -10877524104396.180     
  -12958286942055.146     
  -15437054348962.293     
  -18389951084756.801     
  -21907661046650.152     
  -26098211573255.723     
  -31090290185459.988     
  -37037195574219.734     
  -44121544111363.234     
  -52560876347362.836     
  -62614335581121.516     
  -74590623488575.531     
  -88857476988860.656     
  -105852957211396.66     
  -126098897036841.28     
  -150216919925571.44     
  -178947521651403.72     
  -213172800546360.88     
  -253943533817813.69     
  -302511430856799.44     
  -360367553306723.62     
  -429288080877911.88     
  -511388827279884.69     
  -609190179113450.00     
  -725694450353812.12     
  -864478025972882.38     
  -1029801121977555.4     
  -1226738529597626.2     
  -1461335355118702.8     
  -1740792533666404.2     
  -2073687808626229.5     
  -2470238956341137.5     
  -2942617331631936.0     
  -3505321353276213.5     
  -4175621387196822.5     
  -4974089675134037.0     
  -5925231565164261.0     
  -7058237407574089.0     
  -8407878180578682.0     
  -10015572318671566.     
  -11930656467178138.     
  -14211899140854942.     
  -16929303713892904.     
  -20166256041848100.     
  -24022082584884308.     
  -28615097490294100.     
  -34086232086508400.     
  -40603358100388376.     
  -48366437182027168.     
  -57613654658690048.     
  -68628725618603200.     
  -81749597371171376.     
  -97378815144721136.     
  -1.1599586887839619E+017
  -1.3817189970447250E+017
  -1.6458721706283411E+017
  -1.9605216355804806E+017
  -2.3353196730240672E+017
  -2.7817634373100634E+017
  -3.3135475447385824E+017
  -3.9469840428732595E+017
  -4.7015026359740826E+017
  -5.6002465022031750E+017
  -6.6707819684036237E+017
  -7.9459437982034560E+017
  -9.4648420058972582E+017
  -1.1274061059375910E+018
  -1.3429088232009306E+018
  -1.5996014886512115E+018
  -1.9053562838623706E+018
  -2.2695497911195743E+018
  -2.7033504655242291E+018
  -3.2200610347203507E+018
  -3.8355263204076390E+018
  -4.5686189805838684E+018
  -5.4418180591886520E+018
  -6.4818980736468265E+018
  -7.7207497578466468E+018
  -9.1963576120866632E+018
  -1.0953964216050825E+019
  -1.3047456983086899E+019
  -1.5541019849235544E+019
  -1.8511100507323597E+019
  -2.2048753463594140E+019
  -2.6262430707869233E+019
  -3.1281305500738486E+019
  -3.7259231112679342E+019
  -4.4379455800474870E+019
  -5.2860238471432323E+019
  -6.2961537075085656E+019
  -7.4992974620100018E+019
  -8.9323326847108153E+019
  -1.0639182219442307E+020
  -1.2672160019999968E+020
  -1.5093574058912573E+020
  -1.7977635402705424E+020
  -2.1412731927950659E+020
  -2.5504136319222720E+020
  -3.0377231289214553E+020
  -3.6181350799844023E+020
  -4.3094354926039577E+020
  -5.1328078468448839E+020
  -6.1134820175204044E+020
  -7.2815071295014542E+020
  -8.6726720129477942E+020
  -1.0329601444301410E+021
  -1.2303061740733729E+021
  -1.4653515685101657E+021
  -1.7452974391496794E+021
  -2.0787202811762458E+021
  -2.4758346409088044E+021
  -2.9488059417249977E+021
  -3.5121230457766612E+021
  -4.1830419571981691E+021
  -4.9821142500369561E+021
  -5.9338163973428473E+021
  -7.0672992660820108E+021
  -8.4172807202774660E+021
  -1.0025108654538598E+022
  -1.1940026995917818E+022
  -1.4220683423385209E+022
  -1.6936924951154187E+022
  -2.0171936330895617E+022
  -2.4024786717997915E+022
  -2.8613462539337919E+022
  -3.4078479376623591E+022
  -4.0587183395268924E+022
  -4.8338873945801972E+022
  -5.7570904088215521E+022
  -6.8565945707789380E+022
  -8.1660641518687489E+022
  -9.7255908678580686E+022
  -1.1582920926106008E+023
  -1.3794916299761477E+023
  -1.6429294934713469E+023
  -1.9566703126893247E+023
  -2.3303183467376656E+023
  -2.7753113851255998E+023
  -3.3052707453331638E+023
  -3.9364180729763119E+023
  -4.6880716934391327E+023
  -5.5832376966018848E+023
  -6.6493138332170304E+023
  -7.9189277511257395E+023
  -9.4309352073066262E+023
  -1.1231608783261338E+024
  -1.3376053455971512E+024
  -1.5929892312627513E+024
  -1.8971273956504823E+024
  -2.2593262986152027E+024
  -2.6906686640997588E+024
  -3.2043524651443759E+024
  -3.8160945936608198E+024
  -4.5446115565475279E+024
  -5.4121918941469899E+024
  -6.4453778205718574E+024
  -7.6757769237048626E+024
  -9.1410287376965902E+024
  -1.0885955733979583E+025
  -1.2963933912778308E+025
  -1.5438524887984491E+025
  -1.8385419349076108E+025
  -2.1894751298562321E+025
  -2.6073853792849822E+025
  -3.1050540404473107E+025
  -3.6977012686309415E+025
  -4.4034513044256693E+025
  -5.2438865197961115E+025
  -6.2447071524963458E+025
  -7.4365168870091780E+025
  -8.8557582844912103E+025
  -1.0545826641534454E+026
  -1.2558396307670595E+026
  -1.4954999980840141E+026
  -1.7808909226638962E+026
  -2.1207373666916175E+026
  -2.5254287237067082E+026
  -3.0073362953510014E+026
  -3.5811913161453914E+026
  -4.2645350722127611E+026
  -5.0782548612461236E+026
  -6.0472221620643787E+026
  -7.2010525027931121E+026
  -8.5750102322893275E+026
  -1.0211085823280375E+027
  -1.2159278602799980E+027
  -1.4479124076592840E+027
  -1.7241512480564986E+027
  -2.0530854081880669E+027
  -2.4447657336156149E+027
  -2.9111598608261378E+027
  -3.4665177166918090E+027
  -4.1278067025225853E+027
  -4.9152298465298816E+027
  -5.8528427404001924E+027
  -6.9692880900562789E+027
  -8.2986702994946459E+027
  -9.8815967792800805E+027
  -1.1766417758149390E+028
  -1.4010702432347162E+028
  -1.6682996497454959E+028
  -1.9864914691427435E+028
  -2.3653632197035905E+028
  -2.8164850918514767E+028
  -3.3536331131826954E+028
  -3.9932096252175414E+028
  -4.7547438991852336E+028
  -5.6614881622014762E+028
  -6.7411272148459416E+028
  -8.0266232850767866E+028
  -9.5572218872014610E+028
  -1.1379649363932528E+029
  -1.3549538634000361E+029
  -1.6133126625465972E+029
  -1.9209275157782823E+029
  -2.2871876896169644E+029
  -2.7232719740402961E+029
  -3.2424896984344242E+029
  -3.8606867218095662E+029
  -4.5967287748394628E+029
  -5.4730768887949867E+029
  -6.5164724528971380E+029
  -7.7587527824931636E+029
  -9.2378220575109951E+029
  -1.0998807224989534E+030
  -1.3095434095287879E+030
  -1.5591665570459995E+030
  -1.8563651929521299E+030
  -2.2102052602089671E+030
  -2.6314800178593131E+030
  -3.1330390876423679E+030
  -3.7301801717170525E+030
  -4.4411153758518006E+030
  -5.2875263446566127E+030
  -6.2952251201810129E+030
  -7.4949408547984161E+030
  -8.9232563417252441E+030
  -1.0623722888406895E+031
  -1.2648187488157330E+031
  -1.5058372709090212E+031
  -1.7927757413187382E+031
  -2.1343815576388897E+031
  -2.5410681381462101E+031
  -3.0252321730718118E+031
  -3.6016312770076309E+031
  -4.2878335399288394E+031
  -5.1047526624437555E+031
  -6.0772849653581068E+031
  -7.2350676636635119E+031
  -8.6133814848970942E+031
  -1.0254225103664240E+032
  -1.2207594091500845E+032
  -1.4533003303099079E+032
  -1.7301299025377751E+032
  -2.0596816030057447E+032
  -2.4519945161219416E+032
  -2.9190189575644868E+032
  -3.4749802615033339E+032
  -4.1368117977119727E+032
  -4.9246703904748447E+032
  -5.8625498167803184E+032
  -6.9790110433820497E+032
  -8.3080514115140910E+032
  -9.8901392021800041E+032
  -1.1773445042320946E+033
  -1.4015307595509603E+033
  -1.6683978101847332E+033
  -1.9860696806731566E+033
  -2.3642164404482274E+033
  -2.8143483626753766E+033
  -3.3501660391699317E+033
  -3.9879770931750685E+033
  -4.7471921551791170E+033
  -5.6509151749685442E+033
  -6.7266460088533790E+033
  -8.0071166314469525E+033
  -9.5312863800395979E+033
  -1.1345526469648314E+034
  -1.3505029764821660E+034
  -1.6075488634644187E+034
  -1.9135091857659547E+034
  -2.2776901230579345E+034
  -2.7111680062534789E+034
  -3.2271259454942353E+034
  -3.8412544591884376E+034
  -4.5722282692360765E+034
  -5.4422737392978106E+034
  -6.4778441838605604E+034
  -7.7104235493345868E+034
  -9.1774828637316854E+034
  -1.0923618486712256E+035
  -1.3001906707460784E+035
  -1.5475515801139259E+035
  -1.8419624464498426E+035
  -2.1923704844279283E+035
  -2.6094239429919274E+035
  -3.1057954239846929E+035
  -3.6965666386954426E+035
  -4.3996862737987380E+035
  -5.2365148547903392E+035
  -6.2324731325132371E+035
  -7.4178136565931449E+035
  -8.8285389336046064E+035
  -1.0507494010636406E+036
  -1.2505666611140635E+036
  -1.4883734239576172E+036
  -1.7713905154798637E+036
  -2.1082109015927075E+036
  -2.5090603598022617E+036
  -2.9861076578950804E+036
  -3.5538336394678499E+036
  -4.2294704001724761E+036
  -5.0335238612338307E+036
  -5.9903955722369042E+036
  -7.1291225797659423E+036
  -8.4842577730870903E+036
  -1.0096917370804870E+037
  -1.2016027271893612E+037
  -1.4299806013689733E+037
  -1.7017529240311039E+037
  -2.0251629104021421E+037
  -2.4100192156791196E+037
  -2.8679931346026756E+037
  -3.4129722071522514E+037
  -4.0614809323535147E+037
  -4.8331813220036008E+037
  -5.7514684407888767E+037
  -6.8441789517337750E+037
  -8.1444341029385810E+037
  -9.6916426563353550E+037
  -1.1532694094460401E+038
  -1.3723378193004408E+038
  -1.6330073888806482E+038
  -1.9431758511542001E+038
  -2.3122398128267420E+038
  -2.7513791265396786E+038
  -3.2738951970087599E+038
  -3.8956134465695389E+038
  -4.6353621035452370E+038
  -5.5155417819425091E+038
  -6.5628030627364239E+038
  -7.8088525481132843E+038
  -9.2914117388349338E+038
  -1.1055357698317916E+039
  -1.3154079954164590E+039
  -1.5651094614138223E+039
  -1.8621964435633923E+039
  -2.2156582819470911E+039
  -2.6361890678480911E+039
  -3.1365108189675808E+039
  -3.7317578969099672E+039
  -4.4399342678560943E+039
  -5.2824574039523298E+039
  -6.2848052352920389E+039
  -7.4772856691037254E+039
  -8.8959518874066990E+039
  -1.0583691028152352E+040
  -1.2591519079961368E+040
  -1.4980121034214840E+040
  -1.7821682727398309E+040
  -2.1202069593502857E+040
  -2.5223417995233800E+040
  -3.0007217227984017E+040
  -3.5697975065587939E+040
  -4.2467577285961962E+040
  -5.0520472505953025E+040
  -6.0099838495912385E+040
  -7.1494915682136473E+040
  -8.5049728666803020E+040
  -1.0117345835540380E+041
  -1.2035277693519232E+041
  -1.4316651698590186E+041
  -1.7030311619854603E+041
  -2.0258136263671834E+041
  -2.4097506470245914E+041
  -2.8664238794326010E+041
  -3.4096074109792480E+041
  -4.0556826053457231E+041
  -4.8241314048579971E+041
  -5.7381229217930910E+041
  -6.8252109516416103E+041
  -8.1181633724327923E+041
  -9.6559483542627826E+041
  -1.1484907010804191E+042
  -1.3660147720866650E+042
  -1.6247204000669899E+042
  -1.9324005715635259E+042
  -2.2983222821010398E+042
  -2.7335051994963922E+042
  -3.2510529810411349E+042
  -3.8665471880284940E+042
  -4.5985156177660633E+042
  -5.4689891038533564E+042
  -6.5041634868275436E+042
  -7.7351866085766193E+042
  -9.1990939294038329E+042
  -1.0939920818259407E+043
  -1.3010024857473841E+043
  -1.5471657791416206E+043
  -1.8398834221702002E+043
  -2.1879553033084221E+043
  -2.6018438089175716E+043
  -3.0939877280768993E+043
  -3.6791753916120480E+043
  -4.3749882156954668E+043
  -5.2023279254584900E+043
  -6.1860432355291245E+043
  -7.3556747368846385E+043
  -8.7463402714979731E+043
  -1.0399787273233336E+044
  -1.2365643540367101E+044
  -1.4702903830534354E+044
  -1.7481696709302551E+044
  -2.0785384448578296E+044
  -2.4713058709664919E+044
  -2.9382506553775932E+044
  -3.4933735351481396E+044
  -4.1533161829189123E+044
  -4.9378590290938123E+044
  -5.8705128576126293E+044
  -6.9792218257386170E+044
  -8.2971988777908047E+044
  -9.8639184660087273E+044
  -1.1726296175838068E+045
  -1.3940090416922368E+045
  -1.6571567950103736E+045
  -1.9699482870855255E+045
  -2.3417427993622322E+045
  -2.7836628656005071E+045
  -3.3089262114834424E+045
  -3.9332401327739305E+045
  -4.6752700466529953E+045
  -5.5571961542045090E+045
  -6.6053747686302913E+045
  -7.8511239711227050E+045
  -9.3316569463176219E+045
  -1.1091190731028566E+046
  -1.3182263313066985E+046
  -1.5667298195156504E+046
  -1.8620462874777104E+046
  -2.2129876400877838E+046
  -2.6300231509916702E+046
  -3.1255909121817559E+046
  -3.7144677553387752E+046
  -4.4142086112381434E+046
  -5.2456683279859298E+046
  -6.2336214077160030E+046
  -7.4074980165030116E+046
  -8.8022580588670002E+046
  -1.0459429187508405E+047
  -1.2428339460824739E+047
  -1.4767581107706699E+047
  -1.7546748680018379E+047
  -2.0848502968441340E+047
  -2.4771021664751741E+047
  -2.9430909155132037E+047
  -3.4966651359338671E+047
  -4.1542717586276701E+047
  -4.9354430428442145E+047
  -5.8633747324021396E+047
  -6.9656124238248988E+047
  -8.2748663740086744E+047
  -9.8299787507509063E+047
  -1.1677071808878882E+048
  -1.3870910788740555E+048
  -1.6476521637689265E+048
  -1.9571111132962845E+048
  -2.3246345854233130E+048
  -2.7611056974771535E+048
  -3.2794450318299208E+048
  -3.8949915927673391E+048
  -4.6259548942473537E+048
  -5.4939514395974059E+048
  -6.5246413223172436E+048
  -7.7484836037757726E+048
  -9.2016325937147602E+048
  -1.0927001273818935E+049
  -1.2975522982521722E+049
  -1.5407648262082575E+049
  -1.8295120624308128E+049
  -2.1723083117536249E+049
  -2.5792577209724602E+049
  -3.0623506919110242E+049
  -3.6358154654699226E+049
  -4.3165351264344638E+049
  -5.1245421790856862E+049
  -6.0836050954090633E+049
  -7.2219239057673471E+049
  -8.5729550630640906E+049
  -1.0176389556550593E+050
  -1.2079312688095796E+050
  -1.4337579179274113E+050
  -1.7017443502725171E+050
  -2.0197492704236232E+050
  -2.3970937713915775E+050
  -2.8448329485345211E+050
  -3.3760778546104786E+050
  -4.0063771041001728E+050
  -4.7541691514003619E+050
  -5.6413182995134793E+050
  -6.6937499012517357E+050
  -7.9422030620891601E+050
  -9.4231225234516872E+050
  -1.1179715392974873E+051
  -1.3263203107014545E+051
  -1.5734304593942057E+051
  -1.8664993212225139E+051
  -2.2140577851360729E+051
  -2.6262167826574483E+051
  -3.1149592129930040E+051
  -3.6944856528299863E+051
  -4.3816237285316308E+051
  -5.1963128358294023E+051
  -6.1621780287882040E+051
  -7.3072094254763827E+051
  -8.6645664628519503E+051
  -1.0273529861001751E+052
  -1.2180628325105441E+052
  -1.4440971938012298E+052
  -1.7119830013529225E+052
  -2.0294498051266686E+052
  -2.4056506547786244E+052
  -2.8514233999314763E+052
  -3.3795997741768116E+052
  -4.0053709624487155E+052
  -4.7467199270316827E+052
  -5.6249326266702096E+052
  -6.6652024566827265E+052
  -7.8973448252585706E+052
  -9.3566418323694327E+052
  -1.1084840615453278E+053
  -1.3131333167237404E+053
  -1.5554550429794042E+053
  -1.8423609359175889E+053
  -2.1820258594187104E+053
  -2.5841176535878231E+053
  -3.0600685268229446E+053
  -3.6233955079859802E+053
  -4.2900787680167802E+053
  -5.0790081891272230E+053
  -6.0125104049885317E+053
  -7.1169707051531655E+053
  -8.4235667476124886E+053
  -9.9691340207365247E+053
  -1.1797186516884678E+054
  -1.3959120214722881E+054
  -1.6515631820859881E+054
  -1.9538390916524893E+054
  -2.3112010334761237E+054
  -2.7336367424789234E+054
  -3.2329338037005504E+054
  -3.8230015810474862E+054
  -4.5202501927336300E+054
  -5.3440365220175623E+054
  -6.3171889732698554E+054
  -7.4666246950523784E+054
  -8.8240753411341721E+054
  -1.0426940181922840E+055
  -1.2319288575753630E+055
  -1.4553037534480504E+055
  -1.7189334454291690E+055
  -2.0300180126267559E+055
  -2.3970333001269681E+055
  -2.8299542484991190E+055
  -3.3405166923142569E+055
  -3.9425241064308749E+055
  -4.6522068340023013E+055
  -5.4886425481237746E+055
  -6.4742481024364947E+055
  -7.6353545399711892E+055
  -9.0028788816696145E+055
  -1.0613108436428445E+056
  -1.2508615795460514E+056
  -1.4739325429388805E+056
  -1.7363755932050953E+056
  -2.0450465485836023E+056
  -2.4079732093297576E+056
  -2.8345504558699601E+056
  -3.3357665133762567E+056
  -3.9244650175053905E+056
  -4.6156481088840803E+056
  -5.4268264228448120E+056
  -6.3784225186057149E+056
  -7.4942349957424647E+056
  -8.8019712549856267E+056
  -1.0333857544151298E+057
  -1.2127335543087344E+057
  -1.4225855219141004E+057
  -1.6679773935809401E+057
  -1.9547371695593877E+057
  -2.2895991769984190E+057
  -2.6803314577994431E+057
  -3.1358770198286426E+057
  -3.6665090904440468E+057
  -4.2839999013864945E+057
  -5.0018016353336799E+057
  -5.8352368716282795E+057
  -6.8016940410346660E+057
  -7.9208208484416378E+057
  -9.2147050961891069E+057
  -1.0708027501977144E+058
  -1.2428164502749154E+058
  -1.4405210064751656E+058
  -1.6671873368861444E+058
  -1.9263192819279127E+058
  -2.2215984665963079E+058
  -2.5567914658788049E+058
  -2.9356040891521587E+058
  -3.3614621725975479E+058
  -3.8371909495107975E+058
  -4.3645551875540186E+058
  -4.9436089258190871E+058
  -5.5717855623649927E+058
  -6.2426345181220346E+058
  -6.9440773742884831E+058
  -7.6560109932861382E+058
  -8.3470232013167463E+058
  -8.9699019624681699E+058
  -9.4555031965652482E+058
  -9.7043843025695258E+058
  -9.5753963059678147E+058
  -8.8701454830539297E+058
  -7.3119046893469732E+058
  -4.5174782608874064E+058
  -4.1023193246917215E+054
