   0.0000000000000000     
  -1.1011010049952404E-016
  -2.2165722273629628E-016
  -3.3609709757808176E-016
  -4.5492315768083268E-016
  -5.7968602491201961E-016
  -7.1201374274635635E-016
  -8.5363301758977748E-016
  -1.0063917461258738E-015
  -1.1722831225314213E-015
  -1.3534716399922542E-015
  -1.5523213256355727E-015
  -1.7714265771013800E-015
  -2.0136460028832233E-015
  -2.2821397077185481E-015
  -2.5804105092117737E-015
  -2.9123496231137343E-015
  -3.2822874129270061E-015
  -3.6950498655167465E-015
  -4.1560215290411464E-015
  -4.6712157337468094E-015
  -5.2473530110998723E-015
  -5.8919487335802918E-015
  -6.6134111176466442E-015
  -7.4211508674479428E-015
  -8.3257038885770934E-015
  -9.3388686715044852E-015
  -1.0473860135519011E-014
  -1.1745481938528612E-014
  -1.3170319498727911E-014
  -1.4766956244061932E-014
  -1.6556215908118657E-014
  -1.8561434030512940E-014
  -2.0808762200401250E-014
  -2.3327509008449307E-014
  -2.6150522150920610E-014
  -2.9314616665794173E-014
  -3.2861054881939977E-014
  -3.6836084336210368E-014
  -4.1291540668621818E-014
  -4.6285523352442588E-014
  -5.1883153064995186E-014
  -5.8157420568687819E-014
  -6.5190138164061862E-014
  -7.3073006113008805E-014
  -8.1908807928177371E-014
  -9.1812750103464509E-014
  -1.0291396374222890E-013
  -1.1535718764898807E-013
  -1.2930465481432589E-013
  -1.4493820687233142E-013
  -1.6246166407961616E-013
  -1.8210348169348545E-013
  -2.0411972735751481E-013
  -2.2879741828417950E-013
  -2.5645826171075505E-013
  -2.8746284735746637E-013
  -3.2221534650420887E-013
  -3.6116877890075134E-013
  -4.0483091612106792E-013
  -4.5377089826162487E-013
  -5.0862665017398935E-013
  -5.7011319383497928E-013
  -6.3903196512830448E-013
  -7.1628125639218779E-013
  -8.0286792074808880E-013
  -8.9992049065723030E-013
  -1.0087038815680456E-012
  -1.1306358721586574E-012
  -1.2673055758127464E-012
  -1.4204941438957998E-012
  -1.5921979704592454E-012
  -1.7846547005706282E-012
  -2.0003723809726968E-012
  -2.2421621326881896E-012
  -2.5131747710426898E-012
  -2.8169418499720481E-012
  -3.1574216650823111E-012
  -3.5390508144885963E-012
  -3.9668019888149881E-012
  -4.4462487428319727E-012
  -4.9836380920964541E-012
  -5.5859718798247472E-012
  -6.2610979733966793E-012
  -7.0178124778446590E-012
  -7.8659742970902293E-012
  -8.8166335344182730E-012
  -9.8821754038169373E-012
  -1.1076481525703394E-011
  -1.2415110706828401E-011
  -1.3915501557750411E-011
  -1.5597199585491871E-011
  -1.7482111717534331E-011
  -1.9594791570318841E-011
  -2.1962759175538748E-011
  -2.4616859325948224E-011
  -2.7591663204995478E-011
  -3.0925918527862347E-011
  -3.4663054052779059E-011
  -3.8851745028995859E-011
  -4.3546546940735111E-011
  -4.8808605795132068E-011
  -5.4706454198158896E-011
  -6.1316903578768998E-011
  -6.8726044172515285E-011
  -7.7030365777957448E-011
  -8.6338013870513392E-011
  -9.6770197419466193E-011
  -1.0846276672751022E-010
  -1.2156798182417667E-010
  -1.3625649442348554E-010
  -1.5271956923446124E-010
  -1.7117157352685544E-010
  -1.9185276734402694E-010
  -2.1503243066581318E-010
  -2.4101236820724059E-010
  -2.7013083745105312E-010
  -3.0276695101715437E-010
  -3.3934561064173743E-010
  -3.8034303695332806E-010
  -4.2629296698209205E-010
  -4.7779360002328914E-010
  -5.3551538220860969E-010
  -6.0020973104682010E-010
  -6.7271881341947232E-010
  -7.5398650421730748E-010
  -8.4507066815648712E-010
  -9.4715692452049365E-010
  -1.0615740738571081E-009
  -1.1898113872709542E-009
  -1.3335379831715728E-009
  -1.4946245434796528E-009
  -1.6751676517126756E-009
  -1.8775170694611410E-009
  -2.1043063059708045E-009
  -2.3584868783614453E-009
  -2.6433667079950182E-009
  -2.9626531522791536E-009
  -3.3205012314546345E-009
  -3.7215676774507911E-009
  -4.1710715075782394E-009
  -4.6748619106475750E-009
  -5.2394943281574549E-009
  -5.8723157197212656E-009
  -6.5815601212820140E-009
  -7.3764557384515957E-009
  -8.2673449672409971E-009
  -9.2658189024704347E-009
  -1.0384868082445510E-008
  -1.1639051429503469E-008
  -1.3044685582513861E-008
  -1.4620057082432098E-008
  -1.6385660168995245E-008
  -1.8364463279474650E-008
  -2.0582207713382595E-008
  -2.3067742345015064E-008
  -2.5853398734128429E-008
  -2.8975411509978654E-008
  -3.2474389492214795E-008
  -3.6395843671354340E-008
  -4.0790778910337721E-008
  -4.5716357056556967E-008
  -5.1236640081530900E-008
  -5.7423422905103613E-008
  -6.4357166726176293E-008
  -7.2128044987672852E-008
  -8.0837115566643249E-008
  -9.0597634420121193E-008
  -1.0153652775486775E-007
  -1.1379604184830471E-007
  -1.2753559195550712E-007
  -1.4293383432304236E-007
  -1.6019098822828416E-007
  -1.7953143821021454E-007
  -2.0120665029681282E-007
  -2.2549844011215564E-007
  -2.5272263531625561E-007
  -2.8323317995176716E-007
  -3.1742673401045791E-007
  -3.5574782796327361E-007
  -3.9869463920438251E-007
  -4.4682546543530241E-007
  -5.0076597906491012E-007
  -5.6121735684224868E-007
  -6.2896539030319688E-007
  -7.0489069534673181E-007
  -7.8998015352694244E-007
  -8.8533973363834134E-007
  -9.9220886009186619E-007
  -1.1119765146597987E-006
  -1.2461992806702101E-006
  -1.3966215639474409E-006
  -1.5651982530517090E-006
  -1.7541201130348102E-006
  -1.9658422424108754E-006
  -2.2031159628015200E-006
  -2.4690245552693944E-006
  -2.7670233072809912E-006
  -3.1009843901863536E-006
  -3.4752471497957265E-006
  -3.8946744628844261E-006
  -4.3647158911785478E-006
  -4.8914784525865676E-006
  -5.4818059282896566E-006
  -6.1433677350685536E-006
  -6.8847585163637935E-006
  -7.7156097446485503E-006
  -8.6467147835431130E-006
  -9.6901690327381514E-006
  -1.0859526974484957E-005
  -1.2169978159692682E-005
  -1.3638544417388150E-005
  -1.5284300846629745E-005
  -1.7128623458492595E-005
  -1.9195466681458551E-005
  -2.1511674330933023E-005
  -2.4107328077694743E-005
  -2.7016137936490535E-005
  -3.0275879841022095E-005
  -3.3928885982300110E-005
  -3.8022594271680520E-005
  -4.2610164056718413E-005
  -4.7751166077217419E-005
  -5.3512355611653126E-005
  -5.9968538842987204E-005
  -6.7203543681748236E-005
  -7.5311307638801326E-005
  -8.4397096858017780E-005
  -9.4578872119758194E-005
  -1.0598881953173539E-004
  -1.1877506575912467E-004
  -1.3310360003840539E-004
  -1.4916042790035495E-004
  -1.6715398453160911E-004
  -1.8731783907017640E-004
  -2.0991372490185815E-004
  -2.3523493525054388E-004
  -2.6361012809057607E-004
  -2.9540758971515168E-004
  -3.3104001223978693E-004
  -3.7096984698122693E-004
  -4.1571530311612518E-004
  -4.6585706938702989E-004
  -5.2204584599402088E-004
  -5.8501078431011800E-004
  -6.5556894382332097E-004
  -7.3463588889020686E-004
  -8.2323756265613099E-004
  -9.2252359204652689E-004
  -1.0337821962768912E-003
  -1.1584568921059078E-003
  -1.2981652123358293E-003
  -1.4547196801481626E-003
  -1.6301513110886017E-003
  -1.8267359472614500E-003
  -2.0470237649844285E-003
  -2.2938723382648052E-003
  -2.5704836865194131E-003
  -2.8804457865706738E-003
  -3.2277790867762672E-003
  -3.6169886259401615E-003
  -4.0531224322459718E-003
  -4.5418369587896948E-003
  -5.0894704034205301E-003
  -5.7031248627051941E-003
  -6.3907583842344618E-003
  -7.1612881096710761E-003
  -8.0247058445545895E-003
  -8.9922075517895952E-003
  -1.0076338446031398E-002
  -1.1291155568180404E-002
  -1.2652409945517017E-002
  -1.4177750696580952E-002
  -1.5886953724003498E-002
  -1.7802177956813790E-002
  -1.9948252460379189E-002
  -2.2352998131718500E-002
  -2.5047588145614728E-002
  -2.8066951818542081E-002
  -3.1450227119398246E-002
  -3.5241267685666905E-002
  -3.9489210909070240E-002
  -4.4249114445131375E-002
  -4.9582669386573616E-002
  -5.5558999332589225E-002
  -6.2255555697545352E-002
  -6.9759120848032360E-002
  -7.8166932052404131E-002
  -8.7587940790151392E-002
  -9.8144223719801416E-002
 -0.10997256356619275     
 -0.12322622038630153     
 -0.13807691613571879     
 -0.15471705821723236     
 -0.17336223078442919     
 -0.19425398603676136     
 -0.21766297162288667     
 -0.24389243461645665     
 -0.27328214739907231     
 -0.30621280624181013     
 -0.34311095949006448     
 -0.38445452910545502     
 -0.43077899699173089     
 -0.48268433612811151     
 -0.54084277616442822     
 -0.60600750392221325     
 -0.67902241133393337     
 -0.76083301689506955     
 -0.85249870187566201     
 -0.95520641953527774     
  -1.0702860546277060     
  -1.1992276318150186     
  -1.3437005955105294     
  -1.5055754104453678     
  -1.6869477622496414     
  -1.8901656709439993     
  -2.1178598678847336     
  -2.3729778288816625     
  -2.6588219034575142     
  -2.9790920331505668     
  -3.3379336110623918     
  -3.7399911012854012     
  -4.1904681112682356     
  -4.6951946935518034     
  -5.2607027467112939     
  -5.8943104899756484     
  -6.6042171032164756     
  -7.3996087553164864     
  -8.2907773910381266     
  -9.2892538113151986     
  -10.407956766510779     
  -11.661359989006565     
  -13.065679323180994     
  -14.639082370386042     
  -16.401923357295114     
  -18.377006261718350     
  -20.589879594870570     
  -23.069166647838156     
  -25.846935467898984     
  -28.959113343311127     
  -32.445951149819322     
  -36.352543555845877     
  -40.729411804438207     
  -45.633156597840397     
  -51.127189515459563     
  -57.282552409680704     
  -64.178835359519937     
  -71.905205034138646     
  -80.561556743175174     
  -90.259805047059203     
  -101.12532958854084     
  -113.29859480964419     
  -126.93696446197103     
  -142.21673433165759     
  -159.33540941573247     
  -178.51425494042613     
  -200.00115414479865     
  -224.07380971042070     
  -251.04333015076594     
  -281.25824743958862     
  -315.10901771986272     
  -353.03306316552846     
  -395.52042004762330     
  -443.12006587429755     
  -496.44700723146650     
  -556.19021976026443     
  -623.12154269541838     
  -698.10564269671374     
  -782.11117549243465     
  -876.22328929662604     
  -981.65763126015543     
  -1099.7760375916737     
  -1232.1041096882093     
  -1380.3509029258398     
  -1546.4309819917037     
  -1732.4891271402446     
  -1940.9280099217524     
  -2174.4391951999137     
  -2436.0378691399283     
  -2729.1017408616326     
  -3057.4146192311637     
  -3425.2152265022264     
  -3837.2518779894986     
  -4298.8437325304949     
  -4815.9494031411068     
  -5395.2438120834631     
  -6044.2042807628923     
  -6771.2069638203438     
  -7585.6348700181888     
  -8497.9988617452982     
  -9520.0731921116821     
  -10665.047325814299     
  -11947.695999642250     
  -13384.569713349190     
  -14994.208104674346     
  -16797.378956924640     
  -18817.345917528899     
  -21080.168375584923     
  -23615.037360394763     
  -26454.651786646707     
  -29635.639891216164     
  -33199.031288199556     
  -37190.785720243977     
  -41662.385313865736     
  -46671.497963643989     
  -52282.720385435343     
  -58568.410403847876     
  -65609.619187313670     
  -73497.135429964270     
  -82332.654919669440     
  -92230.090544553590     
  -103317.03959678359     
  -115736.42725563851     
  -129648.34739782225     
  -145232.12442077624     
  -162688.62260699560     
  -182242.83274055971     
  -204146.76925214709     
  -228682.71516150809     
  -256166.85655799485     
  -286953.35336773080     
  -321438.89876465074     
  -360067.82586397819     
  -403337.82737139292     
  -451806.36173948855     
  -506097.82820628618     
  -566911.60297182435     
  -635031.03983502649     
  -711333.55100621679     
  -796801.89768986695     
  -892536.83557556092     
  -999771.27778222109     
  -1119886.1572947453     
  -1254428.1927634883     
  -1405129.7859856188     
  -1573931.3067669536     
  -1763006.0515246815     
  -1974788.1963287850     
  -2212004.1035333970     
  -2477707.3842120175     
  -2775318.1668347921     
  -3108667.0766303246     
  -3482044.4905513893     
  -3900255.7004888067     
  -4368682.6932191337     
  -4893353.3405019473     
  -5481018.8878502715     
  -6139240.7370023057     
  -6876487.6363891810     
  -7702244.5274508456     
  -8627134.4442118872     
  -9663055.0310079940     
  -10823331.430797908     
  -12122887.506508214     
  -13578437.593030080     
  -15208701.240830922     
  -17034643.707033541     
  -19079745.280028187     
  -21370302.893448655     
  -23935767.899397891     
  -26809124.334454451     
  -30027312.531165704     
  -33631703.509085260     
  -37668630.230383463     
  -42189982.533986501     
  -47253873.378411636     
  -52925384.937413566     
  -59277404.115936115     
  -66391558.199774452     
  -74359262.635459423     
  -83282894.373598114     
  -93277105.817626745     
  -104470296.22123671     
  -117006259.39466810     
  -131046028.83842832     
  -146769943.95167452     
  -164379963.79384324     
  -184102258.04832625     
  -206190108.38662404     
  -230927157.40584737     
  -258631046.76249847     
  -289657491.10804921     
  -324404840.01063108     
  -363319186.29348910     
  -406900086.21455717     
  -455706964.74198133     
  -510366287.94771516     
  -571579594.35747993     
  -640132488.08584404     
  -716904708.89034951     
  -802881408.05571258     
  -899165774.44412899     
  -1006993172.3176614     
  -1127746971.8741364     
  -1262976275.0858853     
  -1414415763.6674278     
  -1584007923.1333399     
  -1773927927.2874625     
  -1986611501.4971869     
  -2224786121.1859207     
  -2491505944.6090889     
  -2790190926.7082286     
  -3124670614.2730160     
  -3499233182.4642749     
  -3918680339.7254596     
  -4388388803.0902367     
  -4914379129.8361483     
  -5503392785.4096365     
  -6162978432.7545624     
  -6901588545.9565134     
  -7728687582.9705410     
  -8654873099.8118572     
  -9692011353.8393269     
  -10853389128.757065     
  -12153883721.058250     
  -13610153259.476929     
  -15240849788.552988     
  -17066857837.959944     
  -19111561524.496769     
  -21401143597.747799     
  -23964920248.007191     
  -26835715951.338428     
  -30050283137.406616     
  -33649772037.486511     
  -37680256710.093796     
  -42193323958.160194     
  -47246732653.696922     
  -52905151883.675911     
  -59240987335.831131     
  -66335306468.035721     
  -74278874264.159531     
  -83173312788.881104     
  -93132399331.751968     
  -104283519696.96413     
  -116769295172.21883     
  -130749403922.98494     
  -146402620035.40814     
  -163929096203.69138     
  -183552919161.16248     
  -205524970427.93591     
  -230126128836.21844     
  -257670855646.33054     
  -288511207937.72223     
  -323041331411.56622     
  -361702489844.18561     
  -404988695261.16217     
  -453453010547.24402     
  -507714604764.24280     
  -568466651026.66479     
  -636485167504.48438     
  -712638914120.36523     
  -797900470937.08435     
  -893358639260.40662     
  -1000232323303.9510     
  -1119886069089.1938     
  -1253847458324.5771     
  -1403826578590.0933     
  -1571737817546.9219     
  -1759724258430.4695     
  -1970184987144.2539     
  -2205805658270.6772     
  -2469592708722.1074     
  -2764911654096.7964     
  -3095529954666.5381     
  -3465664995964.0537     
  -3880037793893.4756     
  -4343933106980.2471     
  -4863266719728.3027     
  -5444660752093.3213     
  -6095527951964.4102     
  -6824166041563.3486     
  -7639863316264.3916     
  -8553016837124.5352     
  -9575264718201.6719     
  -10719634188549.455     
  -12000707308875.936     
  -13434806446771.105     
  -15040201864979.445     
  -16837344057588.453     
  -18849123782769.719     
  -21101163091814.688     
  -23622141047093.359     
  -26444158261199.219     
  -29603144881486.305     
  -33139317194674.145     
  -37097688642151.086     
  -41528641725831.484     
  -46488568055626.930     
  -52040584652519.852     
  -58255335586782.203     
  -65211889111256.820     
  -72998741658461.234     
  -81714941422846.047     
  -91471345762920.453     
  -102392028351251.67     
  -114615853894922.67     
  -128298240368807.23     
  -143613131075736.12     
  -160755201501208.97     
  -179942328899221.53     
  -201418355867477.22     
  -225456182886616.22     
  -252361228955988.09     
  -282475304110323.94     
  -316180942806070.44     
  -353906252988710.88     
  -396130342166488.94     
  -443389389103628.94     
  -496283437899212.38     
  -555484000338999.44     
  -621742562611530.25     
  -695900103895272.25     
  -778897747094084.38     
  -871788676284573.62     
  -975751471420799.75     
  -1092105028720295.2     
  -1222325255155423.8     
  -1368063747847222.5     
  -1531168694186411.8     
  -1713708256502854.0     
  -1917996736422330.5     
  -2146623849081690.0     
  -2402487476560388.0     
  -2688830313720536.0     
  -3009280868679396.5     
  -3367899334983590.5     
  -3769228913901815.0     
  -4218353233872727.5     
  -4720960590898213.0     
  -5283415819522680.0     
  -5912840700063554.0     
  -6617203915161315.0     
  -7405421688846439.0     
  -8287470375681727.0     
  -9274512417816500.0     
  -10379037255867496.     
  -11615018967526796.     
  -12998092618044876.     
  -14545751541881228.     
  -16277568037800672.     
  -18215440253814272.     
  -20383868367301596.     
  -22810263533523684.     
  -25525293487147476.     
  -28563269141499744.     
  -31962577044808352.     
  -35766163128105320.     
  -40022073822955632.     
  -44784061346782312.     
  -50112260758276512.     
  -56073947285267216.     
  -62744383433721040.     
  -70207766511818808.     
  -78558288461363312.     
  -87901321295823312.     
  -98354743017675168.     
  -1.1005042064700029E+017
  -1.2313586896048435E+017
  -1.3777610573958150E+017
  -1.5415572678608362E+017
  -1.7248122671333850E+017
  -1.9298359459616691E+017
  -2.1592121700046003E+017
  -2.4158312475732410E+017
  -2.7029262414436422E+017
  -3.0241135794177830E+017
  -3.3834384720319322E+017
  -3.7854257058748525E+017
  -4.2351364481292538E+017
  -4.7382317730242362E+017
  -5.3010437048178368E+017
  -5.9306546657609050E+017
  -6.6349863223927693E+017
  -7.4228989407892928E+017
  -8.3043024924819456E+017
  -9.2902808993209331E+017
  -1.0393230969386135E+018
  -1.1627017759190638E+018
  -1.3007148302145987E+018
  -1.4550965872106245E+018
  -1.6277867206618476E+018
  -1.8209545400452518E+018
  -2.0370261499608376E+018
  -2.2787148183266519E+018
  -2.5490549320482007E+018
  -2.8514399634774344E+018
  -3.1896649208658642E+018
  -3.5679738117777244E+018
  -3.9911127107524772E+018
  -4.4643890921626189E+018
  -4.9937381670641910E+018
  -5.5857970498464205E+018
  -6.2479876777290045E+018
  -6.9886095148325765E+018
  -7.8169431940023828E+018
  -8.7433663852972554E+018
  -9.7794833317414257E+018
  -1.0938269662447825E+019
  -1.2234234282649797E+019
  -1.3683600351860271E+019
  -1.5304507597923635E+019
  -1.7117238479051612E+019
  -1.9144471001297826E+019
  -2.1411561328964727E+019
  -2.3946859694215746E+019
  -2.6782063524224389E+019
  -2.9952612164601934E+019
  -3.3498128092269883E+019
  -3.7462910085709087E+019
  -4.1896484462689772E+019
  -4.6854221213058433E+019
  -5.2398022655740592E+019
  -5.8597093144659018E+019
  -6.5528799348756267E+019
  -7.3279631749027086E+019
  -8.1946279244120506E+019
  -9.1636830150974325E+019
  -1.0247211444519485E+020
  -1.1458720382658422E+020
  -1.2813308813966675E+020
  -1.4327854885108241E+020
  -1.6021225271187889E+020
  -1.7914509144272791E+020
  -2.0031279630705417E+020
  -2.2397885981799753E+020
  -2.5043780060134398E+020
  -2.8001881165417546E+020
  -3.1308983694949954E+020
  -3.5006212659800913E+020
  -3.9139532665356236E+020
  -4.3760316621060558E+020
  -4.8925981176956047E+020
  -5.4700696702942400E+020
  -6.1156180540514396E+020
  -6.8372583277194838E+020
  -7.6439478933388853E+020
  -8.5456971223795538E+020
  -9.5536929476292693E+020
  -1.0680436937761891E+021
  -1.1939899548648137E+021
  -1.3347692443241506E+021
  -1.4921260992680317E+021
  -1.6680099317771516E+021
  -1.8645990505250441E+021
  -2.0843274940477585E+021
  -2.3299150041258467E+021
  -2.6044005060407423E+021
  -2.9111795052152147E+021
  -3.2540458574660774E+021
  -3.6372384233632983E+021
  -4.0654931766463577E+021
  -4.5441014030137426E+021
  -5.0789746996754094E+021
  -5.6767175687340032E+021
  -6.3447084897347935E+021
  -7.0911904597078631E+021
  -7.9253721039587676E+021
  -8.8575405891279588E+021
  -9.8991877131769364E+021
  -1.1063150706690108E+022
  -1.2363769458123593E+022
  -1.3817062074524937E+022
  -1.5440920911175947E+022
  -1.7255331451234928E+022
  -1.9282616692740238E+022
  -2.1547710008591850E+022
  -2.4078459789038947E+022
  -2.6905969559880975E+022
  -3.0064977697621039E+022
  -3.3594281340303999E+022
  -3.7537209625424788E+022
  -4.1942151980455148E+022
  -4.6863147854289298E+022
  -5.2360545017141119E+022
  -5.8501734380932702E+022
  -6.5361970211799513E+022
  -7.3025285631924966E+022
  -8.1585514451683731E+022
  -9.1147431648584933E+022
  -1.0182802623188418E+023
  -1.1375792181782404E+023
  -1.2708296200903666E+023
  -1.4196597964361657E+023
  -1.5858877117804427E+023
  -1.7715429991947444E+023
  -1.9788915455581026E+023
  -2.2104629247868393E+023
  -2.4690810079082797E+023
  -2.7578981167532271E+023
  -3.0804331302434346E+023
  -3.4406139992888339E+023
  -3.8428251787368941E+023
  -4.2919605432478703E+023
  -4.7934824190893789E+023
  -5.3534874364136048E+023
  -5.9787799874491016E+023
  -6.6769541661510136E+023
  -7.4564851652600859E+023
  -8.3268312185924858E+023
  -9.2985473010218411E+023
  -1.0383411937471994E+024
  -1.1594568626927222E+024
  -1.2946683559781801E+024
  -1.4456121498790692E+024
  -1.6141141907671049E+024
  -1.8022117649513531E+024
  -2.0121778842344688E+024
  -2.2465484754497918E+024
  -2.5081526951305321E+024
  -2.8001467270803299E+024
  -3.1260514613862098E+024
  -3.4897944988087425E+024
  -3.8957569750208404E+024
  -4.3488257554250496E+024
  -4.8544516139032600E+024
  -5.4187140785579905E+024
  -6.0483937050863331E+024
  -6.7510526247703646E+024
  -7.5351243101539015E+024
  -8.4100136083968414E+024
  -9.3862082112681384E+024
  -1.0475402863104751E+025
  -1.1690637755324006E+025
  -1.3046452719894189E+025
  -1.4559059016390233E+025
  -1.6246530709939804E+025
  -1.8129017862778132E+025
  -2.0228984012807493E+025
  -2.2571470691306981E+025
  -2.5184392041878388E+025
  -2.8098862947303633E+025
  -3.1349564454068960E+025
  -3.4975150710141110E+025
  -3.9018702104888684E+025
  -4.3528229826071788E+025
  -4.8557237633391688E+025
  -5.4165347297650647E+025
  -6.0418994876273637E+025
  -6.7392205797719372E+025
  -7.5167457617949594E+025
  -8.3836640301378505E+025
  -9.3502124977385954E+025
  -1.0427795334351665E+026
  -1.1629116124115615E+026
  -1.2968325143345846E+026
  -1.4461183228485815E+026
  -1.6125244089463801E+026
  -1.7980057129367163E+026
  -2.0047393059568133E+026
  -2.2351494852655952E+026
  -2.4919356856450331E+026
  -2.7781035203979009E+026
  -3.0969992999901683E+026
  -3.4523484147107230E+026
  -3.8482980102139896E+026
  -4.2894644319185998E+026
  -4.7809859664508023E+026
  -5.3285814661894421E+026
  -5.9386155070918097E+026
  -6.6181708010205729E+026
  -7.3751286624844679E+026
  -8.2182584168584587E+026
  -9.1573167336548136E+026
  -1.0203157975259226E+027
  -1.1367856769810339E+027
  -1.2664844147782414E+027
  -1.4109058726646361E+027
  -1.5717114588184468E+027
  -1.7507487670215503E+027
  -1.9500722690406638E+027
  -2.1719662836439694E+027
  -2.4189704696186761E+027
  -2.6939081166070135E+027
  -2.9999175367999780E+027
  -3.3404868928016078E+027
  -3.7194928326108488E+027
  -4.1412433420024605E+027
  -4.6105252679947954E+027
  -5.1326570149781296E+027
  -5.7135469678888797E+027
  -6.3597582550407551E+027
  -7.0785805273978866E+027
  -7.8781095017808363E+027
  -8.7673350933717921E+027
  -9.7562390486255712E+027
  -1.0855903084056999E+028
  -1.2078628640188960E+028
  -1.3438069474108143E+028
  -1.4949378439565331E+028
  -1.6629369941435459E+028
  -1.8496699702772556E+028
  -2.0572063648903845E+028
  -2.2878417895357445E+028
  -2.5441222026369274E+028
  -2.8288708069842297E+028
  -3.1452177814633042E+028
  -3.4966331378741114E+028
  -3.8869630224336607E+028
  -4.3204698129676132E+028
  -4.8018763971071939E+028
  -5.3364150542580040E+028
  -5.9298814049501432E+028
  -6.5886939356833777E+028
  -7.3199596558309435E+028
  -8.1315464958591530E+028
  -9.0321631133695761E+028
  -1.0031446835600913E+029
  -1.1140060534374733E+029
  -1.2369799302377834E+029
  -1.3733707878494680E+029
  -1.5246209854989384E+029
  -1.6923249791038272E+029
  -1.8782449455773190E+029
  -2.0843279529938258E+029
  -2.3127248208789644E+029
  -2.5658108270243720E+029
  -2.8462084301718537E+029
  -3.1568121916765710E+029
  -3.5008160938517703E+029
  -3.8817434681133290E+029
  -4.3034797622628338E+029
  -4.7703083932377385E+029
  -5.2869499493599880E+029
  -5.8586050244486093E+029
  -6.4910009850139470E+029
  -7.1904429909711482E+029
  -7.9638696097022964E+029
  -8.8189133826106058E+029
  -9.7639667222321611E+029
  -1.0808253536109828E+030
  -1.1961906990508616E+030
  -1.3236053842072476E+030
  -1.4642905777973254E+030
  -1.6195858214117746E+030
  -1.7909597005517049E+030
  -1.9800213521736581E+030
  -2.1885328531945640E+030
  -2.4184225326700903E+030
  -2.6717992475125659E+030
  -2.9509676574097761E+030
  -3.2584445287495099E+030
  -3.5969760895004208E+030
  -3.9695564467400726E+030
  -4.3794470653773233E+030
  -4.8301972900271702E+030
  -5.3256658713043003E+030
  -5.8700434322377287E+030
  -6.4678757791740749E+030
  -7.1240879233816874E+030
  -7.8440086333675921E+030
  -8.6333952822467679E+030
  -9.4984586876957561E+030
  -1.0445887562144127E+031
  -1.1482872095654636E+031
  -1.2617126080794870E+031
  -1.3856906854661588E+031
  -1.5211032174538855E+031
  -1.6688892956332139E+031
  -1.8300460584131756E+031
  -2.0056287239451072E+031
  -2.1967497393382355E+031
  -2.4045768246585130E+031
  -2.6303296481908424E+031
  -2.8752748202355540E+031
  -3.1407188351159736E+031
  -3.4279985237127052E+031
  -3.7384685001004550E+031
  -4.0734849938652544E+031
  -4.4343853522294256E+031
  -4.8224623706445869E+031
  -5.2389324640300471E+031
  -5.6848965198229719E+031
  -6.1612920743496506E+031
  -6.6688352208893184E+031
  -7.2079503854991073E+031
  -7.7786857885074015E+031
  -8.3806120376689500E+031
  -9.0127008639818905E+031
  -9.6731805020558968E+031
  -1.0359363620603147E+032
  -1.1067443009550472E+032
  -1.1792249409934257E+032
  -1.2526964909068762E+032
  -1.3262784190106776E+032
  -1.3988514590487719E+032
  -1.4690104350089435E+032
  -1.5350086571839547E+032
  -1.5946924220772636E+032
  -1.6454238887071628E+032
  -1.6839902957266118E+032
  -1.7064971184861230E+032
  -1.7082423324043857E+032
  -1.6835684378546866E+032
  -1.6256883030624570E+032
  -1.5264801955465409E+032
  -1.3762466356561977E+032
  -1.1634310945549701E+032
  -8.7428692268982328E+031
  -4.9250013761962031E+031
  -4.4723908232587705E+027
