   0.0000000000000000     
  -1.1011010049952404E-016
  -2.2155516694689398E-016
  -3.3568630522749739E-016
  -4.5388713622107640E-016
  -5.7759056789266348E-016
  -7.0829616365083968E-016
  -8.4758831746580982E-016
  -9.9715545599610792E-016
  -1.1588105003975684E-015
  -1.3345128357317450E-015
  -1.5263920541375517E-015
  -1.7367737594002927E-015
  -1.9682077455061404E-015
  -2.2234988905094946E-015
  -2.5057411399132097E-015
  -2.8183549911652521E-015
  -3.1651289332625240E-015
  -3.5502653433363796E-015
  -3.9784313960541595E-015
  -4.4548156023599816E-015
  -4.9851906622304174E-015
  -5.5759833925613490E-015
  -6.2343525769563352E-015
  -6.9682756800906382E-015
  -7.7866454766394135E-015
  -8.6993777647818857E-015
  -9.7175314684781750E-015
  -1.0853442582685403E-014
  -1.2120873583249643E-014
  -1.3535180110407626E-014
  -1.5113496943922216E-014
  -1.6874945521388261E-014
  -1.8840865512005895E-014
  -2.1035073249282017E-014
  -2.3484150151209655E-014
  -2.6217764619423336E-014
  -2.9269031314026419E-014
  -3.2674912153136828E-014
  -3.6476663891172385E-014
  -4.0720337693605678E-014
  -4.5457336755179854E-014
  -5.0745038711003662E-014
  -5.6647490374033243E-014
  -6.3236183207684751E-014
  -7.0590918919292131E-014
  -7.8800775650646816E-014
  -8.7965186459120605E-014
  -9.8195143141602525E-014
  -1.0961453997011061E-013
  -1.2236167360081117E-013
  -1.3659091730776888E-013
  -1.5247458980191074E-013
  -1.7020504124992683E-013
  -1.8999698173562075E-013
  -2.1209008033934046E-013
  -2.3675186628504044E-013
  -2.6428096725883465E-013
  -2.9501072408179058E-013
  -3.2931322547250797E-013
  -3.6760381171677694E-013
  -4.1034610173376212E-013
  -4.5805760435929898E-013
  -5.1131598173356824E-013
  -5.7076604056806745E-013
  -6.3712753587080409E-013
  -7.1120388153542059E-013
  -7.9389187316834791E-013
  -8.8619254077065713E-013
  -9.8922326255605963E-013
  -1.1042312864386830E-012
  -1.2326088227481903E-012
  -1.3759098907313337E-012
  -1.5358691226078006E-012
  -1.7144227526206211E-012
  -1.9137320449435739E-012
  -2.1362094437993426E-012
  -2.3845477620590940E-012
  -2.6617527613345074E-012
  -2.9711795175811831E-012
  -3.3165730120033544E-012
  -3.7021134381371640E-012
  -4.1324667730108150E-012
  -4.6128412239237656E-012
  -5.1490502334229797E-012
  -5.7475828043404445E-012
  -6.4156819952508693E-012
  -7.1614325354810391E-012
  -7.9938586190462286E-012
  -8.9230330599365050E-012
  -9.9601991285134252E-012
  -1.1117906542064969E-011
  -1.2410163253655655E-011
  -1.3852604874366638E-011
  -1.5462683777154482E-011
  -1.7259880168441983E-011
  -1.9265937679063883E-011
  -2.1505126322532248E-011
  -2.4004535999340271E-011
  -2.6794404095185284E-011
  -2.9908481133020903E-011
  -3.3384438898721669E-011
  -3.7264325973416411E-011
  -4.1595076178417945E-011
  -4.6429076078067081E-011
  -5.1824798399439869E-011
  -5.7847509024358261E-011
  -6.4570056098115909E-011
  -7.2073750791518009E-011
  -8.0449350360220177E-011
  -8.9798155381310168E-011
  -1.0023323442653172E-010
  -1.1188079097116304E-010
  -1.2488168905592196E-010
  -1.3939315613712774E-010
  -1.5559068370086276E-010
  -1.7367014860589167E-010
  -1.9385018078645710E-010
  -2.1637480592197282E-010
  -2.4151639500200718E-010
  -2.6957895642189195E-010
  -3.0090181038155785E-010
  -3.3586368997773402E-010
  -3.7488731853320295E-010
  -4.1844451845858158E-010
  -4.6706191336154379E-010
  -5.2132729228299370E-010
  -5.8189671293593050E-010
  -6.4950242974713052E-010
  -7.2496174246203169E-010
  -8.0918687218955813E-010
  -9.0319598417023553E-010
  -1.0081254903975631E-009
  -1.1252437806763351E-009
  -1.2559665479489456E-009
  -1.4018738929698137E-009
  -1.5647294148912220E-009
  -1.7465015183003143E-009
  -1.9493871940060871E-009
  -2.1758385607398117E-009
  -2.4285924882628069E-009
  -2.7107036595740263E-009
  -3.0255814714253215E-009
  -3.3770312186854337E-009
  -3.7693000598037184E-009
  -4.2071283183352189E-009
  -4.6958067398961881E-009
  -5.2412403958005224E-009
  -5.8500200048499800E-009
  -6.5295015342822196E-009
  -7.2878950408006441E-009
  -8.1343638241240182E-009
  -9.0791350899469727E-009
  -1.0133623458095923E-008
  -1.1310568806673828E-008
  -1.2624190115981272E-008
  -1.4090357169066804E-008
  -1.5726782181224958E-008
  -1.7553233671224221E-008
  -1.9591775155409392E-008
  -2.1867031545319507E-008
  -2.4406486463705351E-008
  -2.7240814066849934E-008
  -3.0404249377389179E-008
  -3.3935001596417983E-008
  -3.7875715382150177E-008
  -4.2273985661031729E-008
  -4.7182932182960008E-008
  -5.2661840752924801E-008
  -5.8776878875645771E-008
  -6.5601894447332876E-008
  -7.3219307130360836E-008
  -8.1721103164499857E-008
  -9.1209945615858935E-008
  -1.0180041345691119E-007
  -1.1362038442466449E-007
  -1.2681257833794250E-007
  -1.4153627948974782E-007
  -1.5796925889011385E-007
  -1.7630991954473879E-007
  -1.9677969064407774E-007
  -2.1962569953885717E-007
  -2.4512375372733800E-007
  -2.7358166881745107E-007
  -3.0534298259819984E-007
  -3.4079110000973669E-007
  -3.8035391899635380E-007
  -4.2450899302388726E-007
  -4.7378929251255121E-007
  -5.2878963465595482E-007
  -5.9017385915397547E-007
  -6.5868283637834520E-007
  -7.3514340452355315E-007
  -8.2047834349286086E-007
  -9.1571750576474004E-007
  -1.0220102384293945E-006
  -1.1406392461461807E-006
  -1.2730360621381285E-006
  -1.4207983137185348E-006
  -1.5857089904701580E-006
  -1.7697579473303344E-006
  -1.9751659017659939E-006
  -2.2044112142753965E-006
  -2.4602597749903466E-006
  -2.7457983565775257E-006
  -3.0644718354010431E-006
  -3.4201247295132557E-006
  -3.8170475540484532E-006
  -4.2600285526303874E-006
  -4.7544114281685241E-006
  -5.3061597686890984E-006
  -5.9219289444955617E-006
  -6.6091463429497769E-006
  -7.3761009075936799E-006
  -8.2320430604000469E-006
  -9.1872962109994664E-006
  -1.0253381196283914E-005
  -1.1443155149515233E-005
  -1.2770966471843573E-005
  -1.4252827773058061E-005
  -1.5906608864783298E-005
  -1.7752252130805162E-005
  -1.9812012868663376E-005
  -2.2110727497329315E-005
  -2.4676112861313522E-005
  -2.7539100235955680E-005
  -3.0734208056445764E-005
  -3.4299957859335155E-005
  -3.8279338445530442E-005
  -4.2720323854278821E-005
  -4.7676451385437324E-005
  -5.3207466630160355E-005
  -5.9380043276738100E-005
  -6.6268586358374015E-005
  -7.3956128614030079E-005
  -8.2535330754174681E-005
  -9.2109597673818323E-005
  -1.0279432405066008E-004
  -1.1471828432327332E-004
  -1.2802518378176176E-004
  -1.4287538944210938E-004
  -1.5944786153884811E-004
  -1.7794230888468798E-004
  -1.9858159403942621E-004
  -2.2161441723616179E-004
  -2.4731831136673161E-004
  -2.7600298407067929E-004
  -3.0801404714795834E-004
  -3.4373717817516911E-004
  -3.8360276440444152E-004
  -4.2809108482561741E-004
  -4.7773809274588580E-004
  -5.3314186846430578E-004
  -5.9496981967853684E-004
  -6.6396671625445298E-004
  -7.4096365602425236E-004
  -8.2688806947577844E-004
  -9.2277488368962095E-004
  -1.0297789798213023E-003
  -1.1491890939810141E-003
  -1.2824433287198674E-003
  -1.4311464616980005E-003
  -1.5970892597188906E-003
  -1.7822700304254218E-003
  -1.9889186708564048E-003
  -2.2195235020805223E-003
  -2.4768612126187151E-003
  -2.7640302707382111E-003
  -3.0844882074006564E-003
  -3.4420932181740476E-003
  -3.8411505843322534E-003
  -4.2864644712903854E-003
  -4.7833957271548721E-003
  -5.3379263762800043E-003
  -5.9567315831840269E-003
  -6.6472599519537736E-003
  -7.4178231264355656E-003
  -8.2776957682743294E-003
  -9.2372271145647368E-003
  -1.0307965456014924E-002
  -1.1502797031765573E-002
  -1.2836101010218563E-002
  -1.4323922418489758E-002
  -1.5984165098729596E-002
  -1.7836807010141720E-002
  -1.9904140463961786E-002
  -2.2211040178157997E-002
  -2.4785262372776652E-002
  -2.7657778499690706E-002
  -3.0863147616492014E-002
  -3.4439931878390319E-002
  -3.8431160139814839E-002
  -4.2884845235170541E-002
  -4.7854561152814716E-002
  -5.3400087035524561E-002
  -5.9588125743152476E-002
  -6.6493105608440808E-002
  -7.4198075015832324E-002
  -8.2795700547550158E-002
  -9.2389380684600980E-002
 -0.10309448843759274     
 -0.11503975782999355     
 -0.12836883088325696     
 -0.14324198367981067     
 -0.15983805222935940     
 -0.17835658126206455     
 -0.19902022174769474     
 -0.22207740592487513     
 -0.24780533195489682     
 -0.27651329403011049     
 -0.30854639791227489     
 -0.34428970650105906     
 -0.38417286519265731     
 -0.42867526254502270     
 -0.47833178818857119     
 -0.53373925708633763     
 -0.59556357724136533     
 -0.66454774686739904     
 -0.74152077698861540     
 -0.82740764653441445     
 -0.92324040937923657     
  -1.0301705865933823     
  -1.1494829925844323     
  -1.2826111610048210     
  -1.4311545554854204     
  -1.5968977716575221     
  -1.7818319608027686     
  -1.9881787321084432     
  -2.2184168202231942     
  -2.4753118379617223     
  -2.7619494709933456     
  -3.0817725126116664     
  -3.4386221827150267     
  -3.8367842264813654     
  -4.2810403455114683     
  -4.7767255781275484     
  -5.3297923168149088     
  -5.9468817303369086     
  -6.6354034467899883     
  -7.4036244528584971     
  -8.2607682749637572     
  -9.2171256312001422     
  -10.284177880387938     
  -11.474734747893313     
  -12.803087978905362     
  -14.285182760665720     
  -15.938808968001702     
  -17.783814523966385     
  -19.842343432280337     
  -22.139101333769574     
  -24.701651768638680     
  -27.560746694151124     
  -30.750695217510376     
  -34.309774961353405     
  -38.280690989756984     
  -42.711087792123656     
  -47.654120457570407     
  -53.169091881087091     
  -59.322163633239448     
  -66.187149007017553     
  -73.846397739120775     
  -82.391783000287418     
  -91.925802473344760     
  -102.56280670310663     
  -114.43036942541016     
  -127.67081628166873     
  -142.44293022063940     
  -158.92385400331585     
  -177.31121258523731     
  -197.82548078123563     
  -220.71262455217598     
  -246.24704752664786     
  -274.73487802195723     
  -306.51763590178984     
  -341.97632315123150     
  -381.53598711773174     
  -425.67081101963248     
  -474.90979262959371     
  -529.84307907396453     
  -591.12903353489753     
  -659.50211839350288     
  -735.78168911411842     
  -820.88180405843104     
  -915.82216756375942     
  -1021.7403371673461     
  -1139.9053409697958     
  -1271.7328679862610     
  -1418.8022131348898     
  -1582.8751794828681     
  -1765.9171637614907     
  -1970.1206772522889     
  -2197.9315832478278     
  -2452.0783647506569     
  -2735.6047722795506     
  -3051.9062420356836     
  -3404.7705197246692     
  -3798.4229755710221     
  -4237.5771520990165     
  -4727.4911487567761     
  -5274.0305171744494     
  -5883.7384186041745     
  -6563.9138818168640     
  -7322.6990964631459     
  -8169.1767847968786     
  -9113.4788149963588     
  -10166.907353535868     
  -11342.070003758998     
  -12653.030544770658     
  -14115.477070987308     
  -15746.909540385437     
  -17566.848971142681     
  -19597.070784735992     
  -21861.865081726788     
  -24388.326957858939     
  -27206.680326552636     
  -30350.639113667308     
  -33857.810136295077     
  -37770.142474645079     
  -42134.428700715202     
  -47002.863946028563     
  -52433.669480608296     
  -58491.788244793694     
  -65249.660633630068     
  -72788.089790614555     
  -81197.206734950421     
  -90577.546836864087     
  -101041.25048315019     
  -112713.40225573772     
  -125733.52459734588     
  -140257.24377988293     
  -156458.14804505694     
  -174529.86007716830     
  -194688.34852249979     
  -217174.50611852095     
  -242257.02517318240     
  -270235.60467770312     
  -301444.52728761511     
  -336256.64881343860     
  -375087.84777665418     
  -418401.98806707916     
  -466716.45384953899     
  -520608.32268356398     
  -580721.25042079506     
  -647773.14992126625     
  -722564.75508254254     
  -805989.17221725557     
  -899042.53257022751     
  -1002835.8728758974     
  -1118608.3854760118     
  -1247742.1958203104     
  -1391778.8433530251     
  -1552437.6620615055     
  -1731636.2795711390     
  -1931513.4788816341     
  -2154454.6949532572     
  -2403120.4497018377     
  -2680478.0639207177     
  -2989837.0236317245     
  -3334888.4218387008     
  -3719748.9451326169     
  -4149009.9286524653     
  -4627792.0631830851     
  -5161806.4053855231     
  -5757422.4171056878     
  -6421743.8432827834     
  -7162693.3311725901     
  -7989106.7975184191     
  -8910838.6661780104     
  -9938879.2279232964     
  -11085485.518204981     
  -12364327.269325562     
  -13790649.672598520     
  -15381454.885813907     
  -17155704.444050878     
  -19134544.980218224     
  -21341559.938610408     
  -23803050.273523442     
  -26548347.469243813     
  -29610162.601587772     
  -33024975.589178465     
  -36833469.259880610     
  -41081013.389923483     
  -45818204.466541700     
  -51101467.586481728     
  -56993727.640301183     
  -63565157.754768655     
  -70894013.882600009     
  -79067565.451106668     
  -88183133.121195823     
  -98349245.979055256     
  -109686931.89983042     
  -122331156.40244384     
  -136432427.07612506     
  -152158582.62307471     
  -169696787.75123209     
  -189255757.59227508     
  -211068238.04165810     
  -235393771.45190051     
  -262521780.49339947     
  -292775006.76878738     
  -326513344.97192979     
  -364138118.07081521     
  -406096844.22029990     
  -452888551.93776554     
  -505069706.57116663     
  -563260818.33151543     
  -628153810.23624456     
  -700520233.31158090     
  -781220426.43749702     
  -871213729.40663576     
  -971569870.24108720     
  -1083481661.7154741     
  -1208279157.5358133     
  -1347445435.9042623     
  -1502634197.4643452     
  -1675689386.0971894     
  -1868667064.9804387     
  -2083859807.0106480     
  -2323823888.4423656     
  -2591409607.7641578     
  -2889795088.8052311     
  -3222523968.2825971     
  -3593547413.9445853     
  -4007270970.6843123     
  -4468606789.0910549     
  -4983031854.5522079     
  -5556652905.9647608     
  -6196278812.2001266     
  -6909501262.6228409     
  -7704784726.2321196     
  -8591566743.5346737     
  -9580369737.3595676     
  -10682925664.931164     
  -11912314985.229328     
  -13283121584.775887     
  -14811605493.486250     
  -16515895432.337515     
  -18416203468.805248     
  -20535064317.070812     
  -22897602110.975670     
  -25531827802.026310     
  -28468970696.254959     
  -31743848046.674202     
  -35395277067.174370     
  -39466534234.289703     
  -44005867301.196594     
  -49067066070.174240     
  -54710098662.874229     
  -61001820800.269714     
  -68016766465.178947     
  -75838029279.912430     
  -84558245001.170761     
  -94280686726.402481     
  -105120485734.44092     
  -117205992364.00197     
  -130680292983.95325     
  -145702900948.56549     
  -162451641480.85074     
  -181124752711.67737     
  -201943227648.47849     
  -225153424684.96161     
  -251029977425.62292     
  -279879038123.22424     
  -312041892955.10492     
  -347898991741.40601     
  -387874439586.38208     
  -432441003360.25323     
  -482125691997.31714     
  -537515976337.42700     
  -599266721761.68103     
  -668107915257.55127     
  -744853277892.09680     
  -830409864083.95837     
  -925788760667.66772     
  -1032117011673.5026     
  -1150650909154.2947     
  -1282790806446.2117     
  -1430097628141.7776     
  -1594311270990.0068     
  -1777371112154.1560     
  -1981438866012.5432     
  -2208924058272.2134     
  -2462512416902.0508     
  -2745197513641.2773     
  -3060316028002.1938     
  -3411587048209.3979     
  -3803155870899.3652     
  -4239642814198.7705     
  -4726197617625.2344     
  -5268560067798.5527     
  -5873127561980.7910     
  -6547030402834.1934     
  -7298215708448.3906     
  -8135540922702.9707     
  -9068878023579.4004     
  -10109229652432.943     
  -11268858526946.545     
  -12561431656147.146     
  -14002181049289.357     
  -15608082803627.855     
  -17398056671365.039     
  -19393188445888.367     
  -21616977774602.477     
  -24095614303334.207     
  -26858285388918.156     
  -29937518986026.598     
  -33369565725901.598     
  -37194824663179.836     
  -41458317677821.305     
  -46210218088217.430     
  -51506439665498.484     
  -57409292945273.812     
  -63988216519752.594     
  -71320591869575.609     
  -79492651270950.156     
  -88600489401192.875     
  -98751190477215.156     
  -110064084110938.50     
  -122672144568813.89     
  -136723549797036.12     
  -152383418439177.25     
  -169835745150515.19     
  -189285556827470.84     
  -210961314948205.44     
  -235117592091543.75     
  -262038053899356.50     
  -292038781309530.00     
  -325471971854068.06     
  -362730063235805.56     
  -404250327319001.69     
  -450519988150881.19     
  -502081923736660.31     
  -559541018090609.62     
  -623571237659194.38     
  -694923514647181.25     
  -774434529171663.25     
  -863036492631205.50     
  -961768046329072.75     
  -1071786402365862.5     
  -1194380868268256.5     
  -1330987912914486.5     
  -1483207949239973.0     
  -1652824029166039.8     
  -1841822668421804.5     
  -2052417043681633.2     
  -2287072832004481.0     
  -2548536993256006.0     
  -2839869830374701.0     
  -3164480700404818.0     
  -3526167791601770.5     
  -3929162429110003.0     
  -4378178424264570.5     
  -4878467041083200.0     
  -5435878218671477.0     
  -6056928760812639.0     
  -6748878284793047.0     
  -7519813811457431.0     
  -8378743978632492.0     
  -9335703971559192.0     
  -10401872388119182.     
  -11589701394861328.     
  -12913061683723864.     
  -14387403910680262.     
  -16029938488286994.     
  -17859835816476778.     
  -19898449272367484.     
  -22169563543067444.     
  -24699671178482256.     
  -27518280567338888.     
  -30658258902793188.     
  -34156214108253816.     
  -38052920144088216.     
  -42393790616847712.     
  -47229406170317160.     
  -52616101758466376.     
  -58616620591387288.     
  -65300842314475352.     
  -72746593837287712.     
  -81040552181507952.     
  -90279249778201488.     
  -1.0057019382522397E+017
  -1.1203311262978235E+017
  -1.2480134332380909E+017
  -1.3902337696775331E+017
  -1.5486457887026730E+017
  -1.7250910396781965E+017
  -1.9216202935258381E+017
  -2.1405172853471638E+017
  -2.3843251480492758E+017
  -2.6558758415685008E+017
  -2.9583229167149850E+017
  -3.2951779909742989E+017
  -3.6703513562383795E+017
  -4.0881971858843802E+017
  -4.5535638614179635E+017
  -5.0718499976499136E+017
  -5.6490668107519258E+017
  -6.2919075462848371E+017
  -7.0078247652397018E+017
  -7.8051163762017178E+017
  -8.6930214019651878E+017
  -9.6818265804359258E+017
  -1.0782985023725350E+018
  -1.2009248297379914E+018
  -1.3374813435271004E+018
  -1.4895486576540644E+018
  -1.6588865101099584E+018
  -1.8474540351667241E+018
  -2.0574323265629537E+018
  -2.2912495501743181E+018
  -2.5516088937903800E+018
  -2.8415196740124964E+018
  -3.1643319563219154E+018
  -3.5237750844515430E+018
  -3.9240005597834255E+018
  -4.3696297610919040E+018
  -4.8658070501211720E+018
  -5.4182588698500905E+018
  -6.0333595105507717E+018
  -6.7182042946625311E+018
  -7.4806910159374223E+018
  -8.3296105622217226E+018
  -9.2747477556800287E+018
  -1.0326993560424042E+019
  -1.1498469936687399E+019
  -1.2802668764347851E+019
  -1.4254606418358508E+019
  -1.5870995756310569E+019
  -1.7670437475912382E+019
  -1.9673633019857367E+019
  -2.1903621449838862E+019
  -2.4386042983100051E+019
  -2.7149432186935849E+019
  -3.0225544162384105E+019
  -3.3649717421727117E+019
  -3.7461277579562246E+019
  -4.1703986438749749E+019
  -4.6426541565681943E+019
  -5.1683132019791454E+019
  -5.7534056536417305E+019
  -6.4046411167176385E+019
  -7.1294854165732377E+019
  -7.9362456778080354E+019
  -8.8341649564909289E+019
  -9.8335274960086041E+019
  -1.0945775796584071E+020
  -1.2183640821517571E+020
  -1.3561286811020109E+020
  -1.5094472338799015E+020
  -1.6800729429145295E+020
  -1.8699562755196731E+020
  -2.0812671164565910E+020
  -2.3164194029136885E+020
  -2.5780985194331528E+020
  -2.8692917612620821E+020
  -3.1933222089940455E+020
  -3.5538863955779342E+020
  -3.9550961892277912E+020
  -4.4015253629404211E+020
  -4.8982613737389896E+020
  -5.4509629329904350E+020
  -6.0659240138358666E+020
  -6.7501450136408805E+020
  -7.5114118692102144E+020
  -8.3583840111990368E+020
  -9.3006921426690585E+020
  -1.0349046936166694E+021
  -1.1515359865247215E+021
  -1.2812877521370080E+021
  -1.4256330917030066E+021
  -1.5862101442513294E+021
  -1.7648405328603964E+021
  -1.9635498672944555E+021
  -2.1845905315819561E+021
  -2.4304670104387411E+021
  -2.7039640365597207E+021
  -3.0081778720270136E+021
  -3.3465510717509452E+021
  -3.7229111153510905E+021
  -4.1415133366173450E+021
  -4.6070886271312808E+021
  -5.1248964432920754E+021
  -5.7007837044517257E+021
  -6.3412502347561336E+021
  -7.0535214733162583E+021
  -7.8456292572779197E+021
  -8.7265015710859521E+021
  -9.7060622537085399E+021
  -1.0795341764865387E+022
  -1.2006600232569076E+022
  -1.3353464138851204E+022
  -1.4851078149853936E+022
  -1.6516273762131451E+022
  -1.8367756620806098E+022
  -2.0426314569136189E+022
  -2.2715048715264555E+022
  -2.5259630052855113E+022
  -2.8088584450675428E+022
  -3.1233609134925263E+022
  -3.4729924130542109E+022
  -3.8616662507490170E+022
  -4.2937303699207041E+022
  -4.7740154627426458E+022
  -5.3078883885482154E+022
  -5.9013114806427617E+022
  -6.5609083878968960E+022
  -7.2940371680048347E+022
  -8.1088714275398997E+022
  -9.0144903906787794E+022
  -1.0020978874611707E+023
  -1.1139538256220402E+023
  -1.2382609632710441E+023
  -1.3764010509770374E+023
  -1.5299086495869355E+023
  -1.7004879642017423E+023
  -1.8900315244378534E+023
  -2.1006409124405271E+023
  -2.3346497619712656E+023
  -2.5946492761001052E+023
  -2.8835165378490597E+023
  -3.2044459178323695E+023
  -3.5609839158303084E+023
  -3.9570678096561516E+023
  -4.3970685250063564E+023
  -4.8858381846374379E+023
  -5.4287628446486234E+023
  -6.0318209803743514E+023
  -6.7016483449656074E+023
  -7.4456098907831352E+023
  -8.2718795179226614E+023
  -9.1895284962977112E+023
  -1.0208623498553656E+024
  -1.1340335281597931E+024
  -1.2597059165722848E+024
  -1.3992548583291069E+024
  -1.5542063104987906E+024
  -1.7262532502085875E+024
  -1.9172738569522646E+024
  -2.1293516618526644E+024
  -2.3647978750869188E+024
  -2.6261761251600066E+024
  -2.9163298685564902E+024
  -3.2384127557564255E+024
  -3.5959222699405175E+024
  -3.9927369882299499E+024
  -4.4331578523367002E+024
  -4.9219538764026213E+024
  -5.4644127649788110E+024
  -6.0663969639797446E+024
  -6.7344057225223481E+024
  -7.4756438043603127E+024
  -8.2980975547333036E+024
  -9.2106191025124758E+024
  -1.0223019559245258E+025
  -1.1346172166861164E+025
  -1.2592126445250830E+025
  -1.3974234500611500E+025
  -1.5507290776394682E+025
  -1.7207686662027995E+025
  -1.9093581521555942E+025
  -2.1185091866317166E+025
  -2.3504500574244439E+025
  -2.6076488254978509E+025
  -2.8928389076525898E+025
  -3.2090473607633622E+025
  -3.5596261492558884E+025
  -3.9482867063840718E+025
  -4.3791381316619315E+025
  -4.8567294017825289E+025
  -5.3860960108266617E+025
  -5.9728114978656575E+025
  -6.6230443665639906E+025
  -7.3436209524918517E+025
  -8.1420948500047026E+025
  -9.0268235722156874E+025
  -1.0007053185299976E+026
  -1.1093011732696613E+026
  -1.2296012346332395E+026
  -1.3628567031457195E+026
  -1.5104512209782511E+026
  -1.6739147213149716E+026
  -1.8549387037783156E+026
  -2.0553930798240550E+026
  -2.2773447461470476E+026
  -2.5230780596018941E+026
  -2.7951174040576143E+026
  -3.0962520580997700E+026
  -3.4295635927046873E+026
  -3.7984560500867247E+026
  -4.2066891790201046E+026
  -4.6584150282324639E+026
  -5.1582182281411232E+026
  -5.7111603224508188E+026
  -6.3228285451622340E+026
  -6.9993894755765067E+026
  -7.7476480441584016E+026
  -8.5751124058901235E+026
  -9.4900652452734775E+026
  -1.0501642128698200E+027
  -1.1619917575780815E+027
  -1.2855999581795766E+027
  -1.4222133388785293E+027
  -1.5731815373673420E+027
  -1.7399917998057519E+027
  -1.9242826846649724E+027
  -2.1278590869933399E+027
  -2.3527087041829455E+027
  -2.6010200745369495E+027
  -2.8752023308870262E+027
  -3.1779068232199443E+027
  -3.5120507767689152E+027
  -3.8808431653322131E+027
  -4.2878129937164337E+027
  -4.7368401981752937E+027
  -5.2321893895288336E+027
  -5.7785466802928279E+027
  -6.3810598546007940E+027
  -7.0453821579209467E+027
  -7.7777200024967376E+027
  -8.5848849039863235E+027
  -9.4743499848273776E+027
  -1.0454311400257231E+028
  -1.1533755063479618E+028
  -1.2722529066943118E+028
  -1.4031422216777012E+028
  -1.5472249116741842E+028
  -1.7057942256135096E+028
  -1.8802651572390223E+028
  -2.0721851972948697E+028
  -2.2832459311565660E+028
  -2.5152955320569876E+028
  -2.7703522001597335E+028
  -3.0506185971603557E+028
  -3.3584973246936987E+028
  -3.6966074924045822E+028
  -4.0678024178787274E+028
  -4.4751884954725677E+028
  -4.9221452641221136E+028
  -5.4123466950994904E+028
  -5.9497837090099296E+028
  -6.5387879166037333E+028
  -7.1840565596613558E+028
  -7.8906786056508559E+028
  -8.6641619223089167E+028
  -9.5104614248952373E+028
  -1.0436008048616606E+029
  -1.1447738350457553E+029
  -1.2553124487058398E+029
  -1.3760204246814020E+029
  -1.5077610733260441E+029
  -1.6514601201036868E+029
  -1.8081084432917792E+029
  -1.9787645913913238E+029
  -2.1645569903144803E+029
  -2.3666857322572142E+029
  -2.5864238169596970E+029
  -2.8251176913437979E+029
  -3.0841869047594452E+029
  -3.3651226636559681E+029
  -3.6694850307173815E+029
  -3.9988984685563248E+029
  -4.3550453760274161E+029
  -4.7396572050410137E+029
  -5.1545026762238932E+029
  -5.6013725315006397E+029
  -6.0820601690755630E+029
  -6.5983373995682660E+029
  -7.1519244391240830E+029
  -7.7444531138123195E+029
  -8.3774220868271138E+029
  -9.0521427328133270E+029
  -9.7696740684995307E+029
  -1.0530744901664974E+030
  -1.1335661076640291E+030
  -1.2184195368710160E+030
  -1.3075457205840688E+030
  -1.4007738967094432E+030
  -1.4978335114896394E+030
  -1.5983329853770938E+030
  -1.7017348360724285E+030
  -1.8073265889981254E+030
  -1.9141868203387655E+030
  -2.0211455801489301E+030
  -2.1267383310760494E+030
  -2.2291524098645901E+030
  -2.3261648715906244E+030
  -2.4150704077703897E+030
  -2.4925978359681087E+030
  -2.5548134367870580E+030
  -2.5970091603043283E+030
  -2.6135734340504149E+030
  -2.5978419747387662E+030
  -2.5419256337642237E+030
  -2.4365118943550815E+030
  -2.2706362026817703E+030
  -2.0314189177929090E+030
  -1.7037635327673827E+030
  -1.2700129514508871E+030
  -7.0956978915123110E+029
  -6.4435990393385122E+025
