   0.0000000000000000     
  -1.1011010049952404E-016
  -2.2174042231689247E-016
  -3.3643213037935822E-016
  -4.5576860528043627E-016
  -5.8139730083113737E-016
  -7.1505248475224245E-016
  -8.5857917637080911E-016
  -1.0139586116777678E-015
  -1.1833355871555617E-015
  -1.3690480596853111E-015
  -1.5736594109488152E-015
  -1.7999938214805507E-015
  -2.0511752424050417E-015
  -2.3306705025066422E-015
  -2.6423371453057534E-015
  -2.9904766560439654E-015
  -3.3798938128097059E-015
  -3.8159629804904467E-015
  -4.3047022619815818E-015
  -4.8528565294356792E-015
  -5.4679904807926315E-015
  -6.1585930050794351E-015
  -6.9341942959137723E-015
  -7.8054973284378882E-015
  -8.7845255129719143E-015
  -9.8847885617389339E-015
  -1.1121468856152654E-014
  -1.2511630884834266E-014
  -1.4074456640634501E-014
  -1.5831510222864729E-014
  -1.7807035293620834E-014
  -2.0028289490065858E-014
  -2.2525920404065564E-014
  -2.5334388313667842E-014
  -2.8492441495481284E-014
  -3.2043650671923674E-014
  -3.6037009962568656E-014
  -4.0527612625654128E-014
  -4.5577410906864462E-014
  -5.1256070471969650E-014
  -5.7641931203776789E-014
  -6.4823087610090763E-014
  -7.2898603738198380E-014
  -8.1979879345502836E-014
  -9.2192186160894436E-014
  -1.0367639541597819E-013
  -1.1659092046169550E-013
  -1.3111390125050361E-013
  -1.4744566079796132E-013
  -1.6581146748624682E-013
  -1.8646464128745212E-013
  -2.0969004672453968E-013
  -2.3580802071791453E-013
  -2.6517878945909569E-013
  -2.9820743519253771E-013
  -3.3534948136510643E-013
  -3.7711717312445641E-013
  -4.2408653972999354E-013
  -4.7690533621523358E-013
  -5.3630197375663452E-013
  -6.0309556182827804E-013
  -6.7820720054179512E-013
  -7.6267267879769378E-013
  -8.5765675324504675E-013
  -9.6446920482815385E-013
  -1.0845828941913270E-012
  -1.2196540647537080E-012
  -1.3715451732343452E-012
  -1.5423505622301674E-012
  -1.7344253286055872E-012
  -1.9504177854815343E-012
  -2.1933059651201319E-012
  -2.4664386656708048E-012
  -2.7735816073410459E-012
  -3.1189693339423338E-012
  -3.5073635749082138E-012
  -3.9441188718771106E-012
  -4.4352563740026292E-012
  -4.9875468186768701E-012
  -5.6086038408770121E-012
  -6.3069888966144093E-012
  -7.0923292459374659E-012
  -7.9754506208174172E-012
  -8.9685264055063732E-012
  -1.0085245384384497E-011
  -1.1341000368039071E-011
  -1.2753100295863353E-011
  -1.4341008736786174E-011
  -1.6126612073295478E-011
  -1.8134521062705359E-011
  -2.0392409929264156E-011
  -2.2931397657538465E-011
  -2.5786476738649155E-011
  -2.8996995274380372E-011
  -3.2607199078926003E-011
  -3.6666841244193785E-011
  -4.1231867563526642E-011
  -4.6365187253210672E-011
  -5.2137539585595647E-011
  -5.8628468368221714E-011
  -6.5927417688201139E-011
  -7.4134964010681981E-011
  -8.3364201597499632E-011
  -9.3742300322938627E-011
  -1.0541225733692865E-010
  -1.1853486669465003E-010
  -1.3329093407214671E-010
  -1.4988376706143337E-010
  -1.6854197533216314E-010
  -1.8952261921239654E-010
  -2.1311475003707340E-010
  -2.3964339100543061E-010
  -2.6947401335202962E-010
  -3.0301756945368839E-010
  -3.4073615216024960E-010
  -3.8314935825623922E-010
  -4.3084144365164655E-010
  -4.8446936879663085E-010
  -5.4477184506683477E-010
  -6.1257950664171026E-010
  -6.8882634788735679E-010
  -7.7456258367090449E-010
  -8.7096910961501774E-010
  -9.7937376131801625E-010
  -1.1012695963202560E-009
  -1.2383354504312993E-009
  -1.3924590513278828E-009
  -1.5657630075202146E-009
  -1.7606340303476817E-009
  -1.9797557911487643E-009
  -2.2261458657656573E-009
  -2.5031972747796504E-009
  -2.8147251911021306E-009
  -3.1650194576376764E-009
  -3.5589036376678013E-009
  -4.0018014104756696E-009
  -4.4998112257793832E-009
  -5.0597902441538502E-009
  -5.6894487183608747E-009
  -6.3974561141305832E-009
  -7.1935604304194308E-009
  -8.0887223607309832E-009
  -9.0952661412220894E-009
  -1.0227049160835331E-008
  -1.1499652666754474E-008
  -1.2930596188620948E-008
  -1.4539578631164755E-008
  -1.6348749351677650E-008
  -1.8383012951131758E-008
  -2.0670371971392245E-008
  -2.3242312212261276E-008
  -2.6134235968188553E-008
  -2.9385949143447114E-008
  -3.3042208945459981E-008
  -3.7153339688956754E-008
  -4.1775925180189162E-008
  -4.6973587203412836E-008
  -5.2817860815721248E-008
  -5.9389178487367955E-008
  -6.6777976621227962E-008
  -7.5085939667593946E-008
  -8.4427398942202347E-008
  -9.4930905382231285E-008
  -1.0674099786623727E-007
  -1.2002019141245556E-007
  -1.3495121259252536E-007
  -1.5173951289604737E-007
  -1.7061609460213158E-007
  -1.9184068800974563E-007
  -2.1570532370824839E-007
  -2.4253834899934291E-007
  -2.7270894368641071E-007
  -3.0663219731065909E-007
  -3.4477481763002336E-007
  -3.8766154881231372E-007
  -4.3588238756787173E-007
  -4.9010069641297924E-007
  -5.5106232558408759E-007
  -6.1960586898395018E-007
  -6.9667419512434235E-007
  -7.8332741155028702E-007
  -8.8075744092820293E-007
  -9.9030440912571290E-007
  -1.1134750705081075E-006
  -1.2519635236676320E-006
  -1.4076745022712195E-006
  -1.5827495610922446E-006
  -1.7795965170681479E-006
  -2.0009225499446142E-006
  -2.2497714173424567E-006
  -2.5295652956057890E-006
  -2.8441518213356184E-006
  -3.1978569799541333E-006
  -3.5955445679626442E-006
  -4.0426830458530753E-006
  -4.5454207001488481E-006
  -5.1106701471796560E-006
  -5.7462033395028569E-006
  -6.4607583801333741E-006
  -7.2641596119144491E-006
  -8.1674526316794042E-006
  -9.1830560838224820E-006
  -1.0324932318328342E-005
  -1.1608779257367834E-005
  -1.3052246105808052E-005
  -1.4675175868404732E-005
  -1.6499878004538681E-005
  -1.8551434965176916E-005
  -2.0858046821963047E-005
  -2.3451418721354481E-005
  -2.6367196484704029E-005
  -2.9645456336198909E-005
  -3.3331255483692053E-005
  -3.7475251112885724E-005
  -4.2134396294519729E-005
  -4.7372722360062052E-005
  -5.3262218488386183E-005
  -5.9883820580332249E-005
  -6.7328522998196295E-005
  -7.5698628433655042E-005
  -8.5109153063548816E-005
  -9.5689406284322183E-005
  -1.0758476671199911E-004
  -1.2095867882821532E-004
  -1.3599489768099571E-004
  -1.5290001245318386E-004
  -1.7190628353840108E-004
  -1.9327483206662026E-004
  -2.1729922565789654E-004
  -2.4430950961983197E-004
  -2.7467673891653322E-004
  -3.0881807310797371E-004
  -3.4720250418302314E-004
  -3.9035729589288580E-004
  -4.3887522295336880E-004
  -4.9342270945813881E-004
  -5.5474897818139361E-004
  -6.2369633631632047E-004
  -7.0121173878548177E-004
  -7.8835978778460684E-004
  -8.8633734692244851E-004
  -9.9648997046648379E-004
  -1.1203303731009227E-003
  -1.2595591935910331E-003
  -1.4160883372098673E-003
  -1.5920672171513485E-003
  -1.7899122549121626E-003
  -2.0123400443189600E-003
  -2.2624046341195901E-003
  -2.5435394405361172E-003
  -2.8596043646672469E-003
  -3.2149387609986648E-003
  -3.6144209835097872E-003
  -4.0635353260539782E-003
  -4.5684472750723727E-003
  -5.1360881066682858E-003
  -5.7742499881814069E-003
  -6.4916928884141368E-003
  -7.2982647625495145E-003
  -8.2050366597795233E-003
  -9.2244546062271778E-003
  -1.0370510345698466E-002
  -1.1658933279291090E-002
  -1.3107406235457277E-002
  -1.4735808028748125E-002
  -1.6566486132631352E-002
  -1.8624563204502190E-002
  -2.0938281664951854E-002
  -2.3539391054874161E-002
  -2.6463583480221119E-002
  -2.9750983113191836E-002
  -3.3446696459380663E-002
  -3.7601430933064325E-002
  -4.2272190218776741E-002
  -4.7523055949421376E-002
  -5.3426066413810452E-002
  -6.0062204335893092E-002
  -6.7522507262241099E-002
  -7.5909315774062749E-002
  -8.5337676628108303E-002
  -9.5936920053165259E-002
 -0.10785243281447257     
 -0.12124765133996962     
 -0.13630630221654616     
 -0.15323492075263531     
 -0.17226568211197180     
 -0.19365958380424880     
 -0.21771002313034607     
 -0.24474681858862501     
 -0.27514073032852154     
 -0.30930854157151777     
 -0.34771877060106171     
 -0.39089809155724603     
 -0.43943855197720499     
 -0.49400568593104044     
 -0.55534763386491270     
 -0.62430539404549235     
 -0.70182434599184540     
 -0.78896720369395756     
 -0.88692857598972075     
 -0.99705133347206665     
  -1.1208450060259800     
  -1.2600064628896268     
  -1.4164431583749646     
  -1.5922992614983003     
  -1.7899850272405728     
  -2.0122098115205338     
  -2.2620191818281477     
  -2.5428366315124196     
  -2.8585104687138863     
  -3.2133665217386591     
  -3.6122673822563929     
  -4.0606789971570549     
  -4.5647455204440162     
  -5.1313734495483825     
  -5.7683261974666742     
  -6.4843303948874329     
  -7.2891953769337023     
  -8.1939474895011770     
  -9.2109810528814542     
  -10.354228048196976     
  -11.639348848253301     
  -13.083946602234986     
  -14.707808207167588     
  -16.533175162660999     
  -18.585048014107382     
  -20.891528548814936     
  -23.484204425792768     
  -26.398581500116389     
  -29.674569754925322     
  -33.357029487044301     
  -37.496385215990884     
  -42.149315711989317     
  -47.379529579201751     
  -53.258636999927589     
  -59.867129559987120     
  -67.295481552849623     
  -75.645387820469153     
  -85.031155054929613     
  -95.581265582362747     
  -107.44013500783008     
  -120.77008774914506     
  -135.75357746513097     
  -152.59568273022225     
  -171.52691206831480     
  -192.80635668570534     
  -216.72523399354336     
  -243.61087034930648     
  -273.83117744729105     
  -307.79968353189798     
  -345.98118818664301     
  -388.89811796978944     
  -437.13766974055056     
  -491.35983927859485     
  -552.30644489095323     
  -620.81126928937545     
  -697.81145829317109     
  -784.36033207598064     
  -881.64178396397722     
  -990.98646347086788     
  -1113.8899646175380     
  -1252.0332679636292     
  -1407.3057155483073     
  -1581.8308325177013     
  -1777.9953480787262     
  -1998.4818120933073     
  -2246.3052527091595     
  -2524.8543755826454     
  -2837.9378672381577     
  -3189.8364347723455     
  -3585.3612924003232     
  -4029.9198933223815     
  -4529.5898042633353     
  -5091.2017311506561     
  -5722.4328292669243     
  -6431.9115715393054     
  -7229.3356063268220     
  -8125.6042132849243     
  -9132.9671650420005     
  -10265.192026228764     
  -11537.752172909268     
  -12968.038098099732     
  -14575.594886680217     
  -16382.389099933089     
  -18413.108711045108     
  -20695.500183652508     
  -23260.747292032196     
  -26143.896850749043     
  -29384.337161213534     
  -33026.335701400894     
  -37119.643392723534     
  -41720.173685736823     
  -46890.765726357829     
  -52702.042010480327     
  -59233.372222888975     
  -66573.956403751741     
  -74824.042212414744     
  -84096.292885884453     
  -94517.324543146475     
  -106229.43379430262     
  -119392.53920682902     
  -134186.36309537568     
  -150812.88337611459     
  -169499.08890627426     
  -190500.07586426404     
  -214102.52737196913     
  -240628.62378162591     
  -270440.43691622146     
  -303944.86814443930     
  -341599.19757849956     
  -383917.32000661682     
  -431476.75252446788     
  -484926.50933928444     
  -544995.95102893305     
  -612504.72880727181     
  -688373.95925667940     
  -773638.78174174647     
  -869462.46954257949     
  -977152.28689801414     
  -1098177.3079159488     
  -1234188.4400131952     
  -1387040.9245538493     
  -1558819.6210712448     
  -1751867.4193424771     
  -1968817.1661513592     
  -2212627.5414041858     
  -2486623.3720030398     
  -2794540.9322640854     
  -3140578.8475141074     
  -3529455.2937296308     
  -3966472.2717353166     
  -4457587.8307159962     
  -5009497.2239274867     
  -5629724.1009844784     
  -6326722.9776101196     
  -7109994.3771060742     
  -7990214.2101274608     
  -8979379.1529651806     
  -10090970.002078844     
  -11340135.227041537     
  -12743897.218672862     
  -14321384.037678473     
  -16094089.815772938     
  -18086167.350745421     
  -20324756.874523021     
  -22840355.464936193     
  -25667232.124269024     
  -28843894.168283790     
  -32413611.266667970     
  -36425004.259227879     
  -40932706.752278447     
  -45998108.488498688     
  -51690190.594456129     
  -58086464.058126636     
  -65274024.190983802     
  -73350735.404631421     
  -82426562.401875943     
  -92625065.870595321     
  -104085083.00272976     
  -116962615.67050049     
  -131432951.91159679     
  -147693049.54279807     
  -165964214.28027675     
  -186495108.74291793     
  -209565133.20660165     
  -235488224.02342600     
  -264617121.28871244     
  -297348163.70717818     
  -334126675.76421249     
  -375453020.34572917     
  -421889398.97952229     
  -474067492.01479357     
  -532697042.45201391     
  -598575499.93693113     
  -672598855.81380403     
  -755773816.28865969     
  -849231478.90240467     
  -954242697.90181911     
  -1072235346.9999864     
  -1204813713.7467527     
  -1353780288.6328425     
  -1521160244.5196378     
  -1709228938.4600551     
  -1920542808.9482193     
  -2157974087.6614785     
  -2424749796.4607749     
  -2724495558.4943933     
  -3061284817.4917097     
  -3439694132.6208110     
  -3864865298.6085305     
  -4342575133.2975531     
  -4879313878.6941042     
  -5482373278.2467718     
  -6159945524.1708784     
  -6921234415.8665953     
  -7776580235.8642139     
  -8737600035.5035706     
  -9817345231.2289772     
  -11030478646.777943     
  -12393473399.831181     
  -13924836327.432373     
  -15645358976.677532     
  -17578399560.306015     
  -19750199695.941963     
  -22190240218.501030     
  -24931640884.055065     
  -28011609377.382252     
  -31471945702.548080     
  -35359608785.176453     
  -39727352956.703789     
  -44634442936.231277     
  -50147456987.370697     
  -56341189120.057762     
  -63299662546.790291     
  -71117268107.223648     
  -79900043064.838394     
  -89767107577.298294     
  -100852278273.76297     
  -113305880766.58263     
  -127296785613.79907     
  -143014695268.99683     
  -160672712947.04950     
  -180510228143.95743     
  -202796157827.67792     
  -227832587122.32788     
  -255958858705.22293     
  -287556166197.69666     
  -323052713638.27887     
  -362929510772.40173     
  -407726882479.45062     
  -458051780301.45312     
  -514585994868.01642     
  -578095380175.28210     
  -649440214336.60938     
  -729586836763.53589     
  -819620718964.02844     
  -920761145493.28723     
  -1034377703321.0894     
  -1162008802281.5864     
  -1305382476675.3174     
  -1466439748868.0854     
  -1647360870291.7290     
  -1850594794063.1228     
  -2078892277022.5715     
  -2335343057937.8921     
  -2623417613584.8691     
  -2947014056138.2568     
  -3310510804620.8169     
  -3718825740993.9141     
  -4177482648879.2275     
  -4692685831053.2920     
  -5271403912075.3271     
  -5921463956176.7432     
  -6651657169522.6416     
  -7471857612020.6670     
  -8393155519099.3057     
  -9428007030662.7227     
  -10590402345397.801     
  -11896054566731.963     
  -13362611785352.396     
  -15009895256043.139     
  -16860166877879.938     
  -18938429581264.227     
  -21272764668175.758     
  -23894710649328.492     
  -26839688680305.723     
  -30147480325727.023     
  -33862764084481.570     
  -38035717899501.133     
  -42722695763053.945     
  -47986987525030.914     
  -53899672130543.273     
  -60540575769370.859     
  -67999347830249.336     
  -76376669136586.969     
  -85785608718200.875     
  -96353147369908.875     
  -108221888489078.17     
  -121551979200573.45     
  -136523267602701.86     
  -153337725139599.44     
  -172222166666558.16     
  -193431304772785.66     
  -217251179414598.84     
  -244003008951220.31     
  -274047514332689.47     
  -307789774540699.00     
  -345684678513497.44     
  -388243046790844.94     
  -436038505101568.19     
  -489715202204839.56     
  -549996475621969.81     
  -617694581609833.00     
  -693721620000205.88     
  -779101800552278.62     
  -874985215452770.38     
  -982663302790063.12     
  -1103586208495647.1     
  -1239382279691064.5     
  -1391879950941699.8     
  -1563132316982056.8     
  -1755444721469212.0     
  -1971405731722965.0     
  -2213921914762782.8     
  -2486256880858873.0     
  -2792075117957759.0     
  -3135491204484856.0     
  -3521125060024385.0     
  -3954163974191987.0     
  -4440432244726536.5     
  -4986469357645928.0     
  -5599617756595908.0     
  -6288121376796598.0     
  -7061236262969691.0     
  -7929354752231310.0     
  -8904144884316618.0     
  -9998706905081676.0     
  -11227748957720154.     
  -12607784312583826.     
  -14157352774324666.     
  -15897269228119144.     
  -17850902649296438.     
  -20044489307602808.     
  -22507484354014008.     
  -25272956490539892.     
  -28378030998674228.     
  -31864387047687924.     
  -35778815928437876.     
  -40173847671409464.     
  -45108454420147832.     
  -50648839955201240.     
  -56869325912820312.     
  -63853346532213792.     
  -71694565212302704.     
  -80498127782879968.     
  -90382069217460704.     
  -1.0147889256011736E+017
  -1.1393734113341094E+017
  -1.2792438766963819E+017
  -1.4362746689722566E+017
  -1.6125698135658486E+017
  -1.8104911385815610E+017
  -2.0326898407801162E+017
  -2.2821419136744931E+017
  -2.5621879099328035E+017
  -2.8765775679319440E+017
  -3.2295198970218490E+017
  -3.6257393886736410E+017
  -4.0705391021587053E+017
  -4.5698714648199264E+017
  -5.1304177295624864E+017
  -5.7596771472690790E+017
  -6.4660670409576538E+017
  -7.2590351133591962E+017
  -8.1491854821169984E+017
  -9.1484201191492250E+017
  -1.0270097575287238E+018
  -1.1529211100810395E+018
  -1.2942588529980982E+018
  -1.4529116586546675E+018
  -1.6309992591243131E+018
  -1.8309006915881242E+018
  -2.0552859936448535E+018
  -2.3071517695182833E+018
  -2.5898610994834586E+018
  -2.9071883224103332E+018
  -3.2633692859118326E+018
  -3.6631577310362747E+018
  -4.1118885597180667E+018
  -4.6155488243683604E+018
  -5.1808573812519465E+018
  -5.8153542640072847E+018
  -6.5275009623362857E+018
  -7.3267929352157911E+018
  -8.2238858498666660E+018
  -9.2307372192923566E+018
  -1.0360765314859510E+019
  -1.1629027458821634E+019
  -1.3052420057891357E+019
  -1.4649903026320957E+019
  -1.6442751569237170E+019
  -1.8454838658436227E+019
  -2.0712951938234143E+019
  -2.3247149253617869E+019
  -2.6091157502833467E+019
  -2.9282820088381334E+019
  -3.2864598881681043E+019
  -3.6884137335845880E+019
  -4.1394892187516379E+019
  -4.6456842093134266E+019
  -5.2137282559267226E+019
  -5.8511717663931826E+019
  -6.5664860341230207E+019
  -7.3691754431745384E+019
  -8.2699033304783340E+019
  -9.2806331656732131E+019
  -1.0414786910609500E+020
  -1.1687422646656324E+020
  -1.3115433811443907E+020
  -1.4717772670899036E+020
  -1.6515700971112559E+020
  -1.8533071071882058E+020
  -2.0796641264375428E+020
  -2.3336429424500733E+020
  -2.6186109657116836E+020
  -2.9383457150759118E+020
  -3.2970847095461288E+020
  -3.6995814225794525E+020
  -4.1511680346683992E+020
  -4.6578258091282524E+020
  -5.2262640159818383E+020
  -5.8640084408927565E+020
  -6.5795006417144185E+020
  -7.3822092560329356E+020
  -8.2827548209219122E+020
  -9.2930497430526453E+020
  -1.0426455255618012E+021
  -1.1697957420814041E+021
  -1.3124364485772284E+021
  -1.4724528179089666E+021
  -1.6519591848091611E+021
  -1.8533268687757564E+021
  -2.0792153705393317E+021
  -2.3326073505758841E+021
  -2.6168478475174449E+021
  -2.9356882496541358E+021
  -3.2933355947405182E+021
  -3.6945078428205580E+021
  -4.1444958446702874E+021
  -4.6492328157344956E+021
  -5.2153722232341738E+021
  -5.8503751037112319E+021
  -6.5626079510747058E+021
  -7.3614524528069098E+021
  -8.2574285061582488E+021
  -9.2623321188985649E+021
  -1.0389389992732960E+022
  -1.1653432804330780E+022
  -1.3071089441857230E+022
  -1.4661004727072974E+022
  -1.6444083457988711E+022
  -1.8443763948660596E+022
  -2.0686324625390298E+022
  -2.3201227667280398E+022
  -2.6021504159310366E+022
  -2.9184185764021143E+022
  -3.2730788520446279E+022
  -3.6707855053851409E+022
  -4.1167562235815345E+022
  -4.6168402180914247E+022
  -5.1775945414626372E+022
  -5.8063696109226579E+022
  -6.5114050474010057E+022
  -7.3019370718421630E+022
  -8.1883188498637930E+022
  -9.1821553428961312E+022
  -1.0296454411041777E+023
  -1.1545796122414041E+023
  -1.2946522458325183E+023
  -1.4516949866400710E+023
  -1.6277607407847664E+023
  -1.8251503574457243E+023
  -2.0464425219676848E+023
  -2.2945272460944182E+023
  -2.5726433872697076E+023
  -2.8844206806942584E+023
  -3.2339268257572691E+023
  -3.6257202333119910E+023
  -4.0649091128595722E+023
  -4.5572176599671078E+023
  -5.1090601952054579E+023
  -5.7276242077042139E+023
  -6.4209633703757660E+023
  -7.1981017214017117E+023
  -8.0691503493174805E+023
  -9.0454380787814365E+023
  -1.0139657832892455E+024
  -1.1366030547984268E+024
  -1.2740488740701802E+024
  -1.4280882077679099E+024
  -1.6007207578448982E+024
  -1.7941867395853116E+024
  -2.0109957469136358E+024
  -2.2539590737516262E+024
  -2.5262259041252636E+024
  -2.8313238328620901E+024
  -3.1732042336884540E+024
  -3.5562930530259965E+024
  -3.9855476765678103E+024
  -4.4665205926483111E+024
  -5.0054306624695752E+024
  -5.6092429034863752E+024
  -6.2857577998844621E+024
  -7.0437112744550827E+024
  -7.8928865907739566E+024
  -8.8442396051120581E+024
  -9.9100389558117657E+024
  -1.1104022966048314E+025
  -1.2441575246300857E+025
  -1.3939921218091273E+025
  -1.5618348043529204E+025
  -1.7498450739186098E+025
  -1.9604407581447852E+025
  -2.1963288277827570E+025
  -2.4605398789293835E+025
  -2.7564667147551241E+025
  -3.0879075124054451E+025
  -3.4591141180658142E+025
  -3.8748460772251977E+025
  -4.3404310787368703E+025
  -4.8618325712366870E+025
  -5.4457253998177180E+025
  -6.0995804106700819E+025
  -6.8317590828963292E+025
  -7.6516193712675693E+025
  -8.5696340828131396E+025
  -9.5975232655316879E+025
  -1.0748402261065074E+026
  -1.2036947266997209E+026
  -1.3479580470879951E+026
  -1.5094677059770618E+026
  -1.6902796678915365E+026
  -1.8926942214490910E+026
  -2.1192849111659869E+026
  -2.3729308814655456E+026
  -2.6568530334707292E+026
  -2.9746544419387187E+026
  -3.3303655319003374E+026
  -3.7284945728256606E+026
  -4.1740841131458885E+026
  -4.6727740504966110E+026
  -5.2308721139736085E+026
  -5.8554326249720903E+026
  -6.5543445038862528E+026
  -7.3364296022722637E+026
  -8.2115525653535973E+026
  -9.1907435694532180E+026
  -1.0286335434719547E+027
  -1.1512116787205788E+027
  -1.2883503138005269E+027
  -1.4417727963008457E+027
  -1.6134056107455397E+027
  -1.8054022107618903E+027
  -2.0201696320792268E+027
  -2.2603982087743116E+027
  -2.5290947522793750E+027
  -2.8296195939988941E+027
  -3.1657279384184548E+027
  -3.5416160248634439E+027
  -3.9619726531656169E+027
  -4.4320366920758626E+027
  -4.9576612600479600E+027
  -5.5453853468172291E+027
  -6.2025137319049361E+027
  -6.9372061537877025E+027
  -7.7585767920833229E+027
  -8.6768052459436289E+027
  -9.7032603262675140E+027
  -1.0850638128857526E+028
  -1.2133116021908671E+028
  -1.3566524366086679E+028
  -1.5168537990972535E+028
  -1.6958889680088862E+028
  -1.8959608170593829E+028
  -2.1195283455810475E+028
  -2.3693362492131392E+028
  -2.6484478759906163E+028
  -2.9602819514447899E+028
  -3.3086534992450388E+028
  -3.6978194315491315E+028
  -4.1325293360996321E+028
  -4.6180820457669059E+028
  -5.1603886413157368E+028
  -5.7660426103466932E+028
  -6.4423979653903693E+028
  -7.1976562128447043E+028
  -8.0409631627604547E+028
  -8.9825166784080639E+028
  -1.0033686585213649E+029
  -1.1207148092256959E+029
  -1.2517030227427066E+029
  -1.3979080951012398E+029
  -1.5610850793586985E+029
  -1.7431897064329666E+029
  -1.9464010897336174E+029
  -2.1731469648202576E+029
  -2.4261317423524319E+029
  -2.7083676824543005E+029
  -3.0232095315797499E+029
  -3.3743929993374104E+029
  -3.7660774928558974E+029
  -4.2028935705036768E+029
  -4.6899956255240298E+029
  -5.2331203638375167E+029
  -5.8386516993735398E+029
  -6.5136927553305966E+029
  -7.2661457312857689E+029
  -8.1048004746774487E+029
  -9.0394326815186205E+029
  -1.0080912745958954E+030
  -1.1241326382252943E+030
  -1.2534108256613923E+030
  -1.3974189991201719E+030
  -1.5578164039025685E+030
  -1.7364465077823775E+030
  -1.9353570734040709E+030
  -2.1568223625971059E+030
  -2.4033676909109079E+030
  -2.6777965717963201E+030
  -2.9832207128302618E+030
  -3.3230931513301486E+030
  -3.7012448437658071E+030
  -4.1219250526833435E+030
  -4.5898459065419834E+030
  -5.1102315420633655E+030
  -5.6888722755301961E+030
  -6.3321842890665316E+030
  -7.0472753603913187E+030
  -7.8420172099490214E+030
  -8.7251250877506074E+030
  -9.7062452737381179E+030
  -1.0796051220008808E+031
  -1.2006349120741057E+031
  -1.3350193756029848E+031
  -1.4842015518859704E+031
  -1.6497759599813562E+031
  -1.8335038371411651E+031
  -2.0373298082621546E+031
  -2.2634001043327184E+031
  -2.5140824547422279E+031
  -2.7919877850475884E+031
  -3.0999938582067057E+031
  -3.4412710031994895E+031
  -3.8193100801291600E+031
  -4.2379528350428671E+031
  -4.7014248004817774E+031
  -5.2143708987443066E+031
  -5.7818939035127182E+031
  -6.4095959112412266E+031
  -7.1036229658009008E+031
  -7.8707129674488658E+031
  -8.7182469791957160E+031
  -9.6543040188486928E+031
  -1.0687719391942085E+032
  -1.1828146577693621E+032
  -1.3086122624992842E+032
  -1.4473136945810484E+032
  -1.6001703306457605E+032
  -1.7685434709451811E+032
  -1.9539120726401050E+032
  -2.1578806680630395E+032
  -2.3821873881773578E+032
  -2.6287119876789458E+032
  -2.8994837395283018E+032
  -3.1966890322731964E+032
  -3.5226784622823294E+032
  -3.8799731637355968E+032
  -4.2712700604707657E+032
  -4.6994456538839213E+032
  -5.1675578780424321E+032
  -5.6788454546692109E+032
  -6.2367240639630446E+032
  -6.8447785091183693E+032
  -7.5067498891181005E+032
  -8.2265166014426234E+032
  -9.0080677685189641E+032
  -9.8554674128353350E+032
  -1.0772807388355141E+033
  -1.1764146701534040E+033
  -1.2833434413634164E+033
  -1.3984412795000014E+033
  -1.5220496787090182E+033
  -1.6544625102194696E+033
  -1.7959077433466744E+033
  -1.9465251234754769E+033
  -2.1063390331541306E+033
  -2.2752256206084753E+033
  -2.4528731119584513E+033
  -2.6387340241247631E+033
  -2.8319677587476210E+033
  -3.0313717760198343E+033
  -3.2352992122165642E+033
  -3.4415604050173889E+033
  -3.6473053132375201E+033
  -3.8488832461872487E+033
  -4.0416756328691491E+033
  -4.2198967385362165E+033
  -4.3763562463792998E+033
  -4.5021764294975579E+033
  -4.5864551995793174E+033
  -4.6158645825362614E+033
  -4.5741720792620186E+033
  -4.4416698625581166E+033
  -4.1944938028836963E+033
  -3.8038109782569164E+033
  -3.2348511329884583E+033
  -2.4457572464217938E+033
  -1.3862524219769937E+033
  -1.2588550007677199E+029
