   0.0000000000000000     
  -1.1011010049952404E-016
  -2.2163077586286626E-016
  -3.3599062614008535E-016
  -4.5465457204658757E-016
  -5.7914261848457799E-016
  -7.1104932236174484E-016
  -8.5206421401213662E-016
  -1.0039934337125606E-015
  -1.1687828603240017E-015
  -1.3485430281700378E-015
  -1.5455761511369303E-015
  -1.7624055999353769E-015
  -2.0018082098465145E-015
  -2.2668498324858957E-015
  -2.5609245866219219E-015
  -2.8877983104103682E-015
  -3.2516567711593509E-015
  -3.6571592496068812E-015
  -4.1094981844544133E-015
  -4.6144656404339392E-015
  -5.1785274504848195E-015
  -5.8089059807960718E-015
  -6.5136725777859794E-015
  -7.3018508799543036E-015
  -8.1835323165372267E-015
  -9.1700052707988962E-015
  -1.0273899560599779E-014
  -1.1509348084826434E-014
  -1.2892167703855413E-014
  -1.4440061668263761E-014
  -1.6172846185636254E-014
  -1.8112704024079594E-014
  -2.0284468396884110E-014
  -2.2715940760096682E-014
  -2.5438246588535942E-014
  -2.8486233681539519E-014
  -3.1898918093693219E-014
  -3.5719983394908428E-014
  -3.9998339646274608E-014
  -4.4788749241838155E-014
  -5.0152527621611329E-014
  -5.6158327818627621E-014
  -6.2883018874973926E-014
  -7.0412669362150976E-014
  -7.8843648585186367E-014
  -8.8283859554831998E-014
  -9.8854119497155768E-014
  -1.1068970555642483E-013
  -1.2394208545948997E-013
  -1.3878085527491613E-013
  -1.5539590904809426E-013
  -1.7399986805835719E-013
  -1.9483080076360294E-013
  -2.1815526821452679E-013
  -2.4427173388178182E-013
  -2.7351438149840381E-013
  -3.0625738973619858E-013
  -3.4291971837515597E-013
  -3.8397046716396796E-013
  -4.2993487589094405E-013
  -4.8140104238160360E-013
  -5.3902744431671385E-013
  -6.0355136103982171E-013
  -6.7579830302768303E-013
  -7.5669256957743289E-013
  -8.4726906968543732E-013
  -9.4868655723878850E-013
  -1.0622424497176345E-012
  -1.1893894198459609E-012
  -1.3317539722886105E-012
  -1.4911572428627915E-012
  -1.6696382861371664E-012
  -1.8694801490937416E-012
  -2.0932390641334607E-012
  -2.3437771345704986E-012
  -2.6242989303919758E-012
  -2.9383924620293695E-012
  -3.2900750558334845E-012
  -3.6838447175812022E-012
  -4.1247376404693339E-012
  -4.6183925925645619E-012
  -5.1711230065814209E-012
  -5.7899976932753622E-012
  -6.4829312099220383E-012
  -7.2587850387143573E-012
  -8.1274808680210054E-012
  -9.1001274240779760E-012
  -1.0189162473802762E-011
  -1.1408511813240202E-011
  -1.2773767273144585E-011
  -1.4302386016145470E-011
  -1.6013913671937189E-011
  -1.7930234161447134E-011
  -2.0075849401864211E-011
  -2.2478192466099369E-011
  -2.5167978197578285E-011
  -2.8179595759688651E-011
  -3.1551548134828926E-011
  -3.5326944187670727E-011
  -3.9554049578609226E-011
  -4.4286903565005942E-011
  -4.9586009569321891E-011
  -5.5519108335338828E-011
  -6.2162043548398921E-011
  -6.9599730976422888E-011
  -7.7927243510466495E-011
  -8.7251025963621288E-011
  -9.7690255144048398E-011
  -1.0937836257300588E-010
  -1.2246473929556604E-010
  -1.3711664455682978E-010
  -1.5352134271950425E-010
  -1.7188849571294077E-010
  -1.9245284156632675E-010
  -2.1547719323132361E-010
  -2.4125579598865876E-010
  -2.7011808631119779E-010
  -3.0243290018126288E-010
  -3.3861318459783022E-010
  -3.7912127243295010E-010
  -4.2447478798825624E-010
  -4.7525325865352732E-010
  -5.3210551708266947E-010
  -5.9575798839319490E-010
  -6.6702396819204120E-010
  -7.4681400987752030E-010
  -8.3614755382567859E-010
  -9.3616594692000481E-010
  -1.0481470186284639E-009
  -1.1735213996976414E-009
  -1.3138907917737766E-009
  -1.4710484211583453E-009
  -1.6470019377792345E-009
  -1.8439990516629727E-009
  -2.0645562341269717E-009
  -2.3114908500188751E-009
  -2.5879571311117267E-009
  -2.8974864497771515E-009
  -3.2440324069292316E-009
  -3.6320213096590592E-009
  -4.0664086827474355E-009
  -4.5527425352279077E-009
  -5.0972341893560015E-009
  -5.7068375758221887E-009
  -6.3893380070561761E-009
  -7.1534515613857387E-009
  -8.0089363461765242E-009
  -8.9667170596158209E-009
  -1.0039024440445609E-008
  -1.1239551384861120E-008
  -1.2583627722391952E-008
  -1.4088415880584252E-008
  -1.5773129934738567E-008
  -1.7659280837225811E-008
  -1.9770950954805458E-008
  -2.2135101416162300E-008
  -2.4781916190326122E-008
  -2.7745187285075868E-008
  -3.1062745978828223E-008
  -3.4776945586553772E-008
  -3.8935201917434612E-008
  -4.3590598317652040E-008
  -4.8802563015247698E-008
  -5.4637627405933108E-008
  -6.1170274950780017E-008
  -6.8483891512061203E-008
  -7.6671829246850721E-008
  -8.5838597625816634E-008
  -9.6101196765398312E-008
  -1.0759061007590568E-007
  -1.2045347525913120E-007
  -1.3485395496270389E-007
  -1.5097583094361064E-007
  -1.6902484844249162E-007
  -1.8923134065978332E-007
  -2.1185316679517519E-007
  -2.3717900110864300E-007
  -2.6553201493545257E-007
  -2.9727399859597853E-007
  -3.3280997574776645E-007
  -3.7259336900339429E-007
  -4.1713178266331514E-007
  -4.6699347627747305E-007
  -5.2281461155325614E-007
  -5.8530736498241630E-007
  -6.5526900959146651E-007
  -7.3359208156927181E-007
  -8.2127576134934448E-007
  -9.1943861419880788E-007
  -1.0293328526881590E-006
  -1.1523603028064395E-006
  -1.2900902771921333E-006
  -1.4442795832474516E-006
  -1.6168949211020290E-006
  -1.8101379568377506E-006
  -2.0264733904671241E-006
  -2.2686603763072064E-006
  -2.5397876960953544E-006
  -2.8433131329955862E-006
  -3.1831075481538067E-006
  -3.5635042213576857E-006
  -3.9893540844051030E-006
  -4.4660875508373550E-006
  -4.9997837297050335E-006
  -5.5972479050750954E-006
  -6.2660982682541007E-006
  -7.0148630075347367E-006
  -7.8530889921703842E-006
  -8.7914634349241686E-006
  -9.8419500828038384E-006
  -1.1017941670585092E-005
  -1.2334430578797779E-005
  -1.3808199869636982E-005
  -1.5458037133713703E-005
  -1.7304973870979416E-005
  -1.9372553454240212E-005
  -2.1687131087556243E-005
  -2.4278209579130309E-005
  -2.7178815204207852E-005
  -3.0425918443840110E-005
  -3.4060904956594669E-005
  -3.8130102779700917E-005
  -4.2685372471825242E-005
  -4.7784767710787169E-005
  -5.3493274756243376E-005
  -5.9883640191087556E-005
  -6.7037297478807879E-005
  -7.5045404131599331E-005
  -8.4010002691641103E-005
  -9.4045320303519763E-005
  -1.0527922341934771E-004
  -1.1785484615211788E-004
  -1.3193241300235621E-004
  -1.4769127915627696E-004
  -1.6533221432186380E-004
  -1.8507995916778851E-004
  -2.0718608689823833E-004
  -2.3193220637864810E-004
  -2.5963354757237855E-004
  -2.9064297491179200E-004
  -3.2535547967077591E-004
  -3.6421320849876318E-004
  -4.0771109209614283E-004
  -4.5640314564434936E-004
  -5.1090952114788302E-004
  -5.7192440140865850E-004
  -6.4022483605694872E-004
  -7.1668063204383689E-004
  -8.0226542440977754E-004
  -8.9806906815301593E-004
  -1.0053115088209878E-003
  -1.1253583082508705E-003
  -1.2597380229311707E-003
  -1.4101616560119969E-003
  -1.5785444303568260E-003
  -1.7670301595381157E-003
  -1.9780185267079791E-003
  -2.2141956182429715E-003
  -2.4785681004384891E-003
  -2.7745014738390370E-003
  -3.1057628916239545E-003
  -3.4765690864826059E-003
  -3.8916400153454428E-003
  -4.3562589040125428E-003
  -4.8763394550623293E-003
  -5.4585010734632868E-003
  -6.1101530662069411E-003
  -6.8395888863252256E-003
  -7.6560916192979639E-003
  -8.5700520527175819E-003
  -9.5931008299723949E-003
  -1.0738256367667382E-002
  -1.2020090416794561E-002
  -1.3454913371837114E-002
  -1.5060981682888545E-002
  -1.6858730006675867E-002
  -1.8871031046659045E-002
  -2.1123486384127917E-002
  -2.3644751995897335E-002
  -2.6466902594809476E-002
  -2.9625839422381575E-002
  -3.3161746674847246E-002
  -3.7119602361535609E-002
  -4.1549750085853904E-002
  -4.6508539012860679E-002
  -5.2059040153357224E-002
  -5.8271848063573620E-002
  -6.5225978144181657E-002
  -7.3009870936293297E-002
  -8.1722516170703821E-002
  -9.1474710847152266E-002
 -0.10239046732208952     
 -0.11460858928795792     
 -0.12828443565845624     
 -0.14359189475973297     
 -0.16072559389717761     
 -0.17990337235533313     
 -0.20136904923233098     
 -0.22539552125256665     
 -0.25228822988955801     
 -0.28238904181817404     
 -0.31608059196114180     
 -0.35379114426545061     
 -0.39600003191443361     
 -0.44324374603422367     
 -0.49612275018219515     
 -0.55530910711425585     
 -0.62155501463420304     
 -0.69570235886248566     
 -0.77869340616983218     
 -0.87158276946697844     
 -0.97555080070825917     
  -1.0919185795590656     
  -1.2221646884244393     
  -1.3679439866950114     
  -1.5311086224242918     
  -1.7137315480293593     
  -1.9181328383649350     
  -2.1469091450611106     
  -2.4029666607880160     
  -2.6895580116204423     
  -3.0103235454858699     
  -3.3693375404216033     
  -3.7711599187470424     
  -4.2208941230658210     
  -4.7242518881340292     
  -5.2876257300545975     
  -5.9181700720916917     
  -6.6238920358817976     
  -7.4137530493368535     
  -8.2977825596411137     
  -9.2872052931737858     
  -10.394583675887111     
  -11.633977219808596     
  -13.021120896349979     
  -14.573624757716384     
  -16.311197336964220     
  -18.255895658564132     
  -20.432405028501197     
  -22.868352150256673     
  -25.594655535240943     
  -28.645917648730510     
  -32.060863761083887     
  -35.882833065664308     
  -40.160328286969929     
  -44.947630743343879     
  -50.305488657683611     
  -56.301887437282886     
  -63.012911682060164     
  -70.523709842090327     
  -78.929573745261251     
  -88.337146670469011     
  -98.865775269450467     
  -110.64902246171903     
  -123.83636046516229     
  -138.59506540545914     
  -155.11233749942619     
  -173.59767366298865     
  -194.28552258980540     
  -217.43825592207213     
  -243.34949313590218     
  -272.34782224053009     
  -304.80096340001364     
  -341.12042819146626     
  -381.76673348600229     
  -427.25523595683057     
  -478.16266107200306     
  -535.13440921650522     
  -598.89273142072784     
  -670.24587817418217     
  -750.09833711366559     
  -839.46228914954077     
  -939.47042800645033     
  -1051.3903054004188     
  -1176.6403833708375     
  -1316.8079968771069     
  -1473.6694539285436     
  -1649.2125275477977     
  -1845.6616241139634     
  -2065.5059464739338     
  -2311.5310080768409     
  -2586.8538967549739     
  -2894.9627341805412     
  -3239.7608300697657     
  -3625.6160895540220     
  -4057.4162985415155     
  -4540.6309861909185     
  -5081.3806467486384     
  -5686.5141960136298     
  -6363.6956417622760     
  -7121.5010639046659     
  -7969.5271304227126     
  -8918.5125209043854     
  -9980.4737925770387     
  -11168.857406214811     
  -12498.709833453440     
  -13986.867895467261     
  -15652.171738530116     
  -17515.703137919703     
  -19601.052141541219     
  -21934.615422578070     
  -24545.930110940266     
  -27468.047321327798     
  -30737.950097008383     
  -34397.021049250470     
  -38491.565599826965     
  -43073.397436027524     
  -48200.493573041145     
  -53937.727297301331     
  -60357.688247504775     
  -67541.599989917609     
  -75580.346675139896     
  -84575.621740223592     
  -94641.213160288346     
  -105904.44147697119     
  -118507.76875890016     
  -132610.59880620090     
  -148391.29132401152     
  -166049.41548950635     
  -185808.27135703401     
  -207917.71092471547     
  -232657.29446580110     
  -260339.82195687262     
  -291315.28416588192     
  -325975.28325563640     
  -364757.97867934842     
  -408153.62076884304     
  -456710.74182639655     
  -511043.08282129321     
  -571837.34306643391     
  -639861.85062550684     
  -715976.26280797645     
  -801142.41909360152     
  -896436.48335383949     
  -1003062.5284872011     
  -1122367.7347639324     
  -1255859.3935111656     
  -1405223.9305188232     
  -1572348.1889954361     
  -1759343.2403718706     
  -1968571.0230980492     
  -2202674.1452037883     
  -2464609.2262481470     
  -2757684.1988635622     
  -3085600.0399724031     
  -3452497.4575417596     
  -3863009.1211490249     
  -4322318.0944410181     
  -4836223.2056610817     
  -5411212.1797736939     
  -6054543.4534333041     
  -6774337.7033517975     
  -7579680.2408917136     
  -8480735.5624870937     
  -9488875.4984902088     
  -10616822.574183308     
  -11878810.388131225     
  -13290763.027189046     
  -14870495.777010050     
  -16637939.654833091     
  -18615392.591031499     
  -20827800.421143554     
  -23303071.225088857     
  -26072426.969715964     
  -29170796.879993577     
  -32637257.488942493     
  -36515524.903399825     
  -40854505.479281545     
  -45708911.834409498     
  -51139951.948415101     
  -57216100.018037640     
  -64013958.763834767     
  -71619224.033817247     
  -80127763.835237250     
  -89646825.363836482     
  -100296385.20834437     
  -112210659.70709246     
  -125539794.44585185     
  -140451754.13665432     
  -157134436.63465887     
  -175798037.66565254     
  -196677695.98584315     
  -220036452.21770936     
  -246168558.54499060     
  -275403180.85582441     
  -308108539.85082036     
  -344696543.14427912     
  -385627966.55091619     
  -431418249.64461249     
  -482643978.38628757     
  -539950136.24163616     
  -604058214.85423768     
  -675775286.12632000     
  -756004149.62337518     
  -845754682.71104765     
  -946156535.92226028     
  -1058473332.9284368     
  -1184118553.3622923     
  -1324673297.8473897     
  -1481906158.1957982     
  -1657795442.1353884     
  -1854554031.4530411     
  -2074657185.4590273     
  -2320873638.6043439     
  -2596300382.3790870     
  -2904401567.8028727     
  -3249052016.4658494     
  -3634585885.8372612     
  -4065851099.1505280     
  -4548270222.4074974     
  -5087908551.8235598     
  -5691550265.3700953     
  -6366783593.0911083     
  -7122096073.8403091     
  -7966981092.4158792     
  -8912057032.3424721     
  -9969200537.5296669     
  -11151695552.698286     
  -12474400010.018616     
  -13953932250.317139     
  -15608879514.241278     
  -17460031115.012074     
  -19530639213.294037     
  -21846710460.128811     
  -24437332160.129715     
  -27335037039.042252     
  -30576211182.735420     
  -34201550254.731419     
  -38256569703.250420     
  -42792175343.981804     
  -47865301459.823540     
  -53539624403.081512     
  -59886360629.628197     
  -66985159150.065987     
  -74925099563.196243     
  -83805808156.787048     
  -93738706036.224503     
  -104848404891.53116     
  -117274267858.01991     
  -131172154988.52898     
  -146716375161.47592     
  -164101868827.63095     
  -183546648881.69110     
  -205294530168.37936     
  -229618181737.07266     
  -256822539988.80438     
  -287248625365.10327     
  -321277810265.66272     
  -359336591514.04016     
  -401901926987.62683     
  -449507203068.43262     
  -502748907442.48053     
  -562294090575.81311     
  -628888709033.84802     
  -703366954810.57141     
  -786661687131.73987     
  -879816096944.93738     
  -983996749680.10083     
  -1100508169048.2429     
  -1230809143857.3540     
  -1376530961301.8574     
  -1539497794192.6426     
  -1721749496437.2388     
  -1925567091087.9111     
  -2153501268822.4270     
  -2408404252225.0762     
  -2693465423160.3091     
  -3012251157399.2344     
  -3368749363052.5454     
  -3767419277933.2666     
  -4213247146446.6382     
  -4711808469795.8281     
  -5269337605110.0039     
  -5892805580561.6709     
  -6590007095778.7412     
  -7369657791142.8066     
  -8241502997317.2695     
  -9216439319152.8809     
  -10306650567746.078     
  -11525759732857.928     
  -12888998887352.219     
  -14413399138254.301     
  -16118002988232.869     
  -18024101749855.266     
  -20155500966316.824     
  -22538817140356.227     
  -25203809462055.496     
  -28183750661006.188     
  -31515841594290.160     
  -35241674724895.289     
  -39407752252292.336     
  -44066065335458.586     
  -49274741607050.789     
  -55098769025094.305     
  -61610805055963.289     
  -68892081241303.836     
  -77033414385005.688     
  -86136336919000.984     
  -96314360484927.656     
  -107694388420826.52     
  -120418294688478.92     
  -134644688840573.45     
  -150550888933126.25     
  -168335126865987.16     
  -188219013514696.75     
  -210450294236018.06     
  -235305928926928.41     
  -263095534837163.34     
  -294165234828220.38     
  -328901958792539.62     
  -367738251557381.69     
  -411157646867989.56     
  -459700674051351.75     
  -513971571791749.56     
  -574645792198893.00     
  -642478388126775.75     
  -718313387627015.00     
  -803094271629127.88     
  -897875684582491.25     
  -1003836523038807.8     
  -1122294564187673.2     
  -1254722815391236.8     
  -1402767787031481.8     
  -1568269914747347.8     
  -1753286383691460.8     
  -1960116637104633.5     
  -2191330884655835.5     
  -2449801963034085.5     
  -2738740942662572.5     
  -3061736920643479.0     
  -3422801491703384.5     
  -3826418446629192.5     
  -4277599312173112.5     
  -4781945418455314.0     
  -5345717260390157.0     
  -5975912009595737.0     
  -6680350133722128.0     
  -7467772192385407.0     
  -8347947004301294.0     
  -9331792520314054.0     
  -10431510893533330.     
  -11660739412645304.     
  -13034719159800828.     
  -14570483472698902.     
  -16287068534256124.     
  -18205748685571208.     
  -20350299362098112.     
  -22747290892760376.     
  -25426416781339408.     
  -28420860513500736.     
  -31767705406481504.     
  -35508392547550000.     
  -39689232458343936.     
  -44361976782333800.     
  -49584457030021272.     
  -55421298240094312.     
  -61944716334695976.     
  -69235408974476672.     
  -77383550866753920.     
  -86489905761931424.     
  -96667068804998128.     
  -1.0804085450793221E+017
  -1.2075184739471139E+017
  -1.3495713436518982E+017
  -1.5083224005170122E+017
  -1.6857328893007994E+017
  -1.8839942072522154E+017
  -2.1055548875423235E+017
  -2.3531507431549610E+017
  -2.6298385410187373E+017
  -2.9390336193793562E+017
  -3.2845519096727603E+017
  -3.6706568780539322E+017
  -4.1021119619198925E+017
  -4.5842391439715142E+017
  -5.1229843814055066E+017
  -5.7249906916288742E+017
  -6.3976797894630682E+017
  -7.1493432752923533E+017
  -7.9892444902814976E+017
  -8.9277322850602650E+017
  -9.9763680937299405E+017
  -1.1148067867457898E+018
  -1.2457260603262999E+018
  -1.3920065406059771E+018
  -1.5554489248081155E+018
  -1.7380647842181788E+018
  -1.9421012327298765E+018
  -2.1700684778932851E+018
  -2.4247705908724982E+018
  -2.7093398709298309E+018
  -3.0272752238267254E+018
  -3.3824850223985085E+018
  -3.7793349721129324E+018
  -4.2227015653214863E+018
  -4.7180317758949427E+018
  -5.2714097218230651E+018
  -5.8896311080708751E+018
  -6.5802863565446042E+018
  -7.3518534355726828E+018
  -8.2138015191260918E+018
  -9.1767067375117445E+018
  -1.0252381428059920E+019
  -1.1454018458164589E+019
  -1.2796352375900498E+019
  -1.4295839347539306E+019
  -1.5970858069080064E+019
  -1.7841934093142817E+019
  -1.9931990296311923E+019
  -2.2266626528675418E+019
  -2.4874431840701862E+019
  -2.7787333076980249E+019
  -3.1040984066467123E+019
  -3.4675200130032411E+019
  -3.8734443174175875E+019
  -4.3268363251388465E+019
  -4.8332403150103208E+019
  -5.3988473338716586E+019
  -6.0305705437904626E+019
  -6.7361293343605023E+019
  -7.5241432180961821E+019
  -8.4042366449915593E+019
  -9.3871560040118403E+019
  -1.0484900226223681E+020
  -1.1710866568207347E+020
  -1.3080013337291278E+020
  -1.4609041524196244E+020
  -1.6316597536312417E+020
  -1.8223499478779557E+020
  -2.0352989713833001E+020
  -2.2731016744899232E+020
  -2.5386549824448165E+020
  -2.8351930077841143E+020
  -3.1663262374044493E+020
  -3.5360852663337792E+020
  -3.9489696047864270E+020
  -4.4100021459547698E+020
  -4.9247899498782379E+020
  -5.4995920744468605E+020
  -6.1413952690420974E+020
  -6.8579984404959527E+020
  -7.6581069060793722E+020
  -8.5514375653601038E+020
  -9.5488362533886008E+020
  -1.0662408683328071E+021
  -1.1905666549068262E+021
  -1.3293690539477015E+021
  -1.4843312217894329E+021
  -1.6573316945651260E+021
  -1.8504670279464772E+021
  -2.0660770552488583E+021
  -2.3067730660897514E+021
  -2.5754692425835217E+021
  -2.8754177288470114E+021
  -3.2102477528358726E+021
  -3.5840092677408288E+021
  -4.0012216339142997E+021
  -4.4669279222039723E+021
  -4.9867554863459965E+021
  -5.5669835265020998E+021
  -6.2146184489869299E+021
  -6.9374779196990554E+021
  -7.7442846118268822E+021
  -8.6447707632584517E+021
  -9.6497947871284130E+021
  -1.0771471321586261E+022
  -1.2023316263837737E+022
  -1.3420408510656069E+022
  -1.4979570324953125E+022
  -1.6719568467949164E+022
  -1.8661338481552037E+022
  -2.0828234778612087E+022
  -2.3246309502941789E+022
  -2.5944623459923730E+022
  -2.8955592796123467E+022
  -3.2315375526968025E+022
  -3.6064302480136400E+022
  -4.0247357744278971E+022
  -4.4914714294096549E+022
  -5.0122331110410522E+022
  -5.5932618835147773E+022
  -6.2415181804500043E+022
  -6.9647645198191023E+022
  -7.7716577039138490E+022
  -8.6718515887341023E+022
  -9.6761116307352789E+022
  -1.0796442556448213E+023
  -1.2046230653670725E+023
  -1.3440402353487700E+023
  -1.4995600962266660E+023
  -1.6730383614180288E+023
  -1.8665440750152358E+023
  -2.0823840691107430E+023
  -2.3231302165028592E+023
  -2.5916497971928577E+023
  -2.8911393332128484E+023
  -3.2251622865341385E+023
  -3.5976910595562239E+023
  -4.0131537874771271E+023
  -4.4764864672634059E+023
  -4.9931910296030666E+023
  -5.5694000288372468E+023
  -6.2119487022054096E+023
  -6.9284552346691383E+023
  -7.7274101600628603E+023
  -8.6182759344242176E+023
  -9.6115978342695490E+023
  -1.0719127462619505E+024
  -1.1953960290211389E+024
  -1.3330688820185685E+024
  -1.4865573143411706E+024
  -1.6576730850529213E+024
  -1.8484348487957794E+024
  -2.0610916991040062E+024
  -2.2981493800886077E+024
  -2.5623994675426757E+024
  -2.8569518543050552E+024
  -3.1852709122750676E+024
  -3.5512157452122620E+024
  -3.9590849928455286E+024
  -4.4136666983692725E+024
  -4.9202938086909980E+024
  -5.4849059404471702E+024
  -6.1141181155244033E+024
  -6.8152972483892997E+024
  -7.5966472548058626E+024
  -8.4673037484617091E+024
  -9.4374393996947612E+024
  -1.0518381150087532E+025
  -1.1722740609481016E+025
  -1.3064559109400512E+025
  -1.4559469050583711E+025
  -1.6224873364032885E+025
  -1.8080145106744855E+025
  -2.0146849437184216E+025
  -2.2448990464070569E+025
  -2.5013285737822294E+025
  -2.7869471459997875E+025
  -3.1050641825577466E+025
  -3.4593626289559834E+025
  -3.8539408967127703E+025
  -4.2933594839999683E+025
  -4.7826927955454989E+025
  -5.3275867374324514E+025
  -5.9343227256001144E+025
  -6.6098888168883391E+025
  -7.3620587490979337E+025
  -8.1994797625788441E+025
  -9.1317701712025888E+025
  -1.0169627756217895E+026
  -1.1324950173524707E+026
  -1.2610968694541916E+026
  -1.4042396744424941E+026
  -1.5635594860385515E+026
  -1.7408753868906270E+026
  -1.9382098275522819E+026
  -2.1578112076547783E+026
  -2.4021789440819567E+026
  -2.6740912973682370E+026
  -2.9766362567598137E+026
  -3.3132458166980857E+026
  -3.6877340132250940E+026
  -4.1043391283280011E+026
  -4.5677705139239528E+026
  -5.0832605354677398E+026
  -5.6566221885151679E+026
  -6.2943130005147223E+026
  -7.0035058952001566E+026
  -7.7921677688447711E+026
  -8.6691466070036048E+026
  -9.6442680579691749E+026
  -1.0728442475830129E+027
  -1.1933783552660672E+027
  -1.3273739776980088E+027
  -1.4763240085299664E+027
  -1.6418855216516287E+027
  -1.8258976436428456E+027
  -2.0304013473174710E+027
  -2.2576613695493082E+027
  -2.5101904776084643E+027
  -2.7907763313902086E+027
  -3.1025112143913057E+027
  -3.4488249343028210E+027
  -3.8335212248853143E+027
  -4.2608180146352881E+027
  -4.7353919649266217E+027
  -5.2624277211280685E+027
  -5.8476723649945091E+027
  -6.4974956057704993E+027
  -7.2189563013246911E+027
  -8.0198759596796908E+027
  -8.9089199359746278E+027
  -9.8956871106933904E+027
  -1.0990808912444293E+028
  -1.2206058633260233E+028
  -1.3554472076916833E+028
  -1.5050480681797057E+028
  -1.6710058370065389E+028
  -1.8550883495099511E+028
  -2.0592517390054047E+028
  -2.2856601162937075E+028
  -2.5367072538548054E+028
  -2.8150404715981849E+028
  -3.1235869393114521E+028
  -3.4655826307557639E+028
  -3.8446041858035442E+028
  -4.2646039602065727E+028
  -4.7299485676288865E+028
  -5.2454612455872229E+028
  -5.8164684060190879E+028
  -6.4488507624492457E+028
  -7.1490994592483247E+028
  -7.9243776643633550E+028
  -8.7825881252286333E+028
  -9.7324472284001293E+028
  -1.0783566146840695E+029
  -1.1946539704732924E+029
  -1.3233043638194202E+029
  -1.4655940981254430E+029
  -1.6229398359818919E+029
  -1.7969013031900322E+029
  -1.9891951569909544E+029
  -2.2017101139896001E+029
  -2.4365234392858521E+029
  -2.6959189044007850E+029
  -2.9824063276385035E+029
  -3.2987428164566646E+029
  -3.6479558371126039E+029
  -4.0333682421604642E+029
  -4.4586253911189916E+029
  -4.9277245035927877E+029
  -5.4450463870502725E+029
  -6.0153896830251810E+029
  -6.6440077753397218E+029
  -7.3366485015990419E+029
  -8.0995968041471467E+029
  -8.9397204482746528E+029
  -9.8645189229854744E+029
  -1.0882175622186798E+030
  -1.2001613380734035E+030
  -1.3232553409130267E+030
  -1.4585577631430129E+030
  -1.6072194381371567E+030
  -1.7704907350016045E+030
  -1.9497287601954765E+030
  -2.1464048383794755E+030
  -2.3621122335099924E+030
  -2.5985740574648811E+030
  -2.8576512969621194E+030
  -3.1413508697303779E+030
  -3.4518335972494618E+030
  -3.7914219532467821E+030
  -4.1626074137572915E+030
  -4.5680571950516925E+030
  -5.0106201190946629E+030
  -5.4933312912330683E+030
  -6.0194152101685388E+030
  -6.5922868543574865E+030
  -7.2155501999720500E+030
  -7.8929935213242938E+030
  -8.6285807027426782E+030
  -9.4264376484429838E+030
  -1.0290832710649476E+031
  -1.1226149862262482E+031
  -1.2236853114287876E+031
  -1.3327440414878924E+031
  -1.4502384960194909E+031
  -1.5766061490383421E+031
  -1.7122654728736886E+031
  -1.8576046639019094E+031
  -2.0129678614104926E+031
  -2.1786384055593185E+031
  -2.3548186043951569E+031
  -2.5416053914507607E+031
  -2.7389611525687176E+031
  -2.9466788808255966E+031
  -3.1643406789674304E+031
  -3.3912684662782753E+031
  -3.6264655573718244E+031
  -3.8685475593979225E+031
  -4.1156607761243175E+031
  -4.3653860058147474E+031
  -4.6146252670976997E+031
  -4.8594685739839858E+031
  -5.0950373970002247E+031
  -5.3153008791610999E+031
  -5.5128602078809216E+031
  -5.6786957587753199E+031
  -5.8018707032956764E+031
  -5.8691836846141361E+031
  -5.8647618876750702E+031
  -5.7695843320265970E+031
  -5.5609234797440062E+031
  -5.2116912880783385E+031
  -4.6896737781346712E+031
  -3.9566366212170981E+031
  -2.9672859037280021E+031
  -1.6680920517743664E+031
  -1.5147934011278188E+027
