   0.0000000000000000     
  -1.1011010049952404E-016
  -2.2209825430467706E-016
  -3.3787450182057622E-016
  -4.5941344223326855E-016
  -5.8878790861991243E-016
  -7.2820431669036305E-016
  -8.8004028991626019E-016
  -1.0468852025788496E-015
  -1.2315843319790378E-015
  -1.4372873725492297E-015
  -1.6675021389337815E-015
  -1.9261543735296035E-015
  -2.2176546780069595E-015
  -2.5469737097351602E-015
  -2.9197269248870379E-015
  -3.3422703126895385E-015
  -3.8218087525974294E-015
  -4.3665188412842750E-015
  -4.9856882829346733E-015
  -5.6898742185854520E-015
  -6.4910831930103539E-015
  -7.4029758263712109E-015
  -8.4410996788510548E-015
  -9.6231542769132577E-015
  -1.0969292817880757E-014
  -1.2502465694537433E-014
  -1.4248811694067660E-014
  -1.6238103538010133E-014
  -1.8504255355847232E-014
  -2.1085900740155849E-014
  -2.4027051233886710E-014
  -2.7377846470804165E-014
  -3.1195408751752600E-014
  -3.5544816618820691E-014
  -4.0500214016961889E-014
  -4.6146073942733890E-014
  -5.2578638111893048E-014
  -5.9907557176452381E-014
  -6.8257759438567218E-014
  -7.7771579901445158E-014
  -8.8611185932694440E-014
  -1.0096134086866771E-013
  -1.1503255264549291E-013
  -1.3106466110166389E-013
  -1.4933092507000360E-013
  -1.7014267889078558E-013
  -1.9385463767780685E-013
  -2.2087094172044614E-013
  -2.5165204299542086E-013
  -2.8672255110649914E-013
  -3.2668017231311298E-013
  -3.7220589392796640E-013
  -4.2407558757641058E-013
  -4.8317322897779483E-013
  -5.5050595944274887E-013
  -6.2722124564925156E-013
  -7.1462642999857077E-013
  -8.1421100456824538E-013
  -9.2767198806654032E-013
  -1.0569428380410869E-012
  -1.2042263908035646E-012
  -1.3720323901274848E-012
  -1.5632202439253015E-012
  -1.7810477371448199E-012
  -2.0292265305590680E-012
  -2.3119853906854199E-012
  -2.6341422277263053E-012
  -3.0011861684167658E-012
  -3.4193710615470286E-012
  -3.8958220086103381E-012
  -4.4386567338218793E-012
  -5.0571238604395125E-012
  -5.7617604481928775E-012
  -6.5645714745948069E-012
  -7.4792343165509554E-012
  -8.5213317143604223E-012
  -9.7086171851581740E-012
  -1.1061317405344068E-011
  -1.2602476710977920E-011
  -1.4358349582209264E-011
  -1.6358847794759868E-011
  -1.8638049852192223E-011
  -2.1234781373019363E-011
  -2.4193276314687581E-011
  -2.7563930292653816E-011
  -3.1404158820606277E-011
  -3.5779375084023507E-011
  -4.0764103894132721E-011
  -4.6443250787543874E-011
  -5.2913547877854098E-011
  -6.0285201074283800E-011
  -6.8683766710123756E-011
  -7.8252289528773563E-011
  -8.9153738423889503E-011
  -1.0157378139833667E-010
  -1.1572394698050312E-010
  -1.3184522591433018E-010
  -1.5021217443307325E-010
  -1.7113758896384335E-010
  -1.9497783183564939E-010
  -2.2213889864345430E-010
  -2.5308333054319148E-010
  -2.8833808913252957E-010
  -3.2850352795408452E-010
  -3.7426361332048125E-010
  -4.2639756842167862E-010
  -4.8579313889601835E-010
  -5.5346170563960719E-010
  -6.3055550206332868E-010
  -7.1838722881778737E-010
  -8.1845239980302156E-010
  -9.3245479975592227E-010
  -1.0623354866545615E-009
  -1.2103058324957615E-009
  -1.3788851647162527E-009
  -1.5709436488075380E-009
  -1.7897511418516370E-009
  -2.0390328482961434E-009
  -2.3230327250204533E-009
  -2.6465857145891945E-009
  -3.0152000357862860E-009
  -3.4351509316283115E-009
  -3.9135874699792221E-009
  -4.4586542139449832E-009
  -5.0796298321932616E-009
  -5.7870850075219510E-009
  -6.5930623302921157E-009
  -7.5112812373290420E-009
  -8.5573714829395482E-009
  -9.7491391140397909E-009
  -1.1106869474289014E-008
  -1.2653672391983412E-008
  -1.4415875423990815E-008
  -1.6423471845402801E-008
  -1.8710631005744971E-008
  -2.1316279733351994E-008
  -2.4284764677918299E-008
  -2.7666606857824593E-008
  -3.1519361247020779E-008
  -3.5908596022680053E-008
  -4.0909008129900167E-008
  -4.6605694138016113E-008
  -5.3095598004017251E-008
  -6.0489160367030776E-008
  -6.8912197424987772E-008
  -7.8508041348691589E-008
  -8.9439978635930193E-008
  -1.0189402787461998E-007
  -1.1608210415536251E-007
  -1.3224562394834554E-007
  -1.5065961174898448E-007
  -1.7163737832838741E-007
  -1.9553585014365840E-007
  -2.2276164053442693E-007
  -2.5377796594398949E-007
  -2.8911252477043748E-007
  -3.2936647281931126E-007
  -3.7522464797282689E-007
  -4.2746721792842997E-007
  -4.8698294905228548E-007
  -5.5478432195247050E-007
  -6.3202475077046439E-007
  -7.2001819895153726E-007
  -8.2026152499257193E-007
  -9.3445993807199278E-007
  -1.0645559963294177E-006
  -1.2127626407806843E-006
  -1.3816008264502896E-006
  -1.5739423904436243E-006
  -1.7930588856934215E-006
  -2.0426772105110167E-006
  -2.3270429795761620E-006
  -2.6509927135717369E-006
  -3.0200360745471724E-006
  -3.4404495448232392E-006
  -3.9193831417315542E-006
  -4.4649819820188927E-006
  -5.0865247621027554E-006
  -5.7945815078277302E-006
  -6.6011932748255763E-006
  -7.5200768535881492E-006
  -8.5668579582577549E-006
  -9.7593368621419280E-006
  -1.1117790994290404E-005
  -1.2665319639496310E-005
  -1.4428236599468702E-005
  -1.6436517487820624E-005
  -1.8724309259766950E-005
  -2.1330510634795275E-005
  -2.4299433275019584E-005
  -2.7681554953906588E-005
  -3.1534377512879294E-005
  -3.5923404183492937E-005
  -4.0923252880677127E-005
  -4.6618924382381810E-005
  -5.3107246942078316E-005
  -6.0498521877631173E-005
  -6.8918398093964321E-005
  -7.8510007385667319E-005
  -8.9436396795255374E-005
  -1.0188329934842349E-004
  -1.1606229023499367E-004
  -1.3221438205092775E-004
  -1.5061412017392263E-004
  -1.7157424783932675E-004
  -1.9545102015863225E-004
  -2.2265025734387022E-004
  -2.5363423995497248E-004
  -2.8892956328668249E-004
  -3.2913608429965260E-004
  -3.7493711305345521E-004
  -4.2711102173231152E-004
  -4.8654446842613181E-004
  -5.5424746024857906E-004
  -6.3137051160572298E-004
  -7.1922418900357231E-004
  -8.1930137430417330E-004
  -9.3330262449581162E-004
  -1.0631650586165279E-003
  -1.2110952623539462E-003
  -1.3796067690546251E-003
  -1.5715627535704076E-003
  -1.7902246638660793E-003
  -2.0393076161138780E-003
  -2.3230434938166125E-003
  -2.6462528222807235E-003
  -3.0144266387227710E-003
  -3.4338197479651992E-003
  -3.9115569469389197E-003
  -4.4557540213404209E-003
  -5.0756555685247846E-003
  -5.7817919863074104E-003
  -6.5861582926417571E-003
  -7.5024178116571234E-003
  -8.5461341835652606E-003
  -9.7350356366373205E-003
  -1.1089316006967949E-002
  -1.2631977615369513E-002
  -1.4389221821055564E-002
  -1.6390893880827956E-002
  -1.8670989664000659E-002
  -2.1268232822906206E-002
  -2.4226732214341754E-002
  -2.7596730728998310E-002
  -3.1435458236874853E-002
  -3.5808103123213711E-002
  -4.0788918901565968E-002
  -4.6462484682329400E-002
  -5.2925140885363459E-002
  -6.0286624558342293E-002
  -6.8671932048776654E-002
  -7.8223440634542216E-002
  -8.9103325110698961E-002
 -0.10149631033386496     
 -0.11561280642425933     
 -0.13169247981638399     
 -0.15000832074222731     
 -0.17087127615119360     
 -0.19463552666145306     
 -0.22170449706066700     
 -0.25253770231526146     
 -0.28765854521751821     
 -0.32766319793894716     
 -0.37323071814029407     
 -0.42513457122472831     
 -0.48425575416614175     
 -0.55159774350327317     
 -0.62830352102289966     
 -0.71567496588591184     
 -0.81519494207584597     
 -0.92855245575047696     
  -1.0576713091279268     
  -1.2047427368215822     
  -1.3722625780576139     
  -1.5630736151093256     
  -1.7804137958670654     
  -2.0279711582152800     
  -2.3099463874997617     
  -2.6311240677634209     
  -2.9969538348005074     
  -3.4136428069241798     
  -3.8882608605045132     
  -4.4288605350523316     
  -5.0446136005872644     
  -5.7459666024371883     
  -6.5448180202550184     
  -7.4547200443566357     
  -8.4911083896859587     
  -9.6715640428672938     
  -11.016111378959783     
  -12.547557700850613     
  -14.291879956151975     
  -16.278665185890869     
  -18.541612169740407     
  -21.119102769456973     
  -24.054852653120204     
  -27.398652427722851     
  -31.207211739401380     
  -35.545120645075592     
  -40.485944546017421     
  -46.113471236538444     
  -52.523131197885419     
  -59.823615202198177     
  -68.138716633703410     
  -77.609429740783554     
  -88.396339367617259     
  -100.68234265113088     
  -114.67574879161195     
  -130.61380940870274     
  -148.76673928701294     
  -169.44229562071584     
  -192.99099332480640     
  -219.81204475230254     
  -250.36012442388866     
  -285.15307334696439     
  -324.78067341122807     
  -369.91464046706665     
  -421.32000532779648     
  -479.86807543641112     
  -546.55119669963744     
  -622.49956546964972     
  -709.00037536249499     
  -807.51962312944056     
  -919.72694281191809     
  -1047.5238886741365     
  -1193.0761457871463     
  -1358.8502136218667     
  -1547.6551837211578     
  -1762.6903187432952     
  -2007.5992383598727     
  -2286.5316293112191     
  -2604.2135242634986     
  -2966.0273391277301     
  -3378.1030236450047     
  -3847.4218681074526     
  -4381.9347232519276     
  -4990.6966342551295     
  -5684.0201674998525     
  -6473.6500250692588     
  -7372.9619021085091     
  -8397.1889523614700     
  -9563.6796942807141     
  -10892.191722019770     
  -12405.226191341613     
  -14128.408740258419     
  -16090.923289717159     
  -18326.006064144312     
  -20871.508190283108     
  -23770.536392719394     
  -27072.182625406200     
  -30832.354982692133     
  -35114.723946261271     
  -39991.799974956091     
  -45546.160665649375     
  -51871.848242698987     
  -59075.961013810032     
  -67280.465710021308     
  -76624.261362457619     
  -87265.529621563517     
  -99384.411267630276     
  -113186.05417638387     
  -128904.08428340704     
  -146804.55824233516     
  -167190.46461491927     
  -190406.84970377342     
  -216846.65469757956     
  -246957.36282209188     
  -281248.56888158881     
  -320300.59916574485     
  -364774.32744959177     
  -415422.35302917799     
  -473101.72975416301     
  -538788.46122968371     
  -613594.00720609841     
  -698784.08016070921     
  -795800.04977424024     
  -906283.31707022502     
  -1032103.0701616418     
  -1175387.8906834163     
  -1338561.7450465055     
  -1524384.9687276508     
  -1736000.9361592741     
  -1976989.2048304882     
  -2251426.0315743075     
  -2563953.2835441339     
  -2919856.9081766196     
  -3325156.2878916189     
  -3786705.9891183833     
  -4312311.6245634528     
  -4910861.7859828845     
  -5592478.2761122435     
  -6368687.1774223298     
  -7252613.6472219042     
  -8259203.7292582970     
  -9405476.9281332046     
  -10710813.812251419     
  -12197283.502418678     
  -13890016.576579439     
  -15817629.687897060     
  -18012709.066362925     
  -20512361.068104312     
  -23358839.068311766     
  -26600257.282315750     
  -30291403.566546142     
  -34494664.921653420     
  -39281081.322133735     
  -44731545.662460379     
  -50938170.075504892     
  -58005841.686515212     
  -66053994.062449016     
  -75218624.255939037     
  -85654589.486961067     
  -97538222.223253548     
  -111070307.79224364     
  -126479474.77323456     
  -144026055.38200605     
  -164006480.98816389     
  -186758286.93218872     
  -212665811.08633190     
  -242166682.30451465     
  -275759208.22841722     
  -314010787.08452606     
  -357567485.37565410     
  -407164943.03137577     
  -463640789.96623749     
  -527948783.47970033     
  -601174904.94695711     
  -684555687.28391397     
  -779499082.27929080     
  -887608219.70558476     
  -1010708458.8699046     
  -1150878188.7666035     
  -1310483896.1811171     
  -1492220093.0327585     
  -1699154776.1450684     
  -1934781185.8750641     
  -2203076736.1876545     
  -2508570109.6163034     
  -2856417648.1408229     
  -3252490327.6547799     
  -3703472782.0259051     
  -4216976045.7755585     
  -4801665915.5358877     
  -5467409093.5768309     
  -6225439576.2592907     
  -7088548091.3081923     
  -8071297776.0501966     
  -9190269730.7605038     
  -10464342584.450340     
  -11915010783.270041     
  -13566746963.842190     
  -15447414516.249184     
  -17588737286.572330     
  -20026834331.035973     
  -22802828729.138428     
  -25963540710.079948     
  -29562276766.303135     
  -33659728043.923405     
  -38324993139.428040     
  -43636742526.205070     
  -49684544218.450996     
  -56570372993.893547     
  -64410328586.193657     
  -73336591774.812622     
  -83499651303.685898     
  -95070839117.551239     
  -108245216592.86514     
  -123244860346.13335     
  -140322602925.46591     
  -159766291344.26315     
  -181903635127.79330     
  -207107725460.46964     
  -235803318310.55667     
  -268473987259.56488     
  -305670266391.68890     
  -348018920250.13110     
  -396233496821.83197     
  -451126341088.49756     
  -513622271242.38165     
  -584774147622.68945     
  -665780596252.38428     
  -758006185080.20288     
  -863004392267.30493     
  -982543752794.79114     
  -1118637623095.6582     
  -1273578064229.8794     
  -1449974413345.5059     
  -1650797191964.4116     
  -1879428089321.5977     
  -2139716861077.7896     
  -2436046099930.3545     
  -2773404966918.2305     
  -3157473122772.9766     
  -3594716270037.4277     
  -4092494911732.1890     
  -4659188154372.0410     
  -5304334635845.4062     
  -6038792946311.1221     
  -6874924237664.5869     
  -7826800089773.3477     
  -8910439125832.6387     
  -10144076351960.201     
  -11548469745635.707     
  -13147249243010.613     
  -14967313986959.873     
  -17039284507956.709     
  -19398017432013.941     
  -22083191359514.570     
  -25139973753350.902     
  -28619780034435.629     
  -32581137630136.668     
  -37090669482464.180     
  -42224213527428.891     
  -48068096938498.812     
  -54720586523748.250     
  -62293539621639.727     
  -70914283203936.250     
  -80727752722373.875     
  -91898926592580.766     
  -104615597167310.19     
  -119091524694438.61     
  -135570027177911.55     
  -154328066369489.78     
  -175680898438200.53     
  -199987367332168.53     
  -227655929622560.16     
  -259151511882164.16     
  -295003315607006.00     
  -335813700572025.69     
  -382268295587167.19     
  -435147506190838.38     
  -495339612227964.94     
  -563855674901646.88     
  -641846503206649.75     
  -730621964157064.00     
  -831672960486875.12     
  -946696444187967.75     
  -1077623885102958.2     
  -1226653671661008.5     
  -1396287986701606.2     
  -1589374776275860.0     
  -1809155514600749.5     
  -2059319565395457.5     
  -2344066050273528.0     
  -2668174260547098.0     
  -3037083791821408.5     
  -3456985743510589.0     
  -3934926510610260.5     
  -4478925905815006.0     
  -5098111589891987.0     
  -5802872061124578.0     
  -6605030765182671.0     
  -7518044240149035.0     
  -8557227613538615.0     
  -9740011225708430.0     
  -11086232674714560.     
  -12618469170127166.     
  -14362415757461296.     
  -16347315741980170.     
  -18606450513490364.     
  -21177696966950964.     
  -24104161843846348.     
  -27434903605193652.     
  -31225753910239892.     
  -35540252439775836.     
  -40450710697343912.     
  -46039422577063232.     
  -52400041939308088.     
  -59639150225982680.     
  -67878040322196096.     
  -77254746483730480.     
  -87926354260078832.     
  -1.0007162901957234E+017
  -1.1389400700422443E+017
  -1.2962499889613450E+017
  -1.4752806276557712E+017
  -1.6790301110811267E+017
  -1.9109102559485747E+017
  -2.1748036330510154E+017
  -2.4751284975286829E+017
  -2.8169126715116192E+017
  -3.2058776129840410E+017
  -3.6485340746989786E+017
  -4.1522909503631533E+017
  -4.7255791253338957E+017
  -5.3779923993874144E+017
  -6.1204478339005466E+017
  -6.9653681997795072E+017
  -7.9268895710648666E+017
  -9.0210975284799334E+017
  -1.0266295914252024E+018
  -1.1683312622265311E+018
  -1.3295847525034619E+018
  -1.5130868341398973E+018
  -1.7219061047912220E+018
  -1.9595342345953283E+018
  -2.2299442730717043E+018
  -2.5376569884683648E+018
  -2.8878163456470707E+018
  -3.2862753808410537E+018
  -3.7396939048084675E+018
  -4.2556496629192054E+018
  -4.8427648048285716E+018
  -5.5108497713348045E+018
  -6.2710669960269466E+018
  -7.1361171492257055E+018
  -8.1204510269858335E+018
  -9.2405106148006072E+018
  -1.0515003341220352E+019
  -1.1965214088935295E+019
  -1.3615360159154113E+019
  -1.5492995099769666E+019
  -1.7629468120711930E+019
  -2.0060446744544948E+019
  -2.2826511392123167E+019
  -2.5973831799444623E+019
  -2.9554936522583720E+019
  -3.3629588335340941E+019
  -3.8265780084697670E+019
  -4.3540867571524821E+019
  -4.9542858301487333E+019
  -5.6371877541496349E+019
  -6.4141836063356076E+019
  -7.2982327307299766E+019
  -8.3040785509479678E+019
  -9.4484940672368296E+019
  -1.0750561118730953E+020
  -1.2231988052585864E+020
  -1.3917471079400884E+020
  -1.5835105319660998E+020
  -1.8016852370842780E+020
  -2.0499072163004183E+020
  -2.3323127937654889E+020
  -2.6536074398155597E+020
  -3.0191440459916863E+020
  -3.4350119598112080E+020
  -3.9081382575469671E+020
  -4.4464029362511780E+020
  -5.0587699370958232E+020
  -5.7554361746115900E+020
  -6.5480010449361764E+020
  -7.4496592256692781E+020
  -8.4754199659914605E+020
  -9.6423565047226211E+020
  -1.0969889753232869E+021
  -1.2480110947829122E+021
  -1.4198148621809714E+021
  -1.6152585981478004E+021
  -1.8375935605166399E+021
  -2.0905179333538601E+021
  -2.3782382298792728E+021
  -2.7055391267711332E+021
  -3.0778628869067600E+021
  -3.5013996862746248E+021
  -3.9831903412273671E+021
  -4.5312431374062227E+021
  -5.1546666949421616E+021
  -5.8638210697773974E+021
  -6.6704895925294717E+021
  -7.5880742892141701E+021
  -8.6318181180091243E+021
  -9.8190576995069476E+021
  -1.1169510721884187E+022
  -1.2705602775409412E+022
  -1.4452839022175212E+022
  -1.6440226847601772E+022
  -1.8700756482328483E+022
  -2.1271947540458027E+022
  -2.4196470508514124E+022
  -2.7522853456844960E+022
  -3.1306285651923709E+022
  -3.5609531347225528E+022
  -4.0503968848419802E+022
  -4.6070772015428568E+022
  -5.2402253713473731E+022
  -5.9603393396221233E+022
  -6.7793574040460828E+022
  -7.7108557103369223E+022
  -8.7702728097041882E+022
  -9.9751649835143498E+022
  -1.1345496547652506E+023
  -1.2903969925379645E+023
  -1.4676400932581013E+023
  -1.6692145463940932E+023
  -1.8984584614990766E+023
  -2.1591676237057375E+023
  -2.4556582015682129E+023
  -2.7928380406033353E+023
  -3.1762877171593207E+023
  -3.6123526878140735E+023
  -4.1082480520113556E+023
  -4.6721776530739533E+023
  -5.3134694784896066E+023
  -6.0427295883121397E+023
  -6.8720171050481617E+023
  -7.8150431444983369E+023
  -8.8873969603609403E+023
  -1.0106803022425980E+024
  -1.1493413256209786E+024
  -1.3070139249218966E+024
  -1.4863029885137488E+024
  -1.6901700612836996E+024
  -1.9219821404414952E+024
  -2.1855671419325294E+024
  -2.4852769485825477E+024
  -2.8260590754307855E+024
  -3.2135381289932346E+024
  -3.6541083977415588E+024
  -4.1550390935083892E+024
  -4.7245939708155038E+024
  -5.3721672866520386E+024
  -6.1084383308498731E+024
  -6.9455470612798805E+024
  -7.8972937235866328E+024
  -8.9793657277254758E+024
  -1.0209595499565431E+025
  -1.1608253532544765E+025
  -1.3198381440071369E+025
  -1.5006170463427371E+025
  -1.7061391633020440E+025
  -1.9397884625023332E+025
  -2.2054113314501906E+025
  -2.5073797115658563E+025
  -2.8506628437540197E+025
  -3.2409087989609927E+025
  -3.6845371268824313E+025
  -4.1888441374258166E+025
  -4.7621225356364725E+025
  -5.4137973649135897E+025
  -6.1545804792761773E+025
  -6.9966460675060423E+025
  -7.9538300950992506E+025
  -9.0418569196666281E+025
  -1.0278596778059880E+026
  -1.1684358346241218E+026
  -1.3282221143911636E+026
  -1.5098413204420403E+026
  -1.7162740167003038E+026
  -1.9509072784866398E+026
  -2.2175900792601063E+026
  -2.5206962155229144E+026
  -2.8651957946346279E+026
  -3.2567364494106666E+026
  -3.7017356013726416E+026
  -4.2074852739281547E+026
  -4.7822711604841954E+026
  -5.4355078838319971E+026
  -6.1778926458174443E+026
  -7.0215797645698325E+026
  -7.9803789352154480E+026
  -9.0699804345133876E+026
  -1.0308210926418852E+027
  -1.1715324021240249E+027
  -1.3314330303796562E+027
  -1.5131372184863395E+027
  -1.7196149655505528E+027
  -1.9542403847302390E+027
  -2.2208466236226311E+027
  -2.5237882389062378E+027
  -2.8680120355818703E+027
  -3.2591375178920307E+027
  -3.7035482542068169E+027
  -4.2084956343393153E+027
  -4.7822166977212242E+027
  -5.4340679378375976E+027
  -6.1746772459269552E+027
  -7.0161164493279093E+027
  -7.9720972316792552E+027
  -9.0581935987701102E+027
  -1.0292094481217090E+028
  -1.1693890550153222E+028
  -1.3286399872503249E+028
  -1.5095537656988170E+028
  -1.7150736050725142E+028
  -1.9485420750482789E+028
  -2.2137552105150357E+028
  -2.5150239421336391E+028
  -2.8572438358735339E+028
  -3.2459742634706975E+028
  -3.6875282769629899E+028
  -4.1890746320087311E+028
  -4.7587535993112098E+028
  -5.4058084242506350E+028
  -6.1407345452743568E+028
  -6.9754489656941367E+028
  -7.9234824957958098E+028
  -9.0001979476947071E+028
  -1.0223037779965889E+029
  -1.1611805159311871E+029
  -1.3188982939849852E+029
  -1.4980095665447433E+029
  -1.7014120386478639E+029
  -1.9323952860255456E+029
  -2.1946936586504476E+029
  -2.4925463129532330E+029
  -2.8307653312941684E+029
  -3.2148130158807880E+029
  -3.6508895901372627E+029
  -4.1460327058519475E+029
  -4.7082303418585129E+029
  -5.3465488924908896E+029
  -6.0712784849325911E+029
  -6.8940978376398753E+029
  -7.8282612815413012E+029
  -8.8888109165577031E+029
  -1.0092817273644620E+030
  -1.1459652303261059E+030
  -1.3011299021966597E+030
  -1.4772702727729977E+030
  -1.6772169350540630E+030
  -1.9041817248291138E+030
  -2.1618089600238697E+030
  -2.4542335504786009E+030
  -2.7861468969709432E+030
  -3.1628716208130444E+030
  -3.5904463041522240E+030
  -4.0757215783425092E+030
  -4.6264690758713321E+030
  -5.2515049630829398E+030
  -5.9608299994629125E+030
  -6.7657883280731986E+030
  -7.6792474948558765E+030
  -8.7158025264841148E+030
  -9.8920072723528921E+030
  -1.1226636641964720E+031
  -1.2740983850931825E+031
  -1.4459197334500292E+031
  -1.6408662605289068E+031
  -1.8620435031310824E+031
  -2.1129730302026357E+031
  -2.3976480246305301E+031
  -2.7205962680433089E+031
  -3.0869515112216521E+031
  -3.5025343426318438E+031
  -3.9739438146000195E+031
  -4.5086612529850903E+031
  -5.1151678644130086E+031
  -5.8030779680628258E+031
  -6.5832899198753198E+031
  -7.4681570695365067E+031
  -8.4716813987927717E+031
  -9.6097328382371474E+031
  -1.0900297653925572E+032
  -1.2363759740975428E+032
  -1.4023219165371003E+032
  -1.5904852865121363E+032
  -1.8038323066230898E+032
  -2.0457239697296696E+032
  -2.3199683909826109E+032
  -2.6308800741856661E+032
  -2.9833470014019218E+032
  -3.3829065735451080E+032
  -3.8358315639576915E+032
  -4.3492273986625534E+032
  -4.9311422483272746E+032
  -5.5906916105288930E+032
  -6.3381992795038944E+032
  -7.1853568474272492E+032
  -8.1454041600076139E+032
  -9.2333334638948417E+032
  -1.0466120338668756E+033
  -1.1862984907194034E+033
  -1.3445687270717797E+033
  -1.5238861625821967E+033
  -1.7270394096615077E+033
  -1.9571849965680071E+033
  -2.2178956720650358E+033
  -2.5132150160401863E+033
  -2.8477191737575464E+033
  -3.2265866365809325E+033
  -3.6556771105648799E+033
  -4.1416206479455889E+033
  -4.6919183671688359E+033
  -5.3150562567925561E+033
  -6.0206337497868415E+033
  -6.8195089701053174E+033
  -7.7239627959299521E+033
  -8.7478841570747445E+033
  -9.9069792914627678E+033
  -1.1219008031616613E+034
  -1.2704050581490211E+034
  -1.4384808682061699E+034
  -1.6286945556886726E+034
  -1.8439469582981366E+034
  -2.0875167255466574E+034
  -2.3631091714758099E+034
  -2.6749113892118514E+034
  -3.0276544213602579E+034
  -3.4266833795558325E+034
  -3.8780365180002707E+034
  -4.3885343910007184E+034
  -4.9658803650035337E+034
  -5.6187739132183931E+034
  -6.3570382976788675E+034
  -7.1917644417476185E+034
  -8.1354730181642753E+034
  -9.2022970265513026E+034
  -1.0408187412949756E+035
  -1.1771144595908901E+035
  -1.3311479112737031E+035
  -1.5052104989988266E+035
  -1.7018869878822821E+035
  -1.9240926483749886E+035
  -2.1751150358205883E+035
  -2.4586609748800581E+035
  -2.7789093848897185E+035
  -3.1405706579209360E+035
  -3.5489533856799027E+035
  -4.0100393253577058E+035
  -4.5305675991376838E+035
  -5.1181292384082543E+035
  -5.7812733130374188E+035
  -6.5296260296717650E+035
  -7.3740243423753068E+035
  -8.3266657955906213E+035
  -9.4012765150810594E+035
  -1.0613299479023374E+036
  -1.1980105440721598E+036
  -1.3521229138595062E+036
  -1.5258633720375073E+036
  -1.7217006629168676E+036
  -1.9424090551669765E+036
  -2.1911053415869110E+036
  -2.4712901849760176E+036
  -2.7868942976419804E+036
  -3.1423299927121535E+036
  -3.5425487005409309E+036
  -3.9931051033778566E+036
  -4.5002286063002445E+036
  -5.0709029324069223E+036
  -5.7129547055518475E+036
  -6.4351519645333521E+036
  -7.2473136386180722E+036
  -8.1604311054167620E+036
  -9.1868030481312280E+036
  -1.0340184929543014E+037
  -1.1635954504043433E+037
  -1.3091294895415133E+037
  -1.4725396875468178E+037
  -1.6559682085007708E+037
  -1.8618049041344466E+037
  -2.0927143872270508E+037
  -2.3516657800789166E+037
  -2.6419653472444789E+037
  -2.9672922260977163E+037
  -3.3317374699656112E+037
  -3.7398466154386405E+037
  -4.1966659767343577E+037
  -4.7077928540279285E+037
  -5.2794298174782965E+037
  -5.9184431918270706E+037
  -6.6324258149415620E+037
  -7.4297640738665837E+037
  -8.3197091293966877E+037
  -9.3124521194700724E+037
  -1.0419202976236111E+038
  -1.1652272293461181E+038
  -1.3025155430294916E+038
  -1.4552617722519725E+038
  -1.6250779278918293E+038
  -1.8137197350911148E+038
  -2.0230943656992120E+038
  -2.2552673294022493E+038
  -2.5124680943876427E+038
  -2.7970938948216222E+038
  -3.1117110429968148E+038
  -3.4590528930842644E+038
  -3.8420133940976268E+038
  -4.2636349135072549E+038
  -4.7270886995938354E+038
  -5.2356459674287589E+038
  -5.7926371247357291E+038
  -6.4013960806501616E+038
  -7.0651858788969889E+038
  -7.7871010379153342E+038
  -8.5699409277472560E+038
  -9.4160472220974687E+038
  -1.0327096877872211E+039
  -1.1303840143852113E+039
  -1.2345770697539121E+039
  -1.3450712045004737E+039
  -1.4614300654869320E+039
  -1.5829341760481447E+039
  -1.7085008134093377E+039
  -1.8365845134653300E+039
  -1.9650536602618642E+039
  -2.0910375269966236E+039
  -2.2107367696147424E+039
  -2.3191886597082237E+039
  -2.4099761868988749E+039
  -2.4748674436238038E+039
  -2.5033682790838521E+039
  -2.4821668955107086E+039
  -2.3944436653288715E+039
  -2.2190128425891645E+039
  -1.9292553145094371E+039
  -1.4917956633212481E+039
  -8.6489285809459674E+038
  -7.8540869056358061E+034
