   0.0000000000000000     
  -1.1011010049952404E-016
  -2.2288236184162310E-016
  -3.4104326316002727E-016
  -4.6744951358364927E-016
  -6.0515711407745664E-016
  -7.5749523487178412E-016
  -9.2814669431806338E-016
  -1.1212369845037696E-015
  -1.3414339954729466E-015
  -1.5940608484199486E-015
  -1.8852245649988197E-015
  -2.2219636825726167E-015
  -2.6124183830620423E-015
  -3.0660272471031670E-015
  -3.5937553886350485E-015
  -4.2083594833558795E-015
  -4.9246960960332544E-015
  -5.7600807579718167E-015
  -6.7347064723106730E-015
  -7.8721317608745944E-015
  -9.1998500467341346E-015
  -1.0749954132041508E-014
  -1.2559911828587656E-014
  -1.4673471484389644E-014
  -1.7141719288358174E-014
  -2.0024313902545186E-014
  -2.3390928256236848E-014
  -2.7322933341756177E-014
  -3.1915364699205096E-014
  -3.7279219107775251E-014
  -4.3544136979705900E-014
  -5.0861535272214699E-014
  -5.9408266617911193E-014
  -6.9390893088290226E-014
  -8.1050677855038084E-014
  -9.4669415358813976E-014
  -1.1057624085389927E-013
  -1.2915558385903229E-013
  -1.5085645768146258E-013
  -1.7620330946037642E-013
  -2.0580869287710863E-013
  -2.4038806971367889E-013
  -2.8077709787185440E-013
  -3.2795182353447706E-013
  -3.8305226531020084E-013
  -4.4740996014676177E-013
  -5.2258013650578238E-013
  -6.1037929207566988E-013
  -7.1292908385843818E-013
  -8.3270759095478911E-013
  -9.7260918847268117E-013
  -1.1360144789996245E-012
  -1.3268719710322867E-012
  -1.5497934775166736E-012
  -1.8101655390716882E-012
  -2.1142795635528017E-012
  -2.4694838257097487E-012
  -2.8843609987215021E-012
  -3.3689355061059688E-012
  -3.9349157027952560E-012
  -4.5959767354356788E-012
  -5.3680909145321123E-012
  -6.2699135786379742E-012
  -7.3232337711091656E-012
  -8.5535006153611820E-012
  -9.9904381028973068E-012
  -1.1668763143765109E-011
  -1.3629024223115727E-011
  -1.5918580920412782E-011
  -1.8592747949906282E-011
  -2.1716131354405045E-011
  -2.5364189125098257E-011
  -2.9625053940254444E-011
  -3.4601662045944414E-011
  -4.0414239695351239E-011
  -4.7203207198271282E-011
  -5.5132570717580795E-011
  -6.4393883728259488E-011
  -7.5210873811434969E-011
  -8.7844846523006122E-011
  -1.0260099684166281E-010
  -1.1983578061762965E-010
  -1.3996552404038741E-010
  -1.6347647903899004E-010
  -1.9093656744418974E-010
  -2.2300909752040331E-010
  -2.6046878410213830E-010
  -3.0422045919370605E-010
  -3.5532092485580573E-010
  -4.1500447607628346E-010
  -4.8471270993682124E-010
  -5.6612934088181211E-010
  -6.6122086276876513E-010
  -7.7228403954929343E-010
  -9.0200137130406553E-010
  -1.0535058749142219E-009
  -1.2304567435441596E-009
  -1.4371277117651911E-009
  -1.6785102599068383E-009
  -1.9604341494874215E-009
  -2.2897081999963685E-009
  -2.6742847059775597E-009
  -3.1234514640920347E-009
  -3.6480560463959086E-009
  -4.2607677345448810E-009
  -4.9763834388207136E-009
  -5.8121849877130414E-009
  -6.7883564139113974E-009
  -7.9284713108999868E-009
  -9.2600620258593366E-009
  -1.0815284430091015E-008
  -1.2631694315374843E-008
  -1.4753154159227814E-008
  -1.7230892148993985E-008
  -2.0124739030006674E-008
  -2.3504572635430373E-008
  -2.7452004968403131E-008
  -3.2062352561744706E-008
  -3.7446937678065168E-008
  -4.3735775898616665E-008
  -5.1080714975391295E-008
  -5.9659100712846501E-008
  -6.9678058366082659E-008
  -8.1379492898275306E-008
  -9.5045928790178316E-008
  -1.1100733035724302E-007
  -1.2964906719430383E-007
  -1.5142121700490417E-007
  -1.7684943034907008E-007
  -2.0654761953852777E-007
  -2.4123277793157759E-007
  -2.8174228729333944E-007
  -3.2905413093143343E-007
  -3.8431050044115460E-007
  -4.4884536578982108E-007
  -5.2421667411321445E-007
  -6.1224395429554603E-007
  -7.1505223485317096E-007
  -8.3512333498870238E-007
  -9.7535576660185827E-007
  -1.1391346928288981E-006
  -1.3304136313469201E-006
  -1.5538098740770653E-006
  -1.8147159258889094E-006
  -2.1194296514316705E-006
  -2.4753062706210826E-006
  -2.8909358704837630E-006
  -3.3763507167211731E-006
  -3.9432673673548660E-006
  -4.6053694304983953E-006
  -5.3786377889246880E-006
  -6.2817362593162557E-006
  -7.3364619915246182E-006
  -8.5682714750865631E-006
  -1.0006894844324482E-005
  -1.1687053303595238E-005
  -1.3649296982030235E-005
  -1.5940983432435387E-005
  -1.8617420381970768E-005
  -2.1743200304643645E-005
  -2.5393759013097008E-005
  -2.9657195871269248E-005
  -3.4636399540579751E-005
  -4.0451530542573743E-005
  -4.7242920528195627E-005
  -5.5174458195640179E-005
  -6.4437543537479436E-005
  -7.5255705806583708E-005
  -8.7889996599860022E-005
  -1.0264528815511140E-004
  -1.1987762879025550E-004
  -1.4000283291227045E-004
  -1.6350651280045361E-004
  -1.9095579414296146E-004
  -2.2301299791571276E-004
  -2.6045161861786394E-004
  -3.0417498426180644E-004
  -3.5523804819347982E-004
  -4.1487283835033170E-004
  -4.8451817777074542E-004
  -5.6585439317707431E-004
  -6.6084384874829456E-004
  -7.7177828267819409E-004
  -9.0133408816809831E-004
  -1.0526368720848551E-003
  -1.2293368482442760E-003
  -1.4356968835516131E-003
  -1.6766953203431131E-003
  -1.9581460545822814E-003
  -2.2868387656614906E-003
  -2.6707026794754560E-003
  -3.1189978138824550E-003
  -3.6425383183319379E-003
  -4.2539532932884790E-003
  -4.9679913787770980E-003
  -5.8018764566989279E-003
  -6.7757230439589511E-003
  -7.9130213926169816E-003
  -9.2412039939111339E-003
  -1.0792307145621668E-002
  -1.2603743534150721E-002
  -1.4719204459134798E-002
  -1.7189713453895070E-002
  -2.0074856704900366E-002
  -2.3444219935643162E-002
  -2.7379066397640650E-002
  -3.1974296423636583E-002
  -3.7340735785583869E-002
  -4.3607808026222585E-002
  -5.0926655189064522E-002
  -5.9473782180430028E-002
  -6.9455312619352283E-002
  -8.1111958770862497E-002
  -9.4724825370616217E-002
 -0.11062218724882115     
 -0.12918740413336585     
 -0.15086816342155968     
 -0.17618727371749049     
 -0.20575526930899055     
 -0.24028512940524879     
 -0.28060946692497074     
 -0.32770060114382127     
 -0.38269399801285020     
 -0.44691564312140170     
 -0.52191400705423452     
 -0.60949737356683698     
 -0.71177743024180429     
 -0.83122017220651345     
 -0.97070534572428346     
  -1.1335958642636905     
  -1.3238188699617717     
  -1.5459603940160840     
  -1.8053758972285834     
  -2.1083193545754195     
  -2.4620939945094222     
  -2.8752283254805930     
  -3.3576816914539598     
  -3.9210843096912584     
  -4.5790175748821538     
  -5.3473413838753867     
  -6.2445763681398470     
  -7.2923502439686390     
  -8.5159190351904819     
  -9.9447757269804260     
  -11.613361015713695     
  -13.561893279416115     
  -15.837337765472919     
  -18.494538346040120     
  -21.597539107833338     
  -25.221127615967813     
  -29.452637031425009     
  -34.394050497128234     
  -40.164458488689057     
  -46.902928327983020     
  -54.771854985575388     
  -63.960873890722723     
  -74.691430004388167     
  -87.222113217400576     
  -101.85488859318600     
  -118.94237152685098     
  -138.89632305876432     
  -162.19756996714159     
  -189.40758857805824     
  -221.18203129900684     
  -258.28652166829545     
  -301.61509834372470     
  -352.21175224539843     
  -411.29557555506187     
  -480.29012825133907     
  -560.85772942063068     
  -654.93949917225461     
  -764.80211545857333     
  -893.09241178987588     
  -1042.9011306320251     
  -1217.8373677272041     
  -1422.1154999912569     
  -1660.6566902114880     
  -1939.2074127314113     
  -2264.4778541117707     
  -2644.3035212641789     
  -3087.8339482824872     
  -3605.7530455956626     
  -4210.5363968368711     
  -4916.7516983011938     
  -5741.4095744565402     
  -6704.3732156749957     
  -7828.8367003508138     
  -9141.8835169442154     
  -10675.138732026884     
  -12465.530504564169     
  -14556.179278696392     
  -16997.436060514880     
  -19848.094772720880     
  -23176.807870955538     
  -27063.739297816872     
  -31602.494562853055     
  -36902.374406586612     
  -43091.006294364393     
  -50317.417078920502     
  -58755.620787765431     
  -68608.807888319992     
  -80114.236858353397     
  -93548.945789999867     
  -109236.42148901527     
  -127554.38657173020     
  -148943.89196465191     
  -173919.93362304030     
  -203083.84896066619     
  -237137.79130560058     
  -276901.63069637935     
  -323332.68771193811     
  -377548.77519155416     
  -440855.10228720703     
  -514775.68821453216     
  -601090.04156491591     
  -701875.98771977297     
  -819559.67481541447     
  -956973.96140040283     
  -1117426.5905601687     
  -1304779.7907050999     
  -1523543.2180898951     
  -1778982.4770639364     
  -2077245.8287624330     
  -2425512.1364468671     
  -2832163.6065112045     
  -3306987.4805703172     
  -3861411.5303798877     
  -4508779.0203459393     
  -5264669.7516154414     
  -6147274.9100202452     
  -7177834.7341217035     
  -8381149.5303831380     
  -9786176.3264043871     
  -11426725.512593696     
  -13342274.227138350     
  -15578916.046471199     
  -18190469.821103398     
  -21239774.323496778     
  -24800199.842573430     
  -28957413.075905140     
  -33811437.760981239     
  -39479060.597613141     
  -46096640.315410845     
  -53823387.432901554     
  -62845193.571216933     
  -73379102.397335082     
  -85678529.697162658     
  -100039358.08800238     
  -116807052.90598030     
  -136384970.35210443     
  -159244057.64071760     
  -185934178.35491636     
  -217097335.27910608     
  -253483108.58797786     
  -295966680.51976776     
  -345569879.82916319     
  -403485751.89540553     
  -471107245.09788668     
  -550060703.00077617     
  -642244967.38680911     
  -749877032.02318072     
  -875545344.46908236     
  -1022272037.0267785     
  -1193585582.5115657     
  -1393605621.0251031     
  -1627141996.3791876     
  -1899810382.2584386     
  -2218167276.8322077     
  -2589867609.9032989     
  -3023848749.9918504     
  -3530545333.0466857     
  -4122140074.9880977     
  -4812856594.8006992     
  -5619301284.1754179     
  -6560862437.9851208     
  -7660176235.4657135     
  -8943670767.8984089     
  -10442201183.414169     
  -12191791208.289089     
  -14234498859.327814     
  -16619427144.997408     
  -19403904035.504265     
  -22654860047.619858     
  -26450436536.373314     
  -30881863326.696022     
  -36055650786.757431     
  -42096148996.371727     
  -49148535479.776611     
  -57382303263.929756     
  -66995333038.299728     
  -78218647218.367386     
  -91321960089.392899     
  -106620157322.49107     
  -124480860470.52484     
  -145333258102.40036     
  -169678415646.29556     
  -198101311515.09866     
  -231284888532.94617     
  -270026458064.91269     
  -315256850733.75464     
  -368062773543.60748     
  -429712910202.97424     
  -501688391295.30365     
  -585718365841.11755     
  -683821528248.00232     
  -798354597592.01221     
  -932068913045.96692     
  -1088176504070.5374     
  -1270427221386.5825     
  -1483198780207.6614     
  -1731601877098.5908     
  -2021602903573.5337     
  -2360167201833.4150     
  -2755426300997.5210     
  -3216873147632.7153     
  -3755590016129.1729     
  -4384514568626.3491     
  -5118750449565.4873     
  -5975929868490.0176     
  -6976636872060.7295     
  -8144901462313.5840     
  -9508776417884.2656     
  -11101010659016.352     
  -12959835313239.004     
  -15129881342184.924     
  -17663250745949.086     
  -20620767045337.715     
  -24073435042656.973     
  -28104144881448.828     
  -32809661285151.133     
  -38302945694523.438     
  -44715867007820.859     
  -52202365947522.398     
  -60942148956349.203     
  -71145000224128.844     
  -83055815270179.109     
  -96960476808609.656     
  -113192713821009.02     
  -132142108336489.97     
  -154263441938058.66     
  -180087606136295.38     
  -210234338246221.97     
  -245427088169554.31     
  -286510372571123.69     
  -334470032569310.88     
  -390456880664782.31     
  -455814303877488.56     
  -532110484895501.31     
  -621176013733027.00     
  -725147791600976.62     
  -846520279507327.38     
  -988205320139291.25     
  -1153601967052171.0     
  -1346677995022954.8     
  -1572065045365310.8     
  -1835169686752273.0     
  -2142303053480157.2     
  -2500832168267104.5     
  -2919356576274161.0     
  -3407914523510372.0     
  -3978223620660543.0     
  -4643961759607668.0     
  -5421095014297602.0     
  -6328260383204899.0     
  -7387212544459149.0     
  -8623345328139220.0     
  -10066300400054884.     
  -11750677740364540.     
  -13716864938639210.     
  -16012005172850962.     
  -18691127061368140.     
  -21818463453896196.     
  -25468990752215760.     
  -29730225632851872.     
  -34704322207873524.     
  -40510519854408240.     
  -47288000340354040.     
  -55199222674144952.     
  -64433815544821200.     
  -75213120568804928.     
  -87795495141159744.     
  -1.0248250187456699E+017
  -1.1962613283392888E+017
  -1.3963724154625706E+017
  -1.6299538467701638E+017
  -1.9026030900708438E+017
  -2.2208535872622742E+017
  -2.5923312402162243E+017
  -3.0259370558299142E+017
  -3.5320603225256563E+017
  -4.1228274211591360E+017
  -4.8123922260636090E+017
  -5.6172750472094867E+017
  -6.5567582259996442E+017
  -7.6533478528294618E+017
  -8.9333126566365222E+017
  -1.0427312963081551E+018
  -1.2171134772892769E+018
  -1.4206546526797025E+018
  -1.6582299058485450E+018
  -1.9355292662393882E+018
  -2.2591939200612872E+018
  -2.6369751838549427E+018
  -3.0779200443572076E+018
  -3.5925877034936694E+018
  -4.1933023088700119E+018
  -4.8944479155332250E+018
  -5.7128127347180001E+018
  -6.6679909039203072E+018
  -7.7828513881176771E+018
  -9.0840852271559363E+018
  -1.0602844217604923E+019
  -1.2375486303515261E+019
  -1.4444445501722124E+019
  -1.6859247164598403E+019
  -1.9677692857593328E+019
  -2.2967243183513100E+019
  -2.6806631617173516E+019
  -3.1287747935816872E+019
  -3.6517836274440614E+019
  -4.2622060354853798E+019
  -4.9746497212471730E+019
  -5.8061630985169699E+019
  -6.7766430278515622E+019
  -7.9093106566777913E+019
  -9.2312667362281079E+019
  -1.0774139687555177E+020
  -1.2574841904871263E+020
  -1.4676452370385617E+020
  -1.7129246672408212E+020
  -1.9991899039794954E+020
  -2.3332885114893789E+020
  -2.7232118982105521E+020
  -3.1782863564458276E+020
  -3.7093960029767257E+020
  -4.3292429466853428E+020
  -5.0526508982766902E+020
  -5.8969194746181838E+020
  -6.8822376607676406E+020
  -8.0321663053360451E+020
  -9.3742011731335027E+020
  -1.0940430002405566E+021
  -1.2768299258272827E+021
  -1.4901508892783794E+021
  -1.7391056477755697E+021
  -2.0296455642206340E+021
  -2.3687157906726978E+021
  -2.7644211861851860E+021
  -3.2262199302135701E+021
  -3.7651494537357809E+021
  -4.3940900814663388E+021
  -5.1280726784448083E+021
  -5.9846376442979502E+021
  -6.9842538236501410E+021
  -8.1508073307001911E+021
  -9.5121719539773137E+021
  -1.1100874753500219E+022
  -1.2954872733386542E+022
  -1.5118459122525734E+022
  -1.7643320887392200E+022
  -2.0589772708120730E+022
  -2.4028196857560158E+022
  -2.8040723333461936E+022
  -3.2723190323264358E+022
  -3.8187431765623555E+022
  -4.4563946572196239E+022
  -5.2005013173023495E+022
  -6.0688323665996307E+022
  -7.0821224238233395E+022
  -8.2645662979851934E+022
  -9.6443963072822785E+022
  -1.1254555901100217E+023
  -1.3133485646057842E+023
  -1.5326040314970045E+023
  -1.7884558941968301E+023
  -2.0870113352188966E+023
  -2.4353964927211613E+023
  -2.8419264329057448E+023
  -3.3163034694165062E+023
  -3.8698485562150129E+023
  -4.5157712683086414E+023
  -5.2694848039057353E+023
  -6.1489735139599710E+023
  -7.1752217161615412E+023
  -8.3727140100098263E+023
  -9.7700190123931171E+023
  -1.1400470419622861E+024
  -1.3302961619387764E+024
  -1.5522872779743539E+024
  -1.8113152496355502E+024
  -2.1135579758793034E+024
  -2.4662236289260141E+024
  -2.8777224314831530E+024
  -3.3578670676145690E+024
  -3.9181064990510668E+024
  -4.5717987537561058E+024
  -5.3345291810001546E+024
  -6.2244817491089744E+024
  -7.2628722241562612E+024
  -8.4744535401727897E+024
  -9.8881053889397784E+024
  -1.1537522060946285E+025
  -1.3462014906236256E+025
  -1.5707448510192973E+025
  -1.8327332859593261E+025
  -2.1384097484079164E+025
  -2.4950577885684553E+025
  -2.9111749617029555E+025
  -3.3966751257176294E+025
  -3.9631244402797105E+025
  -4.6240166804387218E+025
  -5.3950944123045841E+025
  -6.2947236684799997E+025
  -7.3443310325424227E+025
  -8.5689135251150876E+025
  -9.9976334141729598E+025
  -1.1664512090271840E+026
  -1.3609239501272683E+026
  -1.5878118386731890E+026
  -1.8525165754607532E+026
  -2.1613397778294753E+026
  -2.5216328648893136E+026
  -2.9419718999408232E+026
  -3.4323615444871572E+026
  -4.0044729695751147E+026
  -4.6719213765519681E+026
  -5.4505897198120437E+026
  -6.3590063210387791E+026
  -7.4187853438392299E+026
  -8.6551405898584930E+026
  -1.0097484817833829E+027
  -1.1780128816866597E+027
  -1.3743096832576543E+027
  -1.6033077705877721E+027
  -1.8704534304325111E+027
  -2.1820997581648378E+027
  -2.5456575981219646E+027
  -2.9697716007590325E+027
  -3.4645255747918496E+027
  -4.0416820073244262E+027
  -4.7149614352756522E+027
  -5.5003682964377360E+027
  -6.4165709906000102E+027
  -7.4853451664566953E+027
  -8.7320907489225608E+027
  -1.0186434969498131E+028
  -1.1882935700842056E+028
  -1.3861901773982033E+028
  -1.6170349728900281E+028
  -1.8863119682182630E+028
  -2.2004176765534420E+028
  -2.5668128985458177E+028
  -2.9941997481285196E+028
  -3.4927281137354460E+028
  -4.0742364476871229E+028
  -4.7525325894765267E+028
  -5.5437212766988236E+028
  -6.4665861028338136E+028
  -7.5430349701480282E+028
  -8.7986195891135793E+028
  -1.0263141328479007E+029
  -1.1971357763906463E+029
  -1.3963806656216627E+029
  -1.6287766869079937E+029
  -1.8998378976125312E+029
  -2.2159952085464615E+029
  -2.5847487814810632E+029
  -3.0148457486761109E+029
  -3.5164874602754270E+029
  -4.1015711637114789E+029
  -4.7839718334402450E+029
  -5.5798708186191491E+029
  -6.5081390831565596E+029
  -7.5907841030287961E+029
  -8.8534709903393229E+029
  -1.0326130167793378E+030
  -1.2043665962474809E+030
  -1.4046782872296375E+030
  -1.6382949038504387E+030
  -1.9107519698730600E+030
  -2.2285047173742674E+030
  -2.5990808346361205E+030
  -3.0312585726862441E+030
  -3.5352744186658111E+030
  -4.1230652422284964E+030
  -4.8085506349273708E+030
  -5.6079621112083396E+030
  -6.5402269455527630E+030
  -7.6274157095553093E+030
  -8.8952640756579452E+030
  -1.0373781206288564E+031
  -1.2097959089536256E+031
  -1.4108599563329281E+031
  -1.6453278545423449E+031
  -1.9187470221694031E+031
  -2.2375857716405142E+031
  -2.6093861164061228E+031
  -3.0429419226570097E+031
  -3.5485066072327211E+031
  -4.1380352795978308E+031
  -4.8254670372790753E+031
  -5.6270540700615234E+031
  -6.5617453307772646E+031
  -7.6516338156070289E+031
  -8.9224779946627125E+031
  -1.0404309679431674E+032
  -1.2132142648468684E+032
  -1.4146798724328918E+032
  -1.6495870758860806E+032
  -1.9234845205547294E+032
  -2.2428410712257079E+032
  -2.6151983543708984E+032
  -3.0493485742898888E+032
  -3.5555417884404662E+032
  -4.1457275199367173E+032
  -4.8338363924590333E+032
  -5.6361084136010831E+032
  -6.5714756290446960E+032
  -7.6620081476187414E+032
  -8.9334340262236973E+032
  -1.0415745238698808E+033
  -1.2143903974647215E+033
  -1.4158665870405509E+033
  -1.6507539519961084E+033
  -1.9245904813010692E+033
  -2.2438316375462647E+033
  -2.6160022731827033E+033
  -3.0498736870837634E+033
  -3.5556699793813785E+033
  -4.1453085497761862E+033
  -4.8326803852871164E+033
  -5.6339767164245481E+033
  -6.5680697078698857E+033
  -7.6569561163499427E+033
  -8.9262743241259993E+033
  -1.0405906875877757E+034
  -1.2130682649942314E+034
  -1.4141195128683414E+034
  -1.6484755951748241E+034
  -1.9216506103636051E+034
  -2.2400710777339713E+034
  -2.6112268255001220E+034
  -3.0438468154915704E+034
  -3.5481040228726689E+034
  -4.1358541689434196E+034
  -4.8209138968461400E+034
  -5.6193849023181488E+034
  -6.5500316060082903E+034
  -7.6347212053644207E+034
  -8.8989364018720901E+034
  -1.0372372797454622E+035
  -1.2089634931694212E+035
  -1.4091047235274312E+035
  -1.6423598858325132E+035
  -1.9142044457650690E+035
  -2.2310186666874581E+035
  -2.6002370213071613E+035
  -3.0305222581087908E+035
  -3.5319681877341380E+035
  -4.1163359242159886E+035
  -4.7973290959353395E+035
  -5.5909144495006393E+035
  -6.5156953275475160E+035
  -7.5933467333003761E+035
  -8.8491221292309073E+035
  -1.0312443787597727E+036
  -1.2017590455828651E+036
  -1.4004498364749112E+036
  -1.6319694245111284E+036
  -1.9017382088904935E+036
  -2.2160708967733644E+036
  -2.5823239383999613E+036
  -3.0090672478229441E+036
  -3.5062842059884174E+036
  -4.0856046000131402E+036
  -4.7605759175441099E+036
  -5.5469793057557185E+036
  -6.4631975414462263E+036
  -7.5306435658221755E+036
  -8.7742595428175993E+036
  -1.0223098035666196E+037
  -1.1910998800729281E+037
  -1.3877376914267910E+037
  -1.6168140528121457E+037
  -1.8836759553680246E+037
  -2.1945510069423816E+037
  -2.5566923316283364E+037
  -2.9785472881008219E+037
  -3.4699539179744865E+037
  -4.0423696769191265E+037
  -4.7091377478745849E+037
  -5.4857971045950541E+037
  -6.3904435049237007E+037
  -7.4441497699193595E+037
  -8.6714550742937460E+037
  -1.0100934567054458E+038
  -1.1765862495408353E+038
  -1.3704984162459797E+038
  -1.5963414559585276E+038
  -1.8593684435206874E+038
  -2.1656957960044538E+038
  -2.5224450102748033E+038
  -2.9379076429743388E+038
  -3.4217373394592958E+038
  -3.9851733407750315E+038
  -4.6413006219838938E+038
  -5.4053526576250146E+038
  -6.2950637900667657E+038
  -7.3310793164167335E+038
  -8.5374327355339533E+038
  -9.9421011388330620E+038
  -1.1577651522192682E+039
  -1.3481992882315776E+039
  -1.5699251386922874E+039
  -1.8280788729503280E+039
  -2.1286387060297774E+039
  -2.4785627700467618E+039
  -2.8859495282871603E+039
  -3.3602244121466092E+039
  -3.9123569609369010E+039
  -4.5551134419409388E+039
  -5.3033507388927465E+039
  -6.1743582396764856E+039
  -7.1882555498661104E+039
  -8.3684551326138477E+039
  -9.7422004562105821E+039
  -1.1341191951922752E+040
  -1.3202315085419517E+040
  -1.5368487170497927E+040
  -1.7889642256461636E+040
  -2.0823876561467292E+040
  -2.4238780574336265E+040
  -2.8212988189092179E+040
  -3.2837978165464566E+040
  -3.8220168935851259E+040
  -4.4483354433706599E+040
  -5.1771536349740136E+040
  -6.0252217204494528E+040
  -7.0120229060617186E+040
  -8.1602184819700031E+040
  -9.4961653128845503E+040
  -1.1050517427672796E+041
  -1.2858925345414396E+041
  -1.4962848981496802E+041
  -1.7410502539333076E+041
  -2.0257952768409272E+041
  -2.3570395424040304E+041
  -2.7423638775478001E+041
  -3.1905827666253904E+041
  -3.7119447037532314E+041
  -4.3183650102052974E+041
  -5.0236963642431083E+041
  -5.8440431364898970E+041
  -6.7981266055577075E+041
  -7.9077092678520108E+041
  -9.1980877775225980E+041
  -1.0698665586630362E+042
  -1.2443618135637187E+042
  -1.4472665509569002E+042
  -1.6831969871158925E+042
  -1.9575177761684307E+042
  -2.2764630584172184E+042
  -2.6472770322954366E+042
  -3.0783771890213045E+042
  -3.5795438519159170E+042
  -4.1621402454839517E+042
  -4.8393679954669535E+042
  -5.6265637449144875E+042
  -6.5415434799567742E+042
  -7.6050022121718088E+042
  -8.8409778851007182E+042
  -1.0277389787055736E+043
  -1.1946663391523988E+043
  -1.3886455445643923E+043
  -1.6140495327422709E+043
  -1.8759561240995959E+043
  -2.1802612771146425E+043
  -2.5338104736903304E+043
  -2.9445511242639027E+043
  -3.4217093408387868E+043
  -3.9759949567036042E+043
  -4.6198392857697841E+043
  -5.3676708252670588E+043
  -6.2362349280778255E+043
  -7.2449644226944130E+043
  -8.4164092597674606E+043
  -9.7767345377019163E+043
  -1.1356297732547931E+044
  -1.3190317660445064E+044
  -1.5319649669770767E+044
  -1.7791683836040713E+044
  -2.0661385562916688E+044
  -2.3992501032036427E+044
  -2.7858953455744543E+044
  -3.2346460142691276E+044
  -3.7554405070181870E+044
  -4.3598007065232203E+044
  -5.0610829939140209E+044
  -5.8747688125277816E+044
  -6.8188009683094624E+044
  -7.9139728121236672E+044
  -9.1843785552543958E+044
  -1.0657934244555502E+045
  -1.2366980393596876E+045
  -1.4348978959988629E+045
  -1.6647319310420822E+045
  -1.9312250062310129E+045
  -2.2401956278393183E+045
  -2.5983804468651232E+045
  -3.0135781280398465E+045
  -3.4948155698341845E+045
  -4.0525399107516196E+045
  -4.6988402779568596E+045
  -5.4477038325489417E+045
  -6.3153113528002857E+045
  -7.3203783852586331E+045
  -8.4845488983402258E+045
  -9.8328494105287778E+045
  -1.1394212754399306E+046
  -1.3202081999820716E+046
  -1.5295106619133652E+046
  -1.7717944761338940E+046
  -2.0522187542449439E+046
  -2.3767423590244497E+046
  -2.7522464743271391E+046
  -3.1866756840554418E+046
  -3.6892003000051640E+046
  -4.2704030726394059E+046
  -4.9424938674371043E+046
  -5.7195563993643702E+046
  -6.6178316969636114E+046
  -7.6560436241079687E+046
  -8.8557725310608345E+046
  -1.0241883947458805E+047
  -1.1843020179485111E+047
  -1.3692163744044492E+047
  -1.5827282777328619E+047
  -1.8292069907760086E+047
  -2.1136787598630680E+047
  -2.4419234659038578E+047
  -2.8205850508435807E+047
  -3.2572975875473930E+047
  -3.7608290930331530E+047
  -4.3412454404146460E+047
  -5.0100970049657183E+047
  -5.7806309849580594E+047
  -6.6680326683380578E+047
  -7.6896992709999831E+047
  -8.8655503492938450E+047
  -1.0218379184760675E+048
  -1.1774249947020033E+048
  -1.3562945852458482E+048
  -1.5618473939294400E+048
  -1.7979632456162563E+048
  -2.0690647187542262E+048
  -2.3801883282737529E+048
  -2.7370639272481480E+048
  -3.1462029891419742E+048
  -3.6149964000664814E+048
  -4.1518223224256265E+048
  -4.7661645749202425E+048
  -5.4687417925566583E+048
  -6.2716473627206625E+048
  -7.1884997519795508E+048
  -8.2346023075862835E+048
  -9.4271108920405218E+048
  -1.0785206729838236E+049
  -1.2330270537307492E+049
  -1.4086052272267901E+049
  -1.6078828555564854E+049
  -1.8337536821026777E+049
  -2.0893871337693288E+049
  -2.3782321152247635E+049
  -2.7040123377123527E+049
  -3.0707096656944455E+049
  -3.4825308508148203E+049
  -3.9438515798376409E+049
  -4.4591298944389542E+049
  -5.0327786197354423E+049
  -5.6689833003572140E+049
  -6.3714480718553670E+049
  -7.1430466079567732E+049
  -7.9853484077418118E+049
  -8.8979817290684351E+049
  -9.8777827840958499E+049
  -1.0917665524957735E+050
  -1.2005126311729331E+050
  -1.3120271435325760E+050
  -1.4233220811783965E+050
  -1.5300695423299625E+050
  -1.6261535579496110E+050
  -1.7030816916472011E+050
  -1.7492124819693895E+050
  -1.7487407551292826E+050
  -1.6803644811703370E+050
  -1.5155337364267062E+050
  -1.2161576583347932E+050
  -7.3165245457536442E+049
  -6.6441315929494801E+045
