   0.0000000000000000     
  -1.1011010049952404E-016
  -2.2309279875000102E-016
  -3.4189558848500259E-016
  -4.6961774752231928E-016
  -6.0959118699136950E-016
  -7.6546736660382923E-016
  -9.4131254308020743E-016
  -1.1417138361142089E-015
  -1.3718988783216328E-015
  -1.6378721698348209E-015
  -1.9465716938023148E-015
  -2.3060498773936782E-015
  -2.7256836177670147E-015
  -3.2164188503845540E-015
  -3.7910560378218387E-015
  -4.4645840242947131E-015
  -5.2545709623481521E-015
  -6.1816225063965094E-015
  -7.2699192218796431E-015
  -8.5478472244379657E-015
  -1.0048738494569321E-014
  -1.1811740173096083E-014
  -1.3882835506006397E-014
  -1.6316043061526051E-014
  -1.9174825490724316E-014
  -2.2533744566751435E-014
  -2.6480405659397377E-014
  -3.1117742348470830E-014
  -3.6566700748277240E-014
  -4.2969393537442460E-014
  -5.0492805935190224E-014
  -5.9333150256217704E-014
  -6.9720982586698933E-014
  -8.1927214994530923E-014
  -9.6270180035740860E-014
  -1.1312393175467871E-013
  -1.3292799961345399E-013
  -1.5619884966643462E-013
  -1.8354335180599810E-013
  -2.1567460420641482E-013
  -2.5343052754712378E-013
  -2.9779571380671010E-013
  -3.4992709926693693E-013
  -4.1118413106397855E-013
  -4.8316421377035196E-013
  -5.6774436013957091E-013
  -6.6713013188423960E-013
  -7.8391314640306977E-013
  -9.2113864867681059E-013
  -1.0823849099378950E-012
  -1.2718565230228554E-012
  -1.4944940265762154E-012
  -1.7561027159318232E-012
  -2.0635039986469928E-012
  -2.4247132403423609E-012
  -2.8491487370232531E-012
  -3.3478772614240898E-012
  -3.9339025842729672E-012
  -4.6225044915663451E-012
  -5.4316371351692357E-012
  -6.3823971006185670E-012
  -7.4995733932134492E-012
  -8.8122936786859620E-012
  -1.0354783623606965E-011
  -1.2167259128577972E-011
  -1.4296974711017867E-011
  -1.6799455364240722E-011
  -1.9739944001602092E-011
  -2.3195102213388278E-011
  -2.7255008666265044E-011
  -3.2025507232539116E-011
  -3.7630966051372548E-011
  -4.4217519433952953E-011
  -5.1956877108548961E-011
  -6.1050800087290245E-011
  -7.1736359809700465E-011
  -8.4292117631191852E-011
  -9.9045385709822206E-011
  -1.1638075852661168E-010
  -1.3675013738795863E-010
  -1.6068450916601201E-010
  -1.8880778624804212E-010
  -2.2185306838007323E-010
  -2.6068175020287841E-010
  -3.0630597243433887E-010
  -3.5991500178330379E-010
  -4.2290622705666432E-010
  -4.9692157921078200E-010
  -5.8389032443477956E-010
  -6.8607934541891533E-010
  -8.0615222108300536E-010
  -9.4723864430124827E-010
  -1.1130159865338931E-009
  -1.3078051347809870E-009
  -1.5366830981547599E-009
  -1.8056153183135072E-009
  -2.1216111313944730E-009
  -2.4929064323011497E-009
  -2.9291783009563270E-009
  -3.4417971828901683E-009
  -4.0441231949866776E-009
  -4.7518542768515292E-009
  -5.5834352590379011E-009
  -6.5605385064623577E-009
  -7.7086286601034368E-009
  -9.0576261910773226E-009
  -1.0642687055501557E-008
  -1.2505118763247045E-008
  -1.4693456727529257E-008
  -1.7264728937872978E-008
  -2.0285941905066369E-008
  -2.3835826591090934E-008
  -2.8006889809820330E-008
  -3.2907824541934051E-008
  -3.8666341957261484E-008
  -4.5432498923185391E-008
  -5.3382607684917273E-008
  -6.2723829568587212E-008
  -7.3699572376148963E-008
  -8.6595832076160136E-008
  -1.0174864399180462E-007
  -1.1955283758770455E-007
  -1.4047232291279875E-007
  -1.6505217665218238E-007
  -1.9393284261532648E-007
  -2.2786681656228697E-007
  -2.6773824997765897E-007
  -3.1458598342929176E-007
  -3.6963060947507452E-007
  -4.3430627003264703E-007
  -5.1029801643678695E-007
  -5.9958570528860929E-007
  -7.0449557342237671E-007
  -8.2776083531231074E-007
  -9.7259288122128833E-007
  -1.1427649304745260E-006
  -1.3427103186133357E-006
  -1.5776379782931791E-006
  -1.8536681215601933E-006
  -2.1779916572304254E-006
  -2.5590574952046066E-006
  -3.0067926157726895E-006
  -3.5328606352056064E-006
  -4.1509656014127937E-006
  -4.8772089312645529E-006
  -5.7305087850045541E-006
  -6.7330927990393868E-006
  -7.9110770086197003E-006
  -9.2951460362549492E-006
  -1.0921352258562530E-005
  -1.2832054762292396E-005
  -1.5077022540145894E-005
  -1.7714730653483927E-005
  -2.0813883113427308E-005
  -2.4455202134994227E-005
  -2.8733530354473494E-005
  -3.3760300748748763E-005
  -3.9666438568894582E-005
  -4.6605770848280245E-005
  -5.4759032260444752E-005
  -6.4338571628151043E-005
  -7.5593881626451659E-005
  -8.8818095654137093E-005
  -1.0435562102746285E-004
  -1.2261110723298268E-004
  -1.4405998273268672E-004
  -1.6926083464913625E-004
  -1.9886995363377680E-004
  -2.3365842258683426E-004
  -2.7453219411923221E-004
  -3.2255567944943376E-004
  -3.7897946283600595E-004
  -4.4527286303910804E-004
  -5.2316218947609733E-004
  -6.1467568897181934E-004
  -7.2219635316088035E-004
  -8.4852396120983428E-004
  -9.9694797291679160E-004
  -1.1713331696705984E-003
  -1.3762202725614121E-003
  -1.6169441567642758E-003
  -1.8997727393120340E-003
  -2.2320701554522202E-003
  -2.6224884709468272E-003
  -3.0811929203747581E-003
  -3.6201265340610376E-003
  -4.2533210413903521E-003
  -4.9972621426407626E-003
  -5.8713186564358314E-003
  -6.8982467122783945E-003
  -8.1047821106522196E-003
  -9.5223362676766284E-003
  -1.1187813856975804E-002
  -1.3144573428418675E-002
  -1.5443556004098559E-002
  -1.8144611023161630E-002
  -2.1318054142591331E-002
  -2.5046497434426041E-002
  -2.9426999608102050E-002
  -3.4573592214087200E-002
  -4.0620247568354521E-002
  -4.7724365631066620E-002
  -5.6070870576121201E-002
  -6.5877023652239200E-002
  -7.7398077573763088E-002
  -9.0933919575120675E-002
 -0.10683687598660117     
 -0.12552088140985801     
 -0.14747225107554165     
 -0.17326233667624341     
 -0.20356239497050310     
 -0.23916105602267018     
 -0.28098484557637943     
 -0.33012229551554634     
 -0.38785226971283365     
 -0.45567724222948242     
 -0.53536239366461946     
 -0.62898154280760232     
 -0.73897110856030812     
 -0.86819350599225920     
  -1.0200116258031982     
  -1.1983763347778824     
  -1.4079292735247724     
  -1.6541236257027976     
  -1.9433660004069935     
  -2.2831831185616767     
  -2.6824176393409518     
  -3.1514582205788240     
  -3.7025097975555212     
  -4.3499111106081605     
  -5.1105077409148363     
  -6.0040903574978843     
  -7.0539095745258091     
  -8.2872808104662887     
  -9.7362948813645556     
  -11.438652810356459     
  -13.438646565974343     
  -15.788311236863072     
  -18.548778608868073     
  -21.791867348007131     
  -25.601951145769327     
  -30.078153411472876     
  -35.336925587988354     
  -41.515076142766489     
  -48.773329005150039     
  -57.300503988068982     
  -67.318427905327539     
  -79.087704095244334     
  -92.914490381326928     
  -109.15846172118236     
  -128.24216459760706     
  -150.66200639148934     
  -177.00116548543571     
  -207.94475778490298     
  -244.29765400816035     
  -287.00541101251861     
  -337.17886138328259     
  -396.12300061814460     
  -465.37092296524997     
  -546.72368822186741     
  -642.29715598379232     
  -754.57700496064388     
  -886.48336774656661     
  -1041.4467613894903     
  -1223.4972877311664     
  -1437.3694224257790     
  -1688.6251167513478     
  -1983.7984123359056     
  -2330.5653280997458     
  -2737.9434355973517     
  -3216.5263105979720     
  -3778.7589552245386     
  -4439.2613498321434     
  -5215.2085447201171     
  -6126.7771712404774     
  -7197.6699780729487     
  -8455.7320262361736     
  -9933.6745584848049     
  -11669.925356995815     
  -13709.627690379364     
  -16105.813812465449     
  -18920.783511341539     
  -22227.723535598027     
  -26112.609984112896     
  -30676.443098591451     
  -36037.872535494498     
  -42336.281340327798     
  -49735.408766112450     
  -58427.606078834389     
  -68638.835939489931     
  -80634.545272237679     
  -94726.564222995803     
  -111281.21047210133     
  -130728.80948085943     
  -153574.87803838524     
  -180413.26168758268     
  -211941.56736980457     
  -248979.29225511456     
  -292489.11976780894     
  -343601.93609412189     
  -403646.21710770938     
  -474182.54917866341     
  -557044.18069190555     
  -654384.65775422088     
  -768733.78158415400     
  -903063.34123419190     
  -1060864.3292033516     
  -1246237.6457539676     
  -1464000.6480941093     
  -1719812.3121241028     
  -2020320.2578582347     
  -2373333.4574731374     
  -2788025.1119467630     
  -3275170.9657551148     
  -3847429.2494311244     
  -4519669.5208566580     
  -5309358.9460225021     
  -6237016.0516214697     
  -7326743.7339621959     
  -8606855.3667937946     
  -10110610.268144527     
  -11877077.625960978     
  -13952151.317905705     
  -16389741.978720205     
  -19253177.270794343     
  -22616846.719468746     
  -26568133.824457522     
  -31209685.617439009     
  -36662078.596923240     
  -43066950.262368232     
  -50590677.557287149     
  -59428697.729500577     
  -69810583.794252500     
  -82006006.375469550     
  -96331736.710410982     
  -113159872.63049957     
  -132927501.07765818     
  -156148048.00487170     
  -183424610.30963728     
  -215465615.89607790     
  -253103218.39080846     
  -297314904.01724100     
  -349248871.50471455     
  -410253843.83594280     
  -481914085.65974367     
  -566090535.30031335     
  -664969118.98487318     
  -781117501.30564284     
  -917551744.86575985     
  -1077814609.2120471     
  -1266067521.2019188     
  -1487198603.7231848     
  -1746949566.3876891     
  -2052064751.2626340     
  -2410466201.5838375     
  -2831459296.6258111     
  -3325974288.9998922     
  -3906850012.1861548     
  -4589167120.2402811     
  -5390639506.7328606     
  -6332074059.4083519     
  -7437910679.9441214     
  -8736856580.5287628     
  -10262631314.769915     
  -12054841873.116823     
  -14160010547.042412     
  -16632782229.176086     
  -19537342471.182579     
  -22949083088.149418     
  -26956558519.344093     
  -31663783696.937790     
  -37192933032.226562     
  -43687510532.697884     
  -51316073282.752121     
  -60276604872.828270     
  -70801652218.214584     
  -83164359006.991440     
  -97685552269.652618     
  -114742065873.83868     
  -134776516824.33220     
  -158308787922.58337     
  -185949514588.21234     
  -218415925614.22568     
  -256550448665.26212     
  -301342563016.25043     
  -353954466225.65674     
  -415751220325.43835     
  -488336159252.05261     
  -573592475649.70215     
  -673732065383.85632     
  -791352896262.18579     
  -929506388447.87573     
  -1091776553594.0433     
  -1282372944553.8960     
  -1506239825528.8508     
  -1769184392983.5708     
  -2078027371478.4922     
  -2440779888543.2188     
  -2866851213866.3696     
  -3367292748058.7012     
  -3955084585784.5078     
  -4645472081494.7773     
  -5456361141923.4990     
  -6408782491501.3311     
  -7527436944329.7676     
  -8841335815652.5664     
  -10384553071244.080     
  -12197108708675.877     
  -14326006265031.969     
  -16826451339408.258     
  -19763282708905.086     
  -23212653125295.496     
  -27264003348804.793     
  -32022380573029.574     
  -37611161317735.859     
  -44175249345199.922     
  -51884831462282.297     
  -60939788523269.148     
  -71574875921963.672     
  -84065807795114.141     
  -98736402569218.406     
  -115966974975244.23     
  -136204191942742.94     
  -159972647702225.97     
  -187888457954295.81     
  -220675225258822.78     
  -259182789211396.34     
  -304409247097370.56     
  -357526815413283.50     
  -419912202114005.06     
  -493182276256670.00     
  -579235958893205.00     
  -680303420163130.62     
  -799003856727429.75     
  -938413345859684.25     
  -1102144533423094.9     
  -1294440219364572.2     
  -1520283264180126.0     
  -1785525662361923.5     
  -2097040125062532.2     
  -2462898096948073.5     
  -2892578816539690.0     
  -3397214832970831.0     
  -3989880335811780.0     
  -4685929762852561.0     
  -5503395452166818.0     
  -6463454633076252.0     
  -7590977845340208.0     
  -8915172983441834.0     
  -10470341637757024.     
  -12296767310703390.     
  -14441758498860468.     
  -16960873639817868.     
  -19919359628819504.     
  -23393841136869428.     
  -27474304451802248.     
  -32266427184762720.     
  -37894314133698160.     
  -44503710104304568.     
  -52265772829171752.     
  -61381503616790096.     
  -72086950378364432.     
  -84659317662072544.     
  -99424141788222064.     
  -1.1676371673143418E+017
  -1.3712698874996162E+017
  -1.6104117575409040E+017
  -1.8912541201758614E+017
  -2.2210677122175248E+017
  -2.6083908233523827E+017
  -3.0632502506455757E+017
  -3.5974207642770022E+017
  -4.2247297959881760E+017
  -4.9614152312030893E+017
  -5.8265455590270438E+017
  -6.8425132468210086E+017
  -8.0356140994737357E+017
  -9.4367275867872730E+017
  -1.1082115733014892E+018
  -1.3014361228013130E+018
  -1.5283469018911867E+018
  -1.7948159867685307E+018
  -2.1077389322739945E+018
  -2.4752131379860526E+018
  -2.9067472950142802E+018
  -3.4135073286684483E+018
  -4.0086051955382656E+018
  -4.7074380011924797E+018
  -5.5280862053129626E+018
  -6.4917812082194811E+018
  -7.6234544058647153E+018
  -8.9523819058069330E+018
  -1.0512941568784781E+019
  -1.2345501943179848E+019
  -1.4497466067830348E+019
  -1.7024497120379986E+019
  -1.9991957586960888E+019
  -2.3476599145864692E+019
  -2.7568546935421907E+019
  -3.2373629481861280E+019
  -3.8016114492853338E+019
  -4.4641921207339057E+019
  -5.2422392302831124E+019
  -6.1558722815501984E+019
  -7.2287160499220144E+019
  -8.4885111975403504E+019
  -9.9678312420527931E+019
  -1.1704924400630145E+020
  -1.3744702055794801E+020
  -1.6139899376121109E+020
  -1.8952438070594634E+020
  -2.2255026475098843E+020
  -2.6133038297851458E+020
  -3.0686718545800338E+020
  -3.6033773601697215E+020
  -4.2312412339797544E+020
  -4.9684916812823770E+020
  -5.8341834714452833E+020
  -6.8506901872907819E+020
  -8.0442821876392722E+020
  -9.4458052056316615E+020
  -1.1091477103031411E+021
  -1.3023823350410877E+021
  -1.5292775383600210E+021
  -1.7956960190380041E+021
  -2.1085214416559895E+021
  -2.4758362074595192E+021
  -2.9071301740194389E+021
  -3.4135457108389491E+021
  -4.0081654156241236E+021
  -4.7063499166506901E+021
  -5.5261344789052732E+021
  -6.4886946487758708E+021
  -7.6188929531313872E+021
  -8.9459207595849920E+021
  -1.0504051859489613E+022
  -1.2333527217050975E+022
  -1.4481593711156141E+022
  -1.7003723668315896E+022
  -1.9965046647888049E+022
  -2.3442030414670426E+022
  -2.7524454460113268E+022
  -3.2317726977421239E+022
  -3.7945605052116746E+022
  -4.4553388226448068E+022
  -5.2311667801261932E+022
  -6.1420728567122058E+022
  -7.2115716476723777E+022
  -8.4672705516405936E+022
  -9.9415820214514611E+022
  -1.1672559743569639E+023
  -1.3704880305388104E+023
  -1.6090995659560604E+023
  -1.8892486096534226E+023
  -2.2181648603941287E+023
  -2.6043361557586298E+023
  -3.0577273809649405E+023
  -3.5900374598803363E+023
  -4.2150010519462930E+023
  -4.9487427306023470E+023
  -5.8101927709285672E+023
  -6.8215752614437535E+023
  -8.0089811181610548E+023
  -9.4030407660797213E+023
  -1.1039713820582201E+024
  -1.2961216114794647E+024
  -1.5217107956424854E+024
  -1.7865571649962381E+024
  -2.0974911194279261E+024
  -2.4625312787043949E+024
  -2.8910911483187607E+024
  -3.3942217237754150E+024
  -3.9848962816660433E+024
  -4.6783446920267975E+024
  -5.4924458613660046E+024
  -6.4481884122109689E+024
  -7.5702114615372874E+024
  -8.8874394221974748E+024
  -1.0433827171488855E+025
  -1.2249234771536358E+025
  -1.4380454260267708E+025
  -1.6882414945168702E+025
  -1.9819598225358660E+025
  -2.3267698358931718E+025
  -2.7315571920592120E+025
  -3.2067526122067079E+025
  -3.7646004885559904E+025
  -4.4194741792715938E+025
  -5.1882461041238006E+025
  -6.0907221637098557E+025
  -7.1501516594544181E+025
  -8.3938258333967691E+025
  -9.8537804258247066E+025
  -1.1567620323696764E+026
  -1.3579487512237133E+026
  -1.5941197226755157E+026
  -1.8713571526299060E+026
  -2.1968004586300463E+026
  -2.5788299964284551E+026
  -3.0272827084023562E+026
  -3.5537052388769542E+026
  -4.1716510244152016E+026
  -4.8970289973277596E+026
  -5.7485128670749715E+026
  -6.7480215009332335E+026
  -7.9212827522507529E+026
  -9.2984952287278257E+026
  -1.0915105009468356E+027
  -1.2812717272657432E+027
  -1.5040166261426017E+027
  -1.7654771082721860E+027
  -2.0723809607200543E+027
  -2.4326248339776708E+027
  -2.8554772704276311E+027
  -3.3518169900284086E+027
  -3.9344125543722903E+027
  -4.6182505927201842E+027
  -5.4209210204281356E+027
  -6.3630691433351003E+027
  -7.4689262587088663E+027
  -8.7669323782843320E+027
  -1.0290467063449558E+028
  -1.2078707137374605E+028
  -1.4177633294984549E+028
  -1.6641211452635513E+028
  -1.9532779163120819E+028
  -2.2926672683155852E+028
  -2.6910136454635066E+028
  -3.1585564005973235E+028
  -3.7073127781418892E+028
  -4.3513865382230453E+028
  -5.1073301409668861E+028
  -5.9945697835826038E+028
  -7.0359041946301958E+028
  -8.2580899811583789E+028
  -9.6925285436143380E+028
  -1.1376072177418817E+029
  -1.3351970035560703E+029
  -1.5670978211743915E+029
  -1.8392662410323830E+029
  -2.1586926605213862E+029
  -2.5335806881500493E+029
  -2.9735576448944700E+029
  -3.4899215789822472E+029
  -4.0959311258751354E+029
  -4.8071456428700094E+029
  -5.6418243356189537E+029
  -6.6213946049324869E+029
  -7.7710016151383298E+029
  -9.1201531653807521E+029
  -1.0703476385775881E+030
  -1.2561605643714397E+030
  -1.4742224405061985E+030
  -1.7301287736467429E+030
  -2.0304456759240471E+030
  -2.3828781790548464E+030
  -2.7964677272712786E+030
  -3.2818239058884370E+030
  -3.8513963384229861E+030
  -4.5197937129891864E+030
  -5.3041581045080134E+030
  -6.2246041738846241E+030
  -7.3047344848859158E+030
  -8.5722441263846669E+030
  -1.0059630111667981E+031
  -1.1805023705979576E+031
  -1.3853166976815684E+031
  -1.6256558549001208E+031
  -1.9076797872401124E+031
  -2.2386162384726034E+031
  -2.6269457904828658E+031
  -3.0826189575127462E+031
  -3.6173108863583115E+031
  -4.2447201745068759E+031
  -4.9809194454244993E+031
  -5.8447666424808083E+031
  -6.8583875540591403E+031
  -8.0477419018157450E+031
  -9.4432874582324146E+031
  -1.1080759162985208E+032
  -1.3002083144070264E+032
  -1.5256448993962884E+032
  -1.7901567691156675E+032
  -2.1005147296230786E+032
  -2.4646624109919487E+032
  -2.8919193500176524E+032
  -3.3932192252082782E+032
  -3.9813893263490745E+032
  -4.6714783929047794E+032
  -5.4811411893683062E+032
  -6.4310896328061702E+032
  -7.5456219851474054E+032
  -8.8532436134358367E+032
  -1.0387395156002501E+033
  -1.2187306670755471E+033
  -1.4298999553232351E+033
  -1.6776461778454822E+033
  -1.9683026437816226E+033
  -2.3092988722620339E+033
  -2.7093502581273078E+033
  -3.1786805402059953E+033
  -3.7292827429145767E+033
  -4.3752252418411741E+033
  -5.1330107531171236E+033
  -6.0219973939847746E+033
  -7.0648925422937295E+033
  -8.2883320758694929E+033
  -9.7235597458961567E+033
  -1.1407223986860289E+034
  -1.3382312453963868E+034
  -1.5699248083143651E+034
  -1.8417174577938378E+034
  -2.1605464045777296E+034
  -2.5345485156170315E+034
  -2.9732676818202006E+034
  -3.4878980142837055E+034
  -4.0915690563991575E+034
  -4.7996802672251702E+034
  -5.6302932837505620E+034
  -6.6045919379270763E+034
  -7.7474217258559296E+034
  -9.0879224449313364E+034
  -1.0660270081255387E+035
  -1.2504546804238626E+035
  -1.4667761178320049E+035
  -1.7205044515623190E+035
  -2.0181053764753684E+035
  -2.3671616573122793E+035
  -2.7765660305940262E+035
  -3.2567474010010962E+035
  -3.8199360757139838E+035
  -4.4804747704150720E+035
  -5.2551832814915678E+035
  -6.1637860798168282E+035
  -7.2294136767589102E+035
  -8.4791904831304413E+035
  -9.9449240739566901E+035
  -1.1663913341639938E+036
  -1.3679896032314756E+036
  -1.6044159691072769E+036
  -1.8816844180534199E+036
  -2.2068468788550416E+036
  -2.5881722627212191E+036
  -3.0353563690459934E+036
  -3.5597679749782694E+036
  -4.1747373424022358E+036
  -4.8958944491338551E+036
  -5.7415655089829097E+036
  -6.7332378195572472E+036
  -7.8961047044923766E+036
  -9.2597043417605137E+036
  -1.0858668642918990E+037
  -1.2733601129438932E+037
  -1.4932106011725922E+037
  -1.7509994496256990E+037
  -2.0532698822665832E+037
  -2.4076929778384709E+037
  -2.8232619585722976E+037
  -3.3105199259826714E+037
  -3.8818267977176053E+037
  -4.5516721885601121E+037
  -5.3370421377139366E+037
  -6.2578489426006647E+037
  -7.3374349507100170E+037
  -8.6031630255945016E+037
  -1.0087108587758036E+038
  -1.1826870690864128E+038
  -1.3866522592700415E+038
  -1.6257725794020979E+038
  -1.9061035634990463E+038
  -2.2347431361834798E+038
  -2.6200109226523794E+038
  -3.0716583801663096E+038
  -3.6011150447324488E+038
  -4.2217770950789922E+038
  -4.9493455001909985E+038
  -5.8022222632744729E+038
  -6.8019747352770473E+038
  -7.9738796816048139E+038
  -9.3475607892779107E+038
  -1.0957735648631112E+039
  -1.2845090992536271E+039
  -1.5057308195790147E+039
  -1.7650264808320317E+039
  -2.0689442312524288E+039
  -2.4251575467796705E+039
  -2.8426584663404444E+039
  -3.3319839795707436E+039
  -3.9054812494511238E+039
  -4.5776183253546480E+039
  -5.3653481414586474E+039
  -6.2885349297873524E+039
  -7.3704537396176992E+039
  -8.6383755845584800E+039
  -1.0124252880911841E+040
  -1.1865522349331717E+040
  -1.3906045488792922E+040
  -1.6297210170614949E+040
  -1.9099220926346898E+040
  -2.2382610216899079E+040
  -2.6230008488652265E+040
  -3.0738217282603658E+040
  -3.6020637225497547E+040
  -4.2210111585249341E+040
  -4.9462256436692647E+040
  -5.7959360615059529E+040
  -6.7914952834707445E+040
  -7.9579149971692102E+040
  -9.3244919962999252E+040
  -1.0925541554478666E+041
  -1.2801256170097955E+041
  -1.4998711088197167E+041
  -1.7573041655305214E+041
  -2.0588821834662793E+041
  -2.4121678207776136E+041
  -2.8260179637466846E+041
  -3.3108049611992853E+041
  -3.8786756298464950E+041
  -4.5438544704373037E+041
  -5.3229986309774828E+041
  -6.2356134359974254E+041
  -7.3045388015512244E+041
  -8.5565186112737156E+041
  -1.0022867182643136E+042
  -1.1740249355141852E+042
  -1.3751593542375133E+042
  -1.6107160377491175E+042
  -1.8865793426218254E+042
  -2.2096382938921777E+042
  -2.5879578872661055E+042
  -3.0309795565309848E+042
  -3.5497557637192774E+042
  -4.1572245107625901E+042
  -4.8685305550209194E+042
  -5.7014012612409310E+042
  -6.6765863673173622E+042
  -7.8183725135706692E+042
  -9.1551852235148490E+042
  -1.0720293173140515E+043
  -1.2552632097998783E+043
  -1.4697768624077631E+043
  -1.7209027741146812E+043
  -2.0148811649464095E+043
  -2.3590142400074908E+043
  -2.7618466229375054E+043
  -3.2333763893246284E+043
  -3.7853018790348641E+043
  -4.4313103409553100E+043
  -5.1874154854927890E+043
  -6.0723522140549946E+043
  -7.1080381895510026E+043
  -8.3201135413950503E+043
  -9.7385719019326845E+043
  -1.1398498194559204E+044
  -1.3340931190665367E+044
  -1.5613871885470521E+044
  -1.8273462284769173E+044
  -2.1385363330772078E+044
  -2.5026365524902834E+044
  -2.9286271444493806E+044
  -3.4270095933969406E+044
  -4.0100637436947683E+044
  -4.6921482907563357E+044
  -5.4900519211576223E+044
  -6.4234036150407634E+044
  -7.5151520505515769E+044
  -8.7921257146127303E+044
  -1.0285687266616819E+045
  -1.2032497967765136E+045
  -1.4075410632541073E+045
  -1.6464512642833879E+045
  -1.9258344162496785E+045
  -2.2525320885642093E+045
  -2.6345395544755205E+045
  -3.0811998110051517E+045
  -3.6034301263661791E+045
  -4.2139865487517064E+045
  -4.9277727144160643E+045
  -5.7622003466906269E+045
  -6.7376100656217621E+045
  -7.8777625589629207E+045
  -9.2104118326515373E+045
  -1.0767974201450572E+046
  -1.2588308943251405E+046
  -1.4715629176077768E+046
  -1.7201564586081988E+046
  -2.0106401208663892E+046
  -2.3500527625632777E+046
  -2.7466121784764997E+046
  -3.2099118285334153E+046
  -3.7511502533286396E+046
  -4.3833985802565951E+046
  -5.1219124118623464E+046
  -5.9844954208237467E+046
  -6.9919231770658591E+046
  -8.1684371290403818E+046
  -9.5423202846786189E+046
  -1.1146568024462123E+047
  -1.3019669671768099E+047
  -1.5206518993162710E+047
  -1.7759474760413772E+047
  -2.0739595942411166E+047
  -2.4218080084999115E+047
  -2.8277938067957166E+047
  -3.3015943802808926E+047
  -3.8544903670460122E+047
  -4.4996297729843598E+047
  -5.2523353114826379E+047
  -6.1304619757919948E+047
  -7.1548129845039022E+047
  -8.3496235456955412E+047
  -9.7431233968307560E+047
  -1.1368190827443985E+048
  -1.3263112916881438E+048
  -1.5472469062364886E+048
  -1.8048157582171775E+048
  -2.1050588310849575E+048
  -2.4550067722456986E+048
  -2.8628407297666939E+048
  -3.3380790675770090E+048
  -3.8917940700034805E+048
  -4.5368633885279994E+048
  -5.2882617236446798E+048
  -6.1633990870809737E+048
  -7.1825129708790337E+048
  -8.3691228786363558E+048
  -9.7505569718504113E+048
  -1.1358562074927314E+049
  -1.3230009993311985E+049
  -1.5407715061230566E+049
  -1.7941380083478366E+049
  -2.0888690408627286E+049
  -2.4316578812777080E+049
  -2.8302687232476222E+049
  -3.2937055217157282E+049
  -3.8324069335717456E+049
  -4.4584712735260344E+049
  -5.1859159685409603E+049
  -6.0309766328347246E+049
  -7.0124516078411995E+049
  -8.1520986267090570E+049
  -9.4750911805804568E+049
  -1.1010543193971470E+050
  -1.2792111769169047E+050
  -1.4858689044542461E+050
  -1.7255195638254344E+050
  -2.0033489724960448E+050
  -2.3253407524453796E+050
  -2.6983952870252077E+050
  -3.1304655570375319E+050
  -3.6307120462600617E+050
  -4.2096791383249054E+050
  -4.8794956679799836E+050
  -5.6541025353259828E+050
  -6.5495105342320989E+050
  -7.5840917752336552E+050
  -8.7789082840672377E+050
  -1.0158081509378327E+051
  -1.1749206549631944E+051
  -1.3583814873082130E+051
  -1.5697889106818280E+051
  -1.8132433046545253E+051
  -2.0934099302411902E+051
  -2.4155875835699452E+051
  -2.7857830909686767E+051
  -3.2107913483762844E+051
  -3.6982802572818708E+051
  -4.2568794248451720E+051
  -4.8962708350656622E+051
  -5.6272788056843811E+051
  -6.4619553501337457E+051
  -7.4136554718315997E+051
  -8.4970948076731569E+051
  -9.7283792498973865E+051
  -1.1124992503225889E+052
  -1.2705722706130132E+052
  -1.4490502906102954E+052
  -1.6500131862810634E+052
  -1.8755830747108928E+052
  -2.1278577000435111E+052
  -2.4088137851092436E+052
  -2.7201701338450233E+052
  -3.0631970296936078E+052
  -3.4384542100901475E+052
  -3.8454340733730590E+052
  -4.2820793454163872E+052
  -4.7441345993672401E+052
  -5.2242779759216061E+052
  -5.7109621046267074E+052
  -6.1868701075989510E+052
  -6.6268616888772940E+052
  -6.9952430022685714E+052
  -7.2421386951231591E+052
  -7.2986706816989661E+052
  -7.0705505522343054E+052
  -6.4295677154236071E+052
  -5.2023175614446960E+052
  -3.1555265676470701E+052
  -2.8655318012519328E+048
