   0.0000000000000000     
  -1.1011010049952404E-016
  -2.2195816670680948E-016
  -3.3730955098929250E-016
  -4.5798485041965587E-016
  -5.8588863923818242E-016
  -7.2303952509290799E-016
  -8.7160200332736041E-016
  -1.0339206119224599E-015
  -1.2125569259651422E-015
  -1.4103299752828810E-015
  -1.6303607228560281E-015
  -1.8761213056494364E-015
  -2.1514898146004717E-015
  -2.4608114778460192E-015
  -2.8089672122433797E-015
  -3.2014506244307768E-015
  -3.6444546759142995E-015
  -4.1449693790599698E-015
  -4.7108920648146373E-015
  -5.3511519612198565E-015
  -6.0758510474437752E-015
  -6.8964234046950007E-015
  -7.8258155770449119E-015
  -8.8786907864688990E-015
  -1.0071660222544743E-014
  -1.1423545054146984E-014
  -1.2955673294879044E-014
  -1.4692216203525795E-014
  -1.6660569524150617E-014
  -1.8891785577428114E-014
  -2.1421063016540292E-014
  -2.4288301970107087E-014
  -2.7538733325501456E-014
  -3.1223632074763321E-014
  -3.5401125970598061E-014
  -4.0137112242512076E-014
  -4.5506296826681766E-014
  -5.1593372494521392E-014
  -5.8494354454549842E-014
  -6.6318094484563520E-014
  -7.5187997465425618E-014
  -8.5243967378332639E-014
  -9.6644613444496969E-014
  -1.0956975118679242E-013
  -1.2422323784166596E-013
  -1.4083618681978216E-013
  -1.5967061188848400E-013
  -1.8102355852237132E-013
  -2.0523178754684579E-013
  -2.3267708490434375E-013
  -2.6379228124133392E-013
  -2.9906807620149383E-013
  -3.3906077499306496E-013
  -3.8440105917605333E-013
  -4.3580392991422268E-013
  -4.9407998041452278E-013
  -5.6014817522383339E-013
  -6.3505033779970161E-013
  -7.1996757469224057E-013
  -8.1623889519264805E-013
  -9.2538231990069685E-013
  -1.0491188108840671E-012
  -1.1893994005644102E-012
  -1.3484359468689707E-012
  -1.5287359993264667E-012
  -1.7331423255618458E-012
  -1.9648777210768733E-012
  -2.2275958084489899E-012
  -2.5254386264507769E-012
  -2.8631019165731440E-012
  -3.2459091357121151E-012
  -3.6798953612620453E-012
  -4.1719024107127125E-012
  -4.7296866745287869E-012
  -5.3620413613803723E-012
  -6.0789350818472791E-012
  -6.8916689541132902E-012
  -7.8130547069537754E-012
  -8.8576165860958949E-012
  -1.0041820245004523E-011
  -1.1384332226224254E-011
  -1.2906314121282408E-011
  -1.4631756043418401E-011
  -1.6587854666653283E-011
  -1.8805441786701126E-011
  -2.1319470155005318E-011
  -2.4169564239288523E-011
  -2.7400644586639719E-011
  -3.1063635624427935E-011
  -3.5216268048483175E-011
  -3.9923988437712138E-011
  -4.5260990423076210E-011
  -5.1311383653239631E-011
  -5.8170518969338800E-011
  -6.5946490661395050E-011
  -7.4761839467624785E-011
  -8.4755483139196154E-011
  -9.6084904976609517E-011
  -1.0892863480625624E-010
  -1.2348906147078917E-010
  -1.3999562112721222E-010
  -1.5870841156424293E-010
  -1.7992228945867494E-010
  -2.0397151509475946E-010
  -2.3123501769073881E-010
  -2.6214236424828351E-010
  -2.9718052591751754E-010
  -3.3690154842691415E-010
  -3.8193124736124683E-010
  -4.3297906520601405E-010
  -4.9084924536727963E-010
  -5.5645349910955450E-010
  -6.3082536485749468E-010
  -7.1513648594971711E-010
  -8.1071506313421142E-010
  -9.1906677232996150E-010
  -1.0418984769872334E-009
  -1.1811451083702506E-009
  -1.3390001369529369E-009
  -1.5179501146457617E-009
  -1.7208138316489888E-009
  -1.9507867043630794E-009
  -2.2114910931235865E-009
  -2.5070333418611065E-009
  -2.8420684375853402E-009
  -3.2218733075206455E-009
  -3.6524299076655981E-009
  -4.1405194106499176E-009
  -4.6938289754431200E-009
  -5.3210727794786716E-009
  -6.0321292182104321E-009
  -6.8381964315458755E-009
  -7.7519686050055946E-009
  -8.7878358203779894E-009
  -9.9621106012145367E-009
  -1.1293284718574204E-008
  -1.2802320298583100E-008
  -1.4512979813117357E-008
  -1.6452200146733607E-008
  -1.8650516626485646E-008
  -2.1142543687386364E-008
  -2.3967519737365403E-008
  -2.7169924795650824E-008
  -3.0800180623453534E-008
  -3.4915444363664233E-008
  -3.9580508177395014E-008
  -4.4868819032748591E-008
  -5.0863634691401291E-008
  -5.7659334081168521E-008
  -6.5362902671376555E-008
  -7.4095616220784432E-008
  -8.3994949388275171E-008
  -9.5216739233634852E-008
  -1.0793763764508068E-007
  -1.2235789127482875E-007
  -1.3870449271536753E-007
  -1.5723475248822023E-007
  -1.7824034803565035E-007
  -2.0205191340804766E-007
  -2.2904424184358713E-007
  -2.5964218307587127E-007
  -2.9432732813119657E-007
  -3.3364558676158824E-007
  -3.7821577669752992E-007
  -4.2873935981604829E-007
  -4.8601147835563548E-007
  -5.5093346475292784E-007
  -6.2452702184845733E-007
  -7.0795029647441272E-007
  -8.0251609920903661E-007
  -9.0971255682802083E-007
  -1.0312265222334372E-006
  -1.1689701099965822E-006
  -1.3251107747940112E-006
  -1.5021054057184195E-006
  -1.7027389725832719E-006
  -1.9301683319045022E-006
  -2.1879718813588739E-006
  -2.4802058434614628E-006
  -2.8114680634190772E-006
  -3.1869703242399654E-006
  -3.6126203160690399E-006
  -4.0951145484760408E-006
  -4.6420436664361123E-006
  -5.2620118257110949E-006
  -5.9647720043288315E-006
  -6.7613793773392132E-006
  -7.6643651659350791E-006
  -8.6879336938240186E-006
  -9.8481857484794431E-006
  -1.1163371758316263E-005
  -1.2654178765423106E-005
  -1.4344055704600582E-005
  -1.6259582101447279E-005
  -1.8430885984558696E-005
  -2.0892117580277535E-005
  -2.3681986235005069E-005
  -2.6844369003621891E-005
  -3.0429000468677830E-005
  -3.4492254631383661E-005
  -3.9098031162118483E-005
  -4.4318759937878601E-005
  -5.0236539652589432E-005
  -5.6944428392669634E-005
  -6.4547906457759145E-005
  -7.3166534412594375E-005
  -8.2935832423132084E-005
  -9.4009410406353664E-005
  -1.0656138246331309E-004
  -1.2078910353079835E-004
  -1.3691627124858065E-004
  -1.5519644177610663E-004
  -1.7591701479472704E-004
  -1.9940375030124113E-004
  -2.2602588815138455E-004
  -2.5620195077903955E-004
  -2.9040632024703738E-004
  -3.2917669294691256E-004
  -3.7312252904878062E-004
  -4.2293462942503816E-004
  -4.7939599047807247E-004
  -5.4339410737057163E-004
  -6.1593491890237612E-004
  -6.9815861305713353E-004
  -7.9135754145997247E-004
  -8.9699652410260024E-004
  -1.0167358632244257E-003
  -1.1524574277765984E-003
  -1.3062942181078657E-003
  -1.4806638751535472E-003
  -1.6783066603392835E-003
  -1.9023285026014160E-003
  -2.1562497884774381E-003
  -2.4440606613812840E-003
  -2.7702836983641314E-003
  -3.1400449484753840E-003
  -3.5591544480978558E-003
  -4.0341974773954389E-003
  -4.5726379906149842E-003
  -5.1829358440720523E-003
  -5.8746796622207546E-003
  -6.6587374276589235E-003
  -7.5474271591020794E-003
  -8.5547103566373361E-003
  -9.6964112508875194E-003
  -1.0990465297681742E-002
  -1.2457200818794072E-002
  -1.4119658209476464E-002
  -1.6003951723034801E-002
  -1.8139679510824912E-002
  -2.0560388353258331E-002
  -2.3304100375581772E-002
  -2.6413910014789741E-002
  -2.9938660606300044E-002
  -3.3933711208254315E-002
  -3.8461805697091470E-002
  -4.3594057772583836E-002
  -4.9411067328985571E-002
  -5.6004185709836667E-002
  -6.3476949699610097E-002
  -7.1946706752407621E-002
  -8.1546456957806587E-002
  -9.2426940643772576E-002
 -0.10475900436958524     
 -0.11873628242838771     
 -0.13457823592772300     
 -0.15253359712484751     
 -0.17288427304963616     
 -0.19594976965115349     
 -0.22209220586738265     
 -0.25172199626913799     
 -0.28530429141386360     
 -0.32336627692717257     
 -0.36650544579585898     
 -0.41539897361676564     
 -0.47081434384050436     
 -0.53362138964864381     
 -0.60480594131477472     
 -0.68548529307191952     
 -0.77692573203554716     
 -0.88056240406001518     
 -0.99802182804317163     
  -1.1311474117131941     
  -1.2820283689840852     
  -1.4530324922888223     
  -1.6468432937274244     
  -1.8665020973479058     
  -2.1154557424841194     
  -2.3976106460216537     
  -2.7173940711289939     
  -3.0798235629374178     
  -3.4905856396488208     
  -3.9561249726008278     
  -4.4837454531951950     
  -5.0817247308732689     
  -5.7594440174187937     
  -6.5275351920898634     
  -7.3980475131748769     
  -8.3846365487776282     
  -9.5027782877752074     
  -10.770011786411024     
  -12.206214153062060     
  -13.833912180355004     
  -15.678635507933462     
  -17.769316849787483     
  -20.138745557333948     
  -22.824081624925512     
  -25.867438191246979     
  -29.316541662954137     
  -33.225479802717054     
  -37.655549501580921     
  -42.676217516819705     
  -48.366209225670374     
  -54.814742450191581     
  -62.122925680370848     
  -70.405342597067587     
  -79.791847713718894     
  -90.429601261608866     
  -102.48537518964828     
  -116.14816639465299     
  -131.63215810847896     
  -149.18007581934117     
  -169.06699028151033     
  -191.60462716699348     
  -217.14625084428039     
  -246.09219875687381     
  -278.89615305872911     
  -316.07224770424722     
  -358.20312226762985     
  -405.94904858479725     
  -460.05827310248901     
  -521.37873684627243     
  -590.87135647960110     
  -669.62507435701559     
  -758.87391315818661     
  -860.01630205873437     
  -974.63697693921813     
  -1104.5317974112627     
  -1251.7358690793430     
  -1418.5554111719916     
  -1607.6038682757633     
  -1821.8428313055269     
  -2064.6284080837122     
  -2339.7637691554469     
  -2651.5586910689572     
  -3004.8970288114547     
  -3405.3131731212211     
  -3859.0786889356864     
  -4373.3004904798154     
  -4956.0320889383811     
  -5616.3996531100393     
  -6364.7448551061771     
  -7212.7867356541801     
  -8173.8051209954374     
  -9262.8484603814850     
  -10496.969335033851     
  -11895.491322111722     
  -13480.311387487573     
  -15276.242536625197     
  -17311.402082266351     
  -19617.651600795853     
  -22231.095457212770     
  -25192.645694211067     
  -28548.662118270884     
  -32351.677591086765     
  -36661.219866473250     
  -41544.742821894499     
  -47078.681643533622     
  -53349.648461052813     
  -60455.787123155591     
  -68508.308292024813     
  -77633.228852516229     
  -87973.342824638326     
  -99690.454585201442     
  -112967.90930305771     
  -128013.46013607091     
  -145062.51699936070     
  -164381.82767560013     
  -186273.64879227811     
  -211080.47184331261     
  -239190.37810267176     
  -271043.10610107717     
  -307136.92646675883     
  -348036.43154132692     
  -394381.36146894115     
  -446896.60464407183     
  -506403.52874288056     
  -573832.81934181124     
  -650239.02666861832     
  -736817.04770312132     
  -834920.80106363702     
  -946084.38635180832     
  -1072046.0584175701     
  -1214775.3909524425     
  -1376504.0536088042     
  -1559760.6832519744     
  -1767410.3938607720     
  -2002699.5419975710     
  -2269306.4468001043     
  -2571398.8563837991     
  -2913699.0578347049     
  -3301557.6472611530     
  -3741037.1115174121     
  -4239006.5263221804     
  -4803248.8489562804     
  -5442582.4802419757     
  -6166998.9931449899     
  -6987819.1775706243     
  -7917869.8366796123     
  -8971684.0937821958     
  -10165728.335626815     
  -11518659.333399545     
  -13051615.553468579     
  -14788547.203180792     
  -16756590.161156388     
  -18986489.625947587     
  -21513080.092294160     
  -24375829.142604679     
  -27619453.536404859     
  -31294617.207828060     
  -35458722.058342554     
  -40176803.878712162     
  -45522547.373210534     
  -51579436.115887716     
  -58442055.372143187     
  -66217568.101756632     
  -75027387.158980697     
  -85009069.763351500     
  -96318463.779148236     
  -109132139.26588126     
  -123650143.20792012     
  -140099120.36761460     
  -158735848.91142803     
  -179851245.92152092     
  -203774905.22651011     
  -230880238.27876338     
  -261590298.20067397     
  -296384377.76514012     
  -335805484.13160801     
  -380468806.81616187     
  -431071310.84482175     
  -488402604.56418926     
  -553357251.43559098     
  -626948717.62680769     
  -710325172.68926728     
  -804787389.46454394     
  -911809022.05111110     
  -1033059577.6890297     
  -1170430440.3626387     
  -1326064351.4317420     
  -1502388806.4192920     
  -1702153888.0451434     
  -1928475124.6492651     
  -2184882041.3676662     
  -2475373160.0266700     
  -2804478304.0837069     
  -3177329178.6260829     
  -3599739324.2106833     
  -4078294689.1893067     
  -4620456230.3838539     
  -5234676139.1212006     
  -5930529501.6183147     
  -6718863442.8188047     
  -7611966074.7544088     
  -8623757878.5657902     
  -9770008498.2534943     
  -11068582319.464468     
  -12539716654.293066     
  -14206336860.143803     
  -16094413295.043871     
  -18233365662.329395     
  -20656521034.465687     
  -23401632680.344234     
  -26511467765.690037     
  -30034473066.894402     
  -34025529051.287197     
  -38546804050.412018     
  -43668721808.595337     
  -49471057451.162674     
  -56044178912.409172     
  -63490453123.861618     
  -71925838823.565903     
  -81481690746.838364     
  -92306803243.140823     
  -104569725083.45029     
  -118461381435.42445     
  -134198043755.19110     
  -152024693748.75607     
  -172218833676.68420     
  -195094802207.82352     
  -221008662878.96234     
  -250363741109.22836     
  -283616895788.68707     
  -321285622866.18408     
  -363956101278.89453     
  -412292306195.63464     
  -467046331114.61383     
  -529070079120.89252     
  -599328504860.30920     
  -678914612854.53040     
  -769066445039.30090     
  -871186321277.46130     
  -986862631558.35181     
  -1117894518187.7239     
  -1266319831110.8374     
  -1434446790290.9131     
  -1624889846572.4392     
  -1840610297585.0476     
  -2084962288997.8440     
  -2361744914958.8501     
  -2675261226143.4922     
  -3030385060955.0640     
  -3432636736727.9688     
  -3888268775160.1353     
  -4404362991771.6680     
  -4988940455361.7920     
  -5651086022943.1777     
  -6401089381560.9600     
  -7250604784250.7168     
  -8212831957116.1943     
  -9302720982598.1621     
  -10537204335538.791     
  -11935459669371.377     
  -13519207426193.930     
  -15313047883989.537     
  -17344842865184.102     
  -19646148022534.926     
  -22252702401724.320     
  -25204982867108.711     
  -28548831981566.812     
  -32336169068836.113     
  -36625795474715.781     
  -41484306501963.062     
  -46987124145170.992     
  -53219666621919.930     
  -60278672813955.328     
  -68273702129789.633     
  -77328833015020.188     
  -87584586410755.156     
  -99200103941355.719     
  -112355614554022.91     
  -127255227795480.58     
  -144130096964081.97     
  -163242001097159.38     
  -184887401231726.28     
  -209402033711791.44     
  -237166111620842.84     
  -268610214821764.91     
  -304221959733771.88     
  -344553552031273.25     
  -390230339099048.69     
  -441960494532411.81     
  -500545984468735.12     
  -566894985347854.62     
  -642035945129214.12     
  -727133505389284.62     
  -823506530475636.38     
  -932648522447682.50     
  -1056250737390738.5     
  -1196228360418172.2     
  -1354750143919686.2     
  -1534271967100734.2     
  -1737574835413585.8     
  -1967807907038283.8     
  -2228537211188714.5     
  -2523800810891778.0     
  -2858171262370696.5     
  -3236826335790167.0     
  -3665629089627094.5     
  -4151218535280803.0     
  -4701112291955141.0     
  -5323822816849443.0     
  -6028989005135823.0     
  -6827525191302888.0     
  -7731789851862306.0     
  -8755776613278465.0     
  -9915330512971558.0     
  -11228392850657162.     
  -12715278408115734.     
  -14398989314519120.     
  -16305570399359132.     
  -18464511514519404.     
  -20909203030946720.     
  -23677451534850312.     
  -26812063675994124.     
  -30361507170718216.     
  -34380659150981480.     
  -38931653396240552.     
  -44084839508059128.     
  -49919868811396800.     
  -56526923718062736.     
  -64008109496835688.     
  -72479029895202000.     
  -82070570887975248.     
  -92930920031727264.     
  -1.0522785253020480E+017
  -1.1915131922043821E+017
  -1.3491637633511870E+017
  -1.5276650215538563E+017
  -1.7297735162018230E+017
  -1.9586100669520378E+017
  -2.2177078792960694E+017
  -2.5110670125913968E+017
  -2.8432160388264746E+017
  -3.2192818409495264E+017
  -3.6450686247253453E+017
  -4.1271473597127488E+017
  -4.6729570252504960E+017
  -5.2909192187603654E+017
  -5.9905678890053018E+017
  -6.7826961893268762E+017
  -7.6795227088932019E+017
  -8.6948796376481152E+017
  -9.8444257575279654E+017
  -1.1145887533767156E+018
  -1.2619332011590536E+018
  -1.4287475711901555E+018
  -1.6176034272201149E+018
  -1.8314118204379564E+018
  -2.0734680848790830E+018
  -2.3475025404986798E+018
  -2.6577378825919549E+018
  -3.0089541388195144E+018
  -3.4065621911781407E+018
  -3.8566869916204764E+018
  -4.3662617486820055E+018
  -4.9431345306949151E+018
  -5.5961889215295887E+018
  -6.3354805802176061E+018
  -7.1723917995698780E+018
  -8.1198064347377029E+018
  -9.1923078847905116E+018
  -1.0406403163573862E+019
  -1.1780776495763214E+019
  -1.3336576326251520E+019
  -1.5097740142711665E+019
  -1.7091362090176623E+019
  -1.9348109011625525E+019
  -2.1902691289859154E+019
  -2.4794395704714420E+019
  -2.8067688468710441E+019
  -3.1772897678028190E+019
  -3.5966985630690968E+019
  -4.0714422838476464E+019
  -4.6088177114429006E+019
  -5.2170832877580599E+019
  -5.9055857807475155E+019
  -6.6849036233685705E+019
  -7.5670091194069680E+019
  -8.5654519978875912E+019
  -9.6955671239953351E+019
  -1.0974709543493095E+020
  -1.2422520455158024E+020
  -1.4061228178124884E+020
  -1.5915988715422004E+020
  -1.8015271119549822E+020
  -2.0391293549890162E+020
  -2.3080516685459033E+020
  -2.6124202031803980E+020
  -2.9569043651020318E+020
  -3.3467882963985157E+020
  -3.7880517541025186E+020
  -4.2874616230616904E+020
  -4.8526754597164981E+020
  -5.4923586473069412E+020
  -6.2163169505057322E+020
  -7.0356464921655614E+020
  -7.9629034403378705E+020
  -9.0122959940035228E+020
  -1.0199901595612954E+021
  -1.1543912682723583E+021
  -1.3064914725578424E+021
  -1.4786200788989439E+021
  -1.6734127412832035E+021
  -1.8938517234259617E+021
  -2.1433114485949116E+021
  -2.4256100309077800E+021
  -2.7450675729507030E+021
  -3.1065721174603999E+021
  -3.5156542571865676E+021
  -3.9785715386657024E+021
  -4.5024039444880661E+021
  -5.0951619069806788E+021
  -5.7659084966106759E+021
  -6.5248976437178867E+021
  -7.3837304956725672E+021
  -8.3555322869091611E+021
  -9.4551524106763260E+021
  -1.0699390733478317E+022
  -1.2107253591389023E+022
  -1.3700243357719134E+022
  -1.5502685980716603E+022
  -1.7542101465777136E+022
  -1.9849622927735488E+022
  -2.2460470575036224E+022
  -2.5414487820063763E+022
  -2.8756747651216547E+022
  -3.2538238466648835E+022
  -3.6816639773039315E+022
  -4.1657199513436881E+022
  -4.7133726326705751E+022
  -5.3329711780546386E+022
  -6.0339599586731391E+022
  -6.8270221030709849E+022
  -7.7242418361606487E+022
  -8.7392880730745319E+022
  -9.8876220479966152E+022
  -1.1186732121355737E+023
  -1.2656399319428124E+023
  -1.4318997624651763E+023
  -1.6199833559784642E+023
  -1.8327530202336427E+023
  -2.0734461436389758E+023
  -2.3457243007085030E+023
  -2.6537287800064361E+023
  -3.0021433736932433E+023
  -3.3962653772842919E+023
  -3.8420858720102419E+023
  -4.3463805020777124E+023
  -4.9168121172686266E+023
  -5.5620468300593040E+023
  -6.2918852384663164E+023
  -7.1174107941641996E+023
  -8.0511575534923606E+023
  -9.1072998406416179E+023
  -1.0301866681953353E+024
  -1.1652984242811956E+024
  -1.3181149919640499E+024
  -1.4909542215320309E+024
  -1.6864371064064774E+024
  -1.9075273879426739E+024
  -2.1575763285790669E+024
  -2.4403733269656477E+024
  -2.7602031363852862E+024
  -3.1219105468617849E+024
  -3.5309735033043456E+024
  -3.9935857585406356E+024
  -4.5167503030268197E+024
  -5.1083849745241274E+024
  -5.7774418335052455E+024
  -6.5340420962189793E+024
  -7.3896286502691820E+024
  -8.3571384407220820E+024
  -9.4511973120617015E+024
  -1.0688340227189502E+025
  -1.2087260164107021E+025
  -1.3669089419570166E+025
  -1.5457717533231098E+025
  -1.7480150592781376E+025
  -1.9766917298500667E+025
  -2.2352527863569895E+025
  -2.5275992614881603E+025
  -2.8581408049565625E+025
  -3.2318619108245299E+025
  -3.6543967562052378E+025
  -4.1321137693483418E+025
  -4.6722111900272397E+025
  -5.2828250488027564E+025
  -5.9731511765643204E+025
  -6.7535830644775978E+025
  -7.6358676301816555E+025
  -8.6332812122609704E+025
  -9.7608284155979879E+025
  -1.1035466769626341E+026
  -1.2476360544759724E+026
  -1.4105167505017372E+026
  -1.5946362863480917E+026
  -1.8027605258895897E+026
  -2.0380150194595874E+026
  -2.3039317084142516E+026
  -2.6045016841983093E+026
  -2.9442347853696731E+026
  -3.3282269172199574E+026
  -3.7622360928462953E+026
  -4.2527683234629371E+026
  -4.8071746312799067E+026
  -5.4337606225539857E+026
  -6.1419102438412108E+026
  -6.9422255537649777E+026
  -7.8466845788223753E+026
  -8.8688195883381542E+026
  -1.0023918424537329E+027
  -1.1329251863238840E+027
  -1.2804330363830695E+027
  -1.4471193999561926E+027
  -1.6354739847082875E+027
  -1.8483091664692271E+027
  -2.0888017309924238E+027
  -2.3605400047970604E+027
  -2.6675770693176505E+027
  -3.0144908417962656E+027
  -3.4064519069972538E+027
  -3.8493000973624323E+027
  -4.3496309473032993E+027
  -4.9148932918020384E+027
  -5.5534994424574283E+027
  -6.2749495579237039E+027
  -7.0899720330081851E+027
  -8.0106819645130079E+027
  -9.0507600156039326E+027
  -1.0225654297869745E+028
  -1.1552808225586729E+028
  -1.3051917674855098E+028
  -1.4745221206671475E+028
  -1.6657827593776051E+028
  -1.8818085433174112E+028
  -2.1258000237362227E+028
  -2.4013705086257000E+028
  -2.7125991698504094E+028
  -3.0640909656360265E+028
  -3.4610442505217929E+028
  -3.9093270561187926E+028
  -4.4155631513857259E+028
  -4.9872291324283172E+028
  -5.6327639510612899E+028
  -6.3616924708105621E+028
  -7.1847648412306600E+028
  -8.1141137092419581E+028
  -9.1634315428886944E+028
  -1.0348170632122385E+029
  -1.1685768657023522E+029
  -1.3195903080897923E+029
  -1.4900778039111303E+029
  -1.6825447860194164E+029
  -1.8998181880226878E+029
  -2.1450875802190508E+029
  -2.4219515517153936E+029
  -2.7344700053210664E+029
  -3.0872231161493378E+029
  -3.4853777998204614E+029
  -3.9347626430703731E+029
  -4.4419523699232231E+029
  -5.0143630520648159E+029
  -5.6603594245469053E+029
  -6.3893758395826723E+029
  -7.2120525843484551E+029
  -8.1403895060680248E+029
  -9.1879191322373002E+029
  -1.0369901749035593E+030
  -1.1703545210568478E+030
  -1.3208252599870096E+030
  -1.4905901254358765E+030
  -1.6821157109078574E+030
  -1.8981828806623371E+030
  -2.1419266579922832E+030
  -2.4168811540700501E+030
  -2.7270301710952671E+030
  -3.0768641926852489E+030
  -3.4714445634837600E+030
  -3.9164757600388453E+030
  -4.4183867674717420E+030
  -4.9844227028486282E+030
  -5.6227479681819462E+030
  -6.3425623755420746E+030
  -7.1542318659986578E+030
  -8.0694356454388952E+030
  -9.1013317864224643E+030
  -1.0264743599149587E+031
  -1.1576369359722772E+031
  -1.3055018303963520E+031
  -1.4721876154345906E+031
  -1.6600803850880565E+031
  -1.8718673609343305E+031
  -2.1105746938044319E+031
  -2.3796099814036051E+031
  -2.6828100858710243E+031
  -3.0244949069468588E+031
  -3.4095278467882998E+031
  -3.8433837925903242E+031
  -4.3322255441859724E+031
  -4.8829897270247838E+031
  -5.5034833578090832E+031
  -6.2024923722273340E+031
  -6.9899035834720575E+031
  -7.8768417185863873E+031
  -8.8758233794017255E+031
  -1.0000929998421754E+032
  -1.1268002110276638E+032
  -1.2694857539437136E+032
  -1.4301536418219270E+032
  -1.6110576299598024E+032
  -1.8147321021293840E+032
  -2.0440267415793551E+032
  -2.3021454450750831E+032
  -2.5926899931508670E+032
  -2.9197090508883408E+032
  -3.2877531418160844E+032
  -3.7019363137596814E+032
  -4.1680053005591563E+032
  -4.6924170785100497E+032
  -5.2824258222812372E+032
  -5.9461803831412151E+032
  -6.6928335439396127E+032
  -7.5326644519395461E+032
  -8.4772157939335867E+032
  -9.5394474599274029E+032
  -1.0733908644054316E+033
  -1.2076930556509771E+033
  -1.3586842170608786E+033
  -1.5284211707257022E+033
  -1.7192116868135374E+033
  -1.9336447171963457E+033
  -2.1746242128871633E+033
  -2.4454069410049329E+033
  -2.7496447637682066E+033
  -3.0914318938354399E+033
  -3.4753576976603599E+033
  -3.9065656819612393E+033
  -4.3908193685039995E+033
  -4.9345758398097220E+033
  -5.5450678238063276E+033
  -6.2303952795921677E+033
  -6.9996275501591619E+033
  -7.8629172619811746E+033
  -8.8316272767084355E+033
  -9.9184721377713079E+033
  -1.1137675605484880E+034
  -1.2505146039301694E+034
  -1.4038671566261608E+034
  -1.5758137171539938E+034
  -1.7685766061415495E+034
  -1.9846387882082234E+034
  -2.2267736630597545E+034
  -2.4980781367926465E+034
  -2.8020093139440059E+034
  -3.1424251826154519E+034
  -3.5236296991054987E+034
  -3.9504227149367275E+034
  -4.4281552279599436E+034
  -4.9627904803091321E+034
  -5.5609714692611155E+034
  -6.2300954823404643E+034
  -6.9783963150276844E+034
  -7.8150348777846748E+034
  -8.7501989482690887E+034
  -9.7952128738540977E+034
  -1.0962658077970103E+035
  -1.2266505270142323E+035
  -1.3722259302392490E+035
  -1.5347117651991404E+035
  -1.7160143540006273E+035
  -1.9182454713724142E+035
  -2.1437428925204231E+035
  -2.3950927123441821E+035
  -2.6751535338444630E+035
  -2.9870826165264112E+035
  -3.3343640646594022E+035
  -3.7208391194135716E+035
  -4.1507385969673092E+035
  -4.6287174852380845E+035
  -5.1598916732054871E+035
  -5.7498767367933741E+035
  -6.4048286414607309E+035
  -7.1314861410185774E+035
  -7.9372145511419846E+035
  -8.8300504502608845E+035
  -9.8187467048072829E+035
  -1.0912817023952488E+036
  -1.2122579013528550E+036
  -1.3459194410846952E+036
  -1.4934704830868709E+036
  -1.6562060926753083E+036
  -1.8355142348732459E+036
  -2.0328765255910704E+036
  -2.2498673373559865E+036
  -2.4881507666810706E+036
  -2.7494748587755089E+036
  -3.0356623507609729E+036
  -3.3485970321218971E+036
  -3.6902046250259817E+036
  -4.0624268504256877E+036
  -4.4671870600099618E+036
  -4.9063454687911103E+036
  -5.3816416057866445E+036
  -5.8946210954888486E+036
  -6.4465432717363128E+036
  -7.0382653850398180E+036
  -7.6700982658470703E+036
  -8.3416272144615425E+036
  -9.0514905598228080E+036
  -9.7971067101147961E+036
  -1.0574338541059361E+037
  -1.1377081549086534E+037
  -1.2196759231762743E+037
  -1.3021705515884397E+037
  -1.3836409570012977E+037
  -1.4620592806046835E+037
  -1.5348081033188672E+037
  -1.5985426249430487E+037
  -1.6490222028713876E+037
  -1.6809043373370831E+037
  -1.6874925624792020E+037
  -1.6604276832349966E+037
  -1.5893093145481914E+037
  -1.4612317041791926E+037
  -1.2602145634831775E+037
  -9.6650754000261811E+036
  -5.5575697373367604E+036
  -5.0468257764949899E+032
