   0.0000000000000000     
  -1.1011010049952404E-016
  -2.2206212724412208E-016
  -3.3772877306581299E-016
  -4.5904481766972587E-016
  -5.8803948885210895E-016
  -7.2687040182938594E-016
  -8.7785964426569691E-016
  -1.0435326104305283E-015
  -1.2266602338518179E-015
  -1.4303053246204873E-015
  -1.6578737860983775E-015
  -1.9131715673290649E-015
  -2.2004683033124545E-015
  -2.5245687070811190E-015
  -2.8908929070767116E-015
  -3.3055670728333426E-015
  -3.7755258439296980E-015
  -4.3086282744462436E-015
  -4.9137892310544024E-015
  -5.6011284411455781E-015
  -6.3821396823951151E-015
  -7.2698829417785303E-015
  -8.2792027559393815E-015
  -9.4269763823640006E-015
  -1.0732395949359011E-014
  -1.2217289300682694E-014
  -1.3906484897338829E-014
  -1.5828226875305493E-014
  -1.8014647196143060E-014
  -2.0502302781508340E-014
  -2.3332786608536037E-014
  -2.6553422978976030E-014
  -3.0218058581544497E-014
  -3.4387962567656084E-014
  -3.9132850682295476E-014
  -4.4532050564690280E-014
  -5.0675827692292035E-014
  -5.7666894125763676E-014
  -6.5622125267048682E-014
  -7.4674513318181872E-014
  -8.4975390083352285E-014
  -9.6696956256906034E-014
  -1.1003515946065329E-013
  -1.2521296912055064E-013
  -1.4248410290289343E-013
  -1.6213726697431628E-013
  -1.8450098093416855E-013
  -2.0994906803558767E-013
  -2.3890690242597500E-013
  -2.7185851778422419E-013
  -3.0935469612217302E-013
  -3.5202217189168805E-013
  -4.0057410517000320E-013
  -4.5582199889558233E-013
  -5.1868925924889763E-013
  -5.9022662571996457E-013
  -6.7162972863561629E-013
  -7.6425906745588642E-013
  -8.6966274358393826E-013
  -9.8960232744295281E-013
  -1.1260822919245783E-012
  -1.2813835038811150E-012
  -1.4581013331122689E-012
  -1.6591890154187837E-012
  -1.8880069940473385E-012
  -2.1483790636989818E-012
  -2.4446562548842645E-012
  -2.7817895256790189E-012
  -3.1654124750238745E-012
  -3.6019354590738208E-012
  -4.0986526825358464E-012
  -4.6638640536121388E-012
  -5.3070138377112108E-012
  -6.0388484256156099E-012
  -6.8715958509859023E-012
  -7.8191700552652463E-012
  -8.8974033112899345E-012
  -1.0124310687107687E-011
  -1.1520390966506210E-011
  -1.3108969051490718E-011
  -1.4916585564582322E-011
  -1.6973440156901388E-011
  -1.9313895924706162E-011
  -2.1977053357345394E-011
  -2.5007403400484485E-011
  -2.8455570539355253E-011
  -3.2379158309706943E-011
  -3.6843711354185919E-011
  -4.1923810087585041E-011
  -4.7704316248256345E-011
  -5.4281790131920165E-011
  -6.1766103170172600E-011
  -7.0282272777021719E-011
  -7.9972550097197155E-011
  -9.0998795511698300E-011
  -1.0354518155952763E-010
  -1.1782126839996012E-010
  -1.3406550315823118E-010
  -1.5254920157295777E-010
  -1.7358107841400917E-010
  -1.9751240229925117E-010
  -2.2474286096044511E-010
  -2.5572723486649413E-010
  -2.9098299060405236E-010
  -3.3109892076637045E-010
  -3.7674497456727630E-010
  -4.2868344326980467E-010
  -4.8778168712976116E-010
  -5.5502661628068695E-010
  -6.3154116725748921E-010
  -7.1860305015977740E-010
  -8.1766607934830704E-010
  -9.3038444368105431E-010
  -1.0586403213485645E-009
  -1.2045753001796718E-009
  -1.3706261277895271E-009
  -1.5595653881914018E-009
  -1.7745477836972050E-009
  -2.0191627944602899E-009
  -2.2974945944280844E-009
  -2.6141902235464031E-009
  -2.9745371538115137E-009
  -3.3845515434978876E-009
  -3.8510786522132461E-009
  -4.3819070923223520E-009
  -4.9858988231209512E-009
  -5.6731370567814033E-009
  -6.4550945439122841E-009
  -7.3448250465591795E-009
  -8.3571811932932873E-009
  -9.5090623511392496E-009
  -1.0819696649823483E-008
  -1.2310961863529606E-008
  -1.4007750503528887E-008
  -1.5938385212519955E-008
  -1.8135091390561002E-008
  -2.0634534937100528E-008
  -2.3478434079727829E-008
  -2.6714255495981885E-008
  -3.0396006340482196E-008
  -3.4585135389218986E-008
  -3.9351558332734095E-008
  -4.4774824320480599E-008
  -5.0945443214391202E-008
  -5.7966395689888167E-008
  -6.5954851371916298E-008
  -7.5044123662912366E-008
  -8.5385893866778784E-008
  -9.7152741703708881E-008
  -1.1054102441998078E-007
  -1.2577415250976941E-007
  -1.4310631667952307E-007
  -1.6282672820975828E-007
  -1.8526444342966596E-007
  -2.1079385275939253E-007
  -2.3984092585560050E-007
  -2.7289031700262314E-007
  -3.1049344923433356E-007
  -3.5327771198980507E-007
  -4.0195692567092839E-007
  -4.5734324759178292E-007
  -5.2036071783976206E-007
  -5.9206067090771393E-007
  -6.7363927006030455E-007
  -7.6645745678479840E-007
  -8.7206364793620596E-007
  -9.9221955899017772E-007
  -1.1289295839274129E-006
  -1.2844742215590518E-006
  -1.4614481055514481E-006
  -1.6628032721447692E-006
  -1.8918983868616963E-006
  -2.1525547508247317E-006
  -2.4491200202981888E-006
  -2.7865407016265419E-006
  -3.1704446299963959E-006
  -3.6072348068415427E-006
  -4.1041961600117264E-006
  -4.6696170061894679E-006
  -5.3129272400536122E-006
  -6.0448555534348942E-006
  -6.8776083048314099E-006
  -7.8250730204332436E-006
  -8.9030499182555991E-006
  -1.0129515313935885E-005
  -1.1524921297990426E-005
  -1.3112536678700025E-005
  -1.4918834872366923E-005
  -1.6973935204911564E-005
  -1.9312104978684468E-005
  -2.1972330670778288E-005
  -2.4998967780899534E-005
  -2.8442480157181169E-005
  -3.2360281119008540E-005
  -3.6817690391817855E-005
  -4.1889022798151515E-005
  -4.7658826844146425E-005
  -5.4223293837642314E-005
  -6.1691861014806479E-005
  -7.0189035383884070E-005
  -7.9856468671211136E-005
  -9.0855317937189132E-005
  -1.0336893118815927E-004
  -1.1760590272325541E-004
  -1.3380354911348788E-004
  -1.5223186371604485E-004
  -1.7319801559673316E-004
  -1.9705146780030666E-004
  -2.2418980022309215E-004
  -2.5506533407654086E-004
  -2.9019266827944826E-004
  -3.3015725330282579E-004
  -3.7562514526756776E-004
  -4.2735410274872350E-004
  -4.8620621109850845E-004
  -5.5316224453532878E-004
  -6.2933800518142160E-004
  -7.1600291114884385E-004
  -8.1460114322034832E-004
  -9.2677570227142853E-004
  -1.0543957780414803E-003
  -1.1995878849921742E-003
  -1.3647712837072435E-003
  -1.5526982776337026E-003
  -1.7665000561273082E-003
  -2.0097388470955314E-003
  -2.2864672475658310E-003
  -2.6012957199934433E-003
  -2.9594693780494517E-003
  -3.3669553402582934E-003
  -3.8305421057570166E-003
  -4.3579526065531870E-003
  -4.9579728182938612E-003
  -5.6405980705116487E-003
  -6.4171994918940318E-003
  -7.3007133612294807E-003
  -8.3058565158935956E-003
  -9.4493714033922309E-003
  -1.0750304854790305E-002
  -1.2230325220031070E-002
  -1.3914083143525949E-002
  -1.5829621984588222E-002
  -1.8008844713374605E-002
  -2.0488045052726851E-002
  -2.3308511705302161E-002
  -2.6517215721425368E-002
  -3.0167592446413195E-002
  -3.4320431059717625E-002
  -3.9044886508282035E-002
  -4.4419630672769335E-002
  -5.0534161921669353E-002
  -5.7490294843242418E-002
  -6.5403854942625184E-002
  -7.4406606501053796E-002
  -8.4648445672746306E-002
  -9.6299895307020600E-002
 -0.10955494300206756     
 -0.12463426960589782     
 -0.14178892187425507     
 -0.16130449038271266     
 -0.18350586219356152     
 -0.20876262733715914     
 -0.23749522904105880     
 -0.27018196000923328     
 -0.30736692112366615     
 -0.34966907494538824     
 -0.39779254459772723     
 -0.45253832932372612     
 -0.51481763156659455     
 -0.58566701721821546     
 -0.66626566116151242     
 -0.75795496490447656     
 -0.86226087254308570     
 -0.98091925615267606     
  -1.1159047927380776     
  -1.2694638129200468     
  -1.4441516675638173     
  -1.6428752336621248     
  -1.8689412662178797     
  -2.1261114000502923     
  -2.4186647159873811     
  -2.7514689116440323     
  -3.1300612600071611     
  -3.5607407017342361     
  -4.0506726021212192     
  -4.6080079141850883     
  -5.2420187287312716     
  -5.9632524646148619     
  -6.7837072621803491     
  -7.7170314952234023     
  -8.7787507176128852     
  -9.9865258165988120     
  -11.360446663384483     
  -12.923366141370991     
  -14.701280103385855     
  -16.723759572326891     
  -19.024442367660821     
  -21.641592327528436     
  -24.618735419219799     
  -28.005383308142246     
  -31.857856408321766     
  -36.240220090079511     
  -41.225349600249729     
  -46.896141388363326     
  -53.346890964110564     
  -60.684860177492375     
  -69.032059959294642     
  -78.527278138105345     
  -89.328386020447610     
  -101.61496205029133     
  -115.59127613008360     
  -131.48968417491233     
  -149.57448928390494     
  -170.14633366153834     
  -193.54719423480441     
  -220.16606493640882     
  -250.44542002574690     
  -284.88856578751410     
  -324.06800269768030     
  -368.63493692295378     
  -419.33009910117204     
  -476.99605005290431     
  -542.59117775905429     
  -617.20561801497479     
  -702.07936310438572     
  -798.62285915600978     
  -908.44043415488977     
  -1033.3569455641209     
  -1175.4480899506761     
  -1337.0748777875788     
  -1520.9228457321026     
  -1730.0466573026099     
  -1967.9208322992019     
  -2238.4974470187499     
  -2546.2717629899680     
  -2896.3568735175045     
  -3294.5686069574454     
  -3747.5220958317436     
  -4262.7416144481058     
  -4848.7855078345556     
  -5515.3882851747494     
  -6273.6222356927092     
  -7136.0812488057336     
  -8117.0898887115891     
  -9232.9411925079585     
  -10502.167137403900     
  -11945.846264473892     
  -13587.953562708342     
  -15455.758418046671     
  -17580.277229259656     
  -19996.788199190414     
  -22745.416840996393     
  -25871.801911748709     
  -29427.852819476779     
  -33472.611066600184     
  -38073.230017804446     
  -43306.089242382041     
  -49258.061912386998     
  -56027.956275616649     
  -63728.155108486048     
  -72486.480336121589     
  -82448.313739852558     
  -93779.008917570405     
  -106666.63449049082     
  -121325.09404067683     
  -137997.67450822899     
  -156961.08187876162     
  -178530.03106830613     
  -203062.46609789212     
  -230965.49709589541     
  -262702.15254582185     
  -298799.05870727176     
  -339855.17350214679     
  -386551.71963117277     
  -439663.48155686667     
  -500071.65358723822     
  -568778.45199398336     
  -646923.73332522728     
  -735803.89430993726     
  -836893.36654923379     
  -951869.06217478157     
  -1082638.1755378670     
  -1231369.8015839180     
  -1400530.8947863425     
  -1592927.1644071536     
  -1811749.5836099100     
  -2060627.2829262973     
  -2343687.7043100493     
  -2665625.0122507815     
  -3031777.8951555882     
  -3448218.0457007620     
  -3921850.7856829208     
  -4460529.5019841390     
  -5073185.7889368087     
  -5769977.4524143701     
  -6562456.8266862864     
  -7463762.1913520871     
  -8488835.4580732603     
  -9654669.7316793874     
  -10980590.844729681     
  -12488577.526942974     
  -14203625.510369593     
  -16154161.598344084     
  -18372514.553155363     
  -20895450.597676117     
  -23764782.395456783     
  -27028061.589693494     
  -30739366.364130620     
  -34960197.061219528     
  -39760494.680722952     
  -45219799.114989087     
  -51428566.288933821     
  -58489666.001582809     
  -66520085.255296007     
  -75652865.257940382     
  -86039304.148479477     
  -97851461.891600311     
  -111285008.78474253     
  -126562464.70383312     
  -143936882.67608193     
  -163696037.71615118     
  -186167190.21730042     
  -211722502.68979394     
  -240785199.44192410     
  -273836571.08294547     
  -311423939.69498777     
  -354169716.40337753     
  -402781701.13413113     
  -458064794.88201612     
  -520934318.16170448     
  -592431155.86385119     
  -673738978.92591202     
  -766203827.55277145     
  -871356379.75164974     
  -990937273.32385993     
  -1126925899.9155996     
  -1281573147.1043293     
  -1457438629.7337399     
  -1657433025.8859465     
  -1884866217.2190332     
  -2143502029.2937179     
  -2437620476.5478339     
  -2772088540.5513697     
  -3152440651.1343217     
  -3584970200.2512684     
  -4076833600.6754975     
  -4636168608.8092566     
  -5272228866.4744778     
  -5995536884.3976297     
  -6818057994.6430092     
  -7753398145.5056877     
  -8817028806.0614548     
  -10026542695.181637     
  -11401944558.739840     
  -12965981797.361074     
  -14744520404.935717     
  -16766972426.092934     
  -19066781991.237068     
  -21681977954.621803     
  -24655802260.215740     
  -28037424409.927689     
  -31882753829.719234     
  -36255363544.666534     
  -41227540410.778923     
  -46881479239.621712     
  -53310640525.950859     
  -60621294187.785683     
  -68934274797.117065     
  -78386977268.354843     
  -89135625938.163544     
  -101357854479.89326     
  -115255639222.70020     
  -131058634274.15489     
  -149027963471.70190     
  -169460531721.94778     
  -192693926851.54037     
  -219111992830.46320     
  -249151166298.31891     
  -283307680908.95746     
  -322145758315.92316     
  -366306920886.29486     
  -416520579721.46204     
  -473616072584.73920     
  -538536350233.64941     
  -612353536822.72168     
  -696286620928.08997     
  -791721568856.56641     
  -900234191817.24890     
  -1023616143910.2152     
  -1163904479471.4177     
  -1323415256954.6187     
  -1504781743195.2922     
  -1710997847685.0356     
  -1945467502635.3562     
  -2212060802544.4004     
  -2515177828310.7935     
  -2859821207497.0376     
  -3251678606213.1069     
  -3697216511635.8242     
  -4203786850091.6646     
  -4779748196967.9404     
  -5434603574955.9678     
  -6179157110220.9805     
  -7025692126528.4893     
  -7988173610240.4150     
  -9082478380229.4062     
  -10326656752741.750     
  -11741230009565.227     
  -13349528567049.326     
  -15178076413267.109     
  -17257028141909.602     
  -19620665776878.141     
  -22307963565210.121     
  -25363230034104.863     
  -28836837878783.043     
  -32786053692599.121     
  -37275981192968.703     
  -42380633463250.500     
  -48184151852399.836     
  -54782191585840.008     
  -62283496882190.742     
  -70811691486272.766     
  -80507314070343.516     
  -91530131980970.438     
  -104061771384414.31     
  -118308707064002.25     
  -134505661034100.64     
  -152919465853994.84     
  -173853456161533.03     
  -197652460626146.50     
  -224708476386272.22     
  -255467119249188.06     
  -290434955675826.81     
  -330187837058392.44     
  -375380373262222.69     
  -426756701115435.69     
  -485162724797432.19     
  -551560029249160.69     
  -627041695200665.88     
  -712850275635395.75     
  -810398228998104.38     
  -921291144785874.50     
  -1047354143001118.2     
  -1190661881042954.0     
  -1353572660823171.5     
  -1538767196185699.0     
  -1749292677187066.5     
  -1988612854713278.8     
  -2260664967690219.0     
  -2569924447408894.5     
  -2921478461073036.0     
  -3321109501675103.5     
  -3775390396093116.0     
  -4291792290574239.5     
  -4878807385599255.0     
  -5546088433990539.0     
  -6304607290996111.0     
  -7166835117454569.0     
  -8146947192135100.0     
  -9261055692765136.0     
  -10527474263709786.     
  -11967018709256494.     
  -13603348743512576.     
  -15463356400732266.     
  -17577607474463504.     
  -19980843222753884.     
  -22712550563995424.     
  -25817610109971780.     
  -29347032657653072.     
  -33358796210116872.     
  -37918797243355016.     
  -43101931806578776.     
  -48993324169551552.     
  -55689723146217440.     
  -63301088968950648.     
  -71952396706997176.     
  -81785685767101968.     
  -92962389041841104.     
  -1.0566597984762642E+017
  -1.2010497999450133E+017
  -1.3651637823866306E+017
  -1.5516951508266189E+017
  -1.7637049751711709E+017
  -2.0046721596615706E+017
  -2.2785504554821066E+017
  -2.5898332495508826E+017
  -2.9436271896822899E+017
  -3.3457358507916678E+017
  -3.8027548109754253E+017
  -4.3221796928232659E+017
  -4.9125289372475226E+017
  -5.5834833179064109E+017
  -6.3460444778825306E+017
  -7.2127150811188992E+017
  -8.1977035242832781E+017
  -9.3171565559885184E+017
  -1.0589423606186785E+018
  -1.2035357146513697E+018
  -1.3678653990830776E+018
  -1.5546243113796221E+018
  -1.7668726324884472E+018
  -2.0080878998256686E+018
  -2.2822219039322721E+018
  -2.5937653382709064E+018
  -2.9478212581806986E+018
  -3.3501885487740140E+018
  -3.8074567648881347E+018
  -4.3271138917570995E+018
  -4.9176687858665103E+018
  -5.5887902949299149E+018
  -6.3514653279789445E+018
  -7.2181784556200950E+018
  -8.2031159716102339E+018
  -9.3223977457555661E+018
  -1.0594340651236311E+019
  -1.2039757864175149E+019
  -1.3682298917976621E+019
  -1.5548836059179639E+019
  -1.7669903206091211E+019
  -2.0080194668578144E+019
  -2.2819131761024381E+019
  -2.5931506546446115E+019
  -2.9468213206076735E+019
  -3.3487078955811942E+019
  -3.8053808051938189E+019
  -4.3243054269899383E+019
  -4.9139639331408912E+019
  -5.5839937130969129E+019
  -6.3453446311412556E+019
  -7.2104576803261587E+019
  -8.1934679424296518E+019
  -9.3104351590261244E+019
  -1.0579605667932876E+020
  -1.2021709969471083E+020
  -1.3660300766443974E+020
  -1.5522136979891379E+020
  -1.7637619990208332E+020
  -2.0041289202244026E+020
  -2.2772384997299447E+020
  -2.5875488230157674E+020
  -2.9401246673172057E+020
  -3.3407200222173220E+020
  -3.7958718283440246E+020
  -4.3130064583222860E+020
  -4.9005606710833722E+020
  -5.5681190056689795E+020
  -6.3265698475950722E+020
  -7.1882827039821582E+020
  -8.1673095679258919E+020
  -9.2796136435495115E+020
  -1.0543329147178326E+021
  -1.1979056404294489E+021
  -1.3610197034529212E+021
  -1.5463334667196692E+021
  -1.7568667368291322E+021
  -1.9960498798403998E+021
  -2.2677796073229037E+021
  -2.5764823379631009E+021
  -2.9271861628106105E+021
  -3.3256025816757908E+021
  -3.7782193365151415E+021
  -4.2924058474201266E+021
  -4.8765329609642245E+021
  -5.5401089524604254E+021
  -6.2939339868815554E+021
  -7.1502755420496137E+021
  -8.1230676370337909E+021
  -9.2281370939886089E+021
  -1.0483460499133291E+022
  -1.1909456025281427E+022
  -1.3529314842291498E+022
  -1.5369377482122522E+022
  -1.7459561252173270E+022
  -1.9833845615983199E+022
  -2.2530823397486935E+022
  -2.5594326728949698E+022
  -2.9074137870616828E+022
  -3.3026796401452271E+022
  -3.7516515837212925E+022
  -4.2616224499587625E+022
  -4.8408747466687353E+022
  -5.4988148713116272E+022
  -6.2461255133855297E+022
  -7.0949387081872931E+022
  -8.0590323381985283E+022
  -9.1540532566636523E+022
  -1.0397770637381675E+023
  -1.1810363642234245E+023
  -1.3414748051358091E+023
  -1.5236947129036104E+023
  -1.7306512711424041E+023
  -1.9657003311606390E+023
  -2.2326526956188204E+023
  -2.5358357510435055E+023
  -2.8801634432616503E+023
  -3.2712157241691234E+023
  -3.7153287507358500E+023
  -4.2196972902260415E+023
  -4.7924909820519150E+023
  -5.4429863296341142E+023
  -6.1817165486868450E+023
  -7.0206416855373768E+023
  -7.9733417450311281E+023
  -9.0552359374880747E+023
  -1.0283831573989760E+024
  -1.1679006615712680E+024
  -1.3263330423712292E+024
  -1.5062427869157703E+024
  -1.7105392660340839E+024
  -1.9425256532976647E+024
  -2.2059521847013134E+024
  -2.5050766150721905E+024
  -2.8447328427509839E+024
  -3.2304088051136826E+024
  -3.6683348961780338E+024
  -4.1655843262406134E+024
  -4.7301870349129044E+024
  -5.3712589861242808E+024
  -6.0991489201032347E+024
  -6.9256049169683833E+024
  -7.8639634438185404E+024
  -8.9293639171663978E+024
  -1.0138992220952353E+025
  -1.1512357083713413E+025
  -1.3071603744150270E+025
  -1.4841869930707585E+025
  -1.6851689857356193E+025
  -1.9133452705312536E+025
  -2.1723922931167138E+025
  -2.4664830729674480E+025
  -2.8003542099993321E+025
  -3.1793819235277863E+025
  -3.6096683397411689E+025
  -4.0981394074262824E+025
  -4.6526560072101933E+025
  -5.2821400300231626E+025
  -5.9967174391831834E+025
  -6.8078806012417603E+025
  -7.7286724778085503E+025
  -8.7738956188596590E+025
  -9.9603492930527366E+025
  -1.1307098538582311E+026
  -1.2835779426209362E+026
  -1.4570945402337280E+026
  -1.6540460233505564E+026
  -1.8775943814775844E+026
  -2.1313277944917316E+026
  -2.4193180124352106E+026
  -2.7461854512563473E+026
  -3.1171730407180179E+026
  -3.5382299996589861E+026
  -4.0161068713647370E+026
  -4.5584633304704790E+026
  -5.1739904753990546E+026
  -5.8725495500259991E+026
  -6.6653292986843513E+026
  -7.5650244538775523E+026
  -8.5860381908113502E+026
  -9.7447117623565155E+026
  -1.1059584958287245E+027
  -1.2551691520374892E+027
  -1.4244894197824047E+027
  -1.6166264754310660E+027
  -1.8346514948368630E+027
  -2.0820485314232429E+027
  -2.3627699483122905E+027
  -2.6812992819687858E+027
  -3.0427225321108538E+027
  -3.4528090055646591E+027
  -3.9181029923964187E+027
  -4.4460277234002193E+027
  -5.0450032515280059E+027
  -5.7245801191468452E+027
  -6.4955909215282744E+027
  -7.3703221586004863E+027
  -8.3627090861267701E+027
  -9.4885566390972273E+027
  -1.0765789909880105E+028
  -1.2214738127966828E+028
  -1.3858456614200930E+028
  -1.5723091778403906E+028
  -1.7838294904584365E+028
  -2.0237691232953531E+028
  -2.2959411714673063E+028
  -2.6046695797108159E+028
  -2.9548574709609181E+028
  -3.3520645979774475E+028
  -3.8025951337314099E+028
  -4.3135971779179777E+028
  -4.8931755400614875E+028
  -5.5505195670580844E+028
  -6.2960480178747644E+028
  -7.1415732541243835E+028
  -8.1004873164786800E+028
  -9.1879727980215330E+028
  -1.0421241811951688E+029
  -1.1819806788481004E+029
  -1.3405787331088349E+029
  -1.5204257923115711E+029
  -1.7243641910670826E+029
  -1.9556157906703871E+029
  -2.2178325575012755E+029
  -2.5151538674312363E+029
  -2.8522714285529764E+029
  -3.2345028326168514E+029
  -3.6678748792027592E+029
  -4.1592179679245642E+029
  -4.7162730251730721E+029
  -5.3478126256726847E+029
  -6.0637781884183674E+029
  -6.8754353747232660E+029
  -7.7955500969309523E+029
  -8.8385878641122011E+029
  -1.0020939550616358E+030
  -1.1361177080154971E+030
  -1.2880342978348252E+030
  -1.4602278267356861E+030
  -1.6553993765257768E+030
  -1.8766090519137990E+030
  -2.1273235854570709E+030
  -2.4114702376614750E+030
  -2.7334978221633160E+030
  -3.0984457949627190E+030
  -3.5120224699885721E+030
  -3.9806935627149690E+030
  -4.5117824212188405E+030
  -5.1135834823402044E+030
  -5.7954906921594452E+030
  -6.5681428578661000E+030
  -7.4435881556774834E+030
  -8.4354703106313275E+030
  -9.5592392931802167E+030
  -1.0832389749474571E+031
  -1.2274730802586390E+031
  -1.3908691336963449E+031
  -1.5759665415184778E+031
  -1.7856403082593368E+031
  -2.0231452500615780E+031
  -2.2921660123701163E+031
  -2.5968736509285687E+031
  -2.9419896337942929E+031
  -3.3328582336499494E+031
  -3.7755284056825692E+031
  -4.2768463885800224E+031
  -4.8445604268508139E+031
  -5.4874391940638447E+031
  -6.2154057013878866E+031
  -7.0396887069814664E+031
  -7.9729939027183350E+031
  -9.0296974492358299E+031
  -1.0226064762648627E+032
  -1.1580497831306748E+032
  -1.3113814764132050E+032
  -1.4849565749465659E+032
  -1.6814390141895928E+032
  -1.9038420001975714E+032
  -2.1555736098818277E+032
  -2.4404883158118547E+032
  -2.7629452009248624E+032
  -3.1278737267175696E+032
  -3.5408480292054838E+032
  -4.0081708417212506E+032
  -4.5369682842574677E+032
  -5.1352969175322910E+032
  -5.8122646385069866E+032
  -6.5781671952291241E+032
  -7.4446423254402625E+032
  -8.4248437785480048E+032
  -9.5336377678855372E+032
  -1.0787824723671282E+033
  -1.2206389581232000E+033
  -1.3810784248908866E+033
  -1.5625246361287509E+033
  -1.7677158942327826E+033
  -1.9997456186736548E+033
  -2.2621081224505195E+033
  -2.5587502471872081E+033
  -2.8941296002079655E+033
  -3.2732802302410398E+033
  -3.7018866832661072E+033
  -4.1863674978520242E+033
  -4.7339693316982813E+033
  -5.3528730597566748E+033
  -6.0523133512366006E+033
  -6.8427134201868485E+033
  -7.7358368546549344E+033
  -8.7449586653944510E+033
  -9.8850579597822087E+033
  -1.1173034943434555E+034
  -1.2627955284782688E+034
  -1.4271325250822126E+034
  -1.6127401440115866E+034
  -1.8223539407162764E+034
  -2.0590585996291185E+034
  -2.3263320789805487E+034
  -2.6280952731421927E+034
  -2.9687678720099083E+034
  -3.3533311790088683E+034
  -3.7873987410261535E+034
  -4.2772957460413111E+034
  -4.8301482586396512E+034
  -5.4539834912908944E+034
  -6.1578424517299770E+034
  -6.9519064656115000E+034
  -7.8476392506130908E+034
  -8.8579464153032058E+034
  -9.9973544755261882E+034
  -1.1282211725161112E+035
  -1.2730913569474697E+035
  -1.4364155230746648E+035
  -1.6205215070488618E+035
  -1.8280272143768281E+035
  -2.0618762012537750E+035
  -2.3253775300400679E+035
  -2.6222503975198432E+035
  -2.9566740902736214E+035
  -3.3333438829815460E+035
  -3.7575335632725930E+035
  -4.2351653414034198E+035
  -4.7728879851743999E+035
  -5.3781641106832019E+035
  -6.0593676584149759E+035
  -6.8258926924273784E+035
  -7.6882747786722446E+035
  -8.6583263274665022E+035
  -9.7492874254300484E+035
  -1.0975993834461055E+036
  -1.2355064000075860E+036
  -1.3905107089170640E+036
  -1.5646954268311306E+036
  -1.7603915638203027E+036
  -1.9802065457981209E+036
  -2.2270558524054666E+036
  -2.5041980811689912E+036
  -2.8152737742134975E+036
  -3.1643483702008296E+036
  -3.5559596712315681E+036
  -3.9951702418237650E+036
  -4.4876251842988309E+036
  -5.0396157613354437E+036
  -5.6581493612940899E+036
  -6.3510263241426639E+036
  -7.1269241641323319E+036
  -7.9954897381586412E+036
  -8.9674399139715919E+036
  -1.0054671287560790E+037
  -1.1270379481040369E+037
  -1.2629188517383533E+037
  -1.4147290711738217E+037
  -1.5842597435082480E+037
  -1.7734900987684361E+037
  -1.9846047658731994E+037
  -2.2200121834281822E+037
  -2.4823640735812067E+037
  -2.7745759010974075E+037
  -3.0998481938194349E+037
  -3.4616885425292882E+037
  -3.8639340252244085E+037
  -4.3107737096921969E+037
  -4.8067707750561431E+037
  -5.3568836528807528E+037
  -5.9664854156562634E+037
  -6.6413804280027028E+037
  -7.3878170152047127E+037
  -8.2124945843593352E+037
  -9.1225632429096842E+037
  -1.0125613482349581E+038
  -1.1229652912788710E+038
  -1.2443066324148341E+038
  -1.3774554484271649E+038
  -1.5233046029243948E+038
  -1.6827575515139702E+038
  -1.8567119132186391E+038
  -2.0460377669146493E+038
  -2.2515493980129059E+038
  -2.4739689352370258E+038
  -2.7138799683272631E+038
  -2.9716688101063157E+038
  -3.2474505422751917E+038
  -3.5409763407234879E+038
  -3.8515177844659354E+038
  -4.1777228767191262E+038
  -4.5174373020418404E+038
  -4.8674829530558463E+038
  -5.2233839122119678E+038
  -5.5790277773546875E+038
  -5.9262473589075791E+038
  -6.2543042044092102E+038
  -6.5492509359540028E+038
  -6.7931437804577992E+038
  -6.9630696318948129E+038
  -7.0299431361489625E+038
  -6.9570181873984404E+038
  -6.6980443952608901E+038
  -6.1949822330509758E+038
  -5.3751715449649618E+038
  -4.1478337941894401E+038
  -2.3998327725979848E+038
  -2.1792867149562020E+034
