   0.0000000000000000     
  -1.1011010049952404E-016
  -2.2202674167654754E-016
  -3.3758605831516434E-016
  -4.5868389801645015E-016
  -5.8730692197196080E-016
  -7.2556519390407622E-016
  -8.7572679170402162E-016
  -1.0402550094369860E-015
  -1.2218487598315568E-015
  -1.4234868398229944E-015
  -1.6484767850360033E-015
  -1.9005091143100677E-015
  -2.1837178537215806E-015
  -2.5027483324897608E-015
  -2.8628333623544609E-015
  -3.2698790494368909E-015
  -3.7305616454910668E-015
  -4.2524370264120128E-015
  -4.8440645928519933E-015
  -5.5151476242002498E-015
  -6.2766923868791182E-015
  -7.1411886053195753E-015
  -8.1228142541398986E-015
  -9.2376680287004042E-015
  -1.0504033304877693E-014
  -1.1942677915027828E-014
  -1.3577194654146656E-014
  -1.5434388097806795E-014
  -1.7544714072493026E-014
  -1.9942778981908863E-014
  -2.2667907173826603E-014
  -2.5764785647175036E-014
  -2.9284196666574835E-014
  -3.3283850292208770E-014
  -3.7829330470357869E-014
  -4.2995170190972684E-014
  -4.8866073333772998E-014
  -5.5538303228232264E-014
  -6.3121260684789364E-014
  -7.1739277359496640E-014
  -8.1533653842928434E-014
  -9.2664975874344195E-014
  -1.0531574663952224E-013
  -1.1969337829001279E-013
  -1.3603359170765033E-013
  -1.5460428022743666E-013
  -1.7570990063393714E-013
  -1.9969646338565166E-013
  -2.2695720383994552E-013
  -2.5793902740888066E-013
  -2.9314983425643597E-013
  -3.3316684355785189E-013
  -3.7864605371820250E-013
  -4.3033299355803302E-013
  -4.8907494062381717E-013
  -5.5583480681649898E-013
  -6.3170691884615448E-013
  -7.1793495206220033E-013
  -8.1593231148498270E-013
  -9.2730529395374646E-013
  -1.0538794108644527E-012
  -1.1977293027448153E-012
  -1.3612127357511190E-012
  -1.5470092370354428E-012
  -1.7581640019177887E-012
  -1.9981377921496611E-012
  -2.2708636426879091E-012
  -2.5808113059170876E-012
  -2.9330604889913298E-012
  -3.3333840839879858E-012
  -3.7883427542333064E-012
  -4.3053924261551903E-012
  -4.8930064473848830E-012
  -5.5608144120293651E-012
  -6.3197599270018386E-012
  -7.1822799034984577E-012
  -8.1625083102240844E-012
  -9.2765077255698761E-012
  -1.0542532481189536E-011
  -1.1981327706762328E-011
  -1.3616469173638996E-011
  -1.5474749503166368E-011
  -1.7586617064715011E-011
  -1.9986674751220833E-011
  -2.2714246800520036E-011
  -2.5814022944957694E-011
  -2.9336790437922355E-011
  -3.3340265944828930E-011
  -3.7890040921193032E-011
  -4.3060655958576076E-011
  -4.8936821690747531E-011
  -5.5614806251970270E-011
  -6.3204012006143614E-011
  -7.1828767364266888E-011
  -8.1630363029032310E-011
  -9.2769366006953657E-011
  -1.0542824927577797E-010
  -1.1981438016243609E-010
  -1.3616341635903455E-010
  -1.5474316517747924E-010
  -1.7585796922646040E-010
  -1.9985369031181257E-010
  -2.2712337315371837E-010
  -2.5811368164209238E-010
  -2.9333221299686428E-010
  -3.3335580956970263E-010
  -3.7884000435312225E-010
  -4.3052975481910212E-010
  -4.8927164079593684E-010
  -5.5602772605408276E-010
  -6.3189131050131728E-010
  -7.1810483083012294E-010
  -8.1608020262211994E-010
  -9.2742193687088002E-010
  -1.0539534092892994E-009
  -1.1977467123637341E-009
  -1.3611565787484234E-009
  -1.5468589312195785E-009
  -1.7578946901188334E-009
  -1.9977195552491400E-009
  -2.2702605769500433E-009
  -2.5799804421728822E-009
  -2.9319505276171351E-009
  -3.3319339154419062E-009
  -3.7864797300779777E-009
  -4.3030303399023766E-009
  -4.8900431780289348E-009
  -5.5571291756577632E-009
  -6.3152100732262321E-009
  -7.1766971834594828E-009
  -8.1556945313811568E-009
  -9.2682296951551761E-009
  -1.0532516124809403E-008
  -1.1969251230853587E-008
  -1.3601955119968910E-008
  -1.5457355519884555E-008
  -1.7565825191141995E-008
  -1.9961878982036769E-008
  -2.2684738658660367E-008
  -2.5778974750596175E-008
  -2.9295235912581357E-008
  -3.3291077733930787E-008
  -3.7831904554136862E-008
  -4.2992039691406877E-008
  -4.8855941591200326E-008
  -5.5519585788422628E-008
  -6.3092035288841016E-008
  -7.1697225056851110E-008
  -8.1475989798322075E-008
  -9.2588368206131483E-008
  -1.0521622135721817E-007
  -1.1956620808744740E-007
  -1.3587316600828478E-007
  -1.5440395346264746E-007
  -1.7546181525477989E-007
  -1.9939134355380376E-007
  -2.2658411510272160E-007
  -2.5748509692319652E-007
  -2.9259992527214772E-007
  -3.3250317688448681E-007
  -3.7784776776055566E-007
  -4.2937563319219282E-007
  -4.8792986366917247E-007
  -5.5446849511039582E-007
  -6.3008017891070060E-007
  -7.1600198802651056E-007
  -8.1363965024404944E-007
  -9.2459053945316135E-007
  -1.0506698008363932E-006
  -1.1939400371136716E-006
  -1.3567450411948653E-006
  -1.5417481267369979E-006
  -1.7519756832607107E-006
  -1.9908666678799137E-006
  -2.2623288427347813E-006
  -2.5708026774769527E-006
  -2.9213339614384566E-006
  -3.3196563124695579E-006
  -3.7722849311811934E-006
  -4.2866231331176907E-006
  -4.8710834002177414E-006
  -5.5352249302078496E-006
  -6.2899099321893988E-006
  -7.1474812230324582E-006
  -8.1219640272814076E-006
  -9.2292952787955070E-006
  -1.0487584171752853E-005
  -1.1917408219279646E-005
  -1.3542149658169583E-005
  -1.5388377697407383E-005
  -1.7486282857274449E-005
  -1.9870170496927958E-005
  -2.2579021595408802E-005
  -2.5657129949843504E-005
  -2.9154826203106587E-005
  -3.3129300531793361E-005
  -3.7645537437186425E-005
  -4.2777377913305142E-005
  -4.8608726347014652E-005
  -5.5234921869520628E-005
  -6.2764296564998075E-005
  -7.1319945994464932E-005
  -8.1041740961156213E-005
  -9.2088613384212702E-005
  -1.0464115362481228E-004
  -1.1890456169604655E-004
  -1.3511200056794278E-004
  -1.5352840634642095E-004
  -1.7445481756688528E-004
  -1.9823329432139953E-004
  -2.2525250757140448E-004
  -2.5595408994296559E-004
  -2.9083985173726577E-004
  -3.3047998001849366E-004
  -3.7552235469506991E-004
  -4.2670313375036594E-004
  -4.8485878050343642E-004
  -5.5093972932709749E-004
  -6.2602591300427808E-004
  -7.1134440530062079E-004
  -8.0828946686795425E-004
  -9.1844532183316986E-004
  -1.0436120370106423E-003
  -1.1858349263312684E-003
  -1.3474379606341225E-003
  -1.5310617283569154E-003
  -1.7397065669559546E-003
  -1.9767815692975847E-003
  -2.2461602651685161E-003
  -2.5522438870170449E-003
  -2.9000332528389254E-003
  -3.2952104397806128E-003
  -3.7442315818438559E-003
  -4.2544323066466480E-003
  -4.8341475324887723E-003
  -5.4928475813513207E-003
  -6.2412928297525165E-003
  -7.0917094219312147E-003
  -8.0579889135704609E-003
  -9.1559151048138804E-003
  -1.0403421765038411E-002
  -1.1820885455966013E-002
  -1.3431458232447555E-002
  -1.5261445650976735E-002
  -1.7340736255304575E-002
  -1.9703289548484392E-002
  -2.2387690414983282E-002
  -2.5437779040713253E-002
  -2.8903366610646304E-002
  -3.2841048463172304E-002
  -3.7315127970359664E-002
  -4.2398666219716670E-002
  -4.8174674625383648E-002
  -5.4737469928380862E-002
  -6.2194213694615502E-002
  -7.0666661429009375E-002
  -8.0293149843421494E-002
  -9.1230854700758424E-002
 -0.10365835607112903     
 -0.11777855285006739     
 -0.13382197408546626     
 -0.15205054113180841     
 -0.17276184200306324     
 -0.19629398764909836     
 -0.22303112937081809     
 -0.25340972737118556     
 -0.28792567268856900     
 -0.32714237867514229     
 -0.37169997399319571     
 -0.42232574706387399     
 -0.47984601230880497     
 -0.54519959170789856     
 -0.61945313153411563     
 -0.70381850404745283     
 -0.79967257792340252     
 -0.90857967980967191     
  -1.0323171132783244     
  -1.1729041512836516     
  -1.3326349748611999     
  -1.5141160951331309     
  -1.7203088687676489     
  -1.9545778000663760     
  -2.2207454171759986     
  -2.5231546170759964     
  -2.8667394957285528     
  -3.2571058180730414     
  -3.7006224396587486     
  -4.2045251701951205     
  -4.7770347720662816     
  -5.4274910172088200     
  -6.1665049874410061     
  -7.0061321006201318     
  -7.9600686827347094     
  -9.0438752897104919     
  -10.275230418572381     
  -11.674218742756860     
  -13.263658568875313     
  -15.069473851248166     
  -17.121116826469017     
  -19.452048154938161     
  -22.100282393154945     
  -25.109007684832353     
  -28.527289767924618     
  -32.410871768124196     
  -36.823082809650117     
  -41.835870246617695     
  -47.530972331805970     
  -54.001250427003797     
  -61.352202457553638     
  -69.703682265523682     
  -79.191852869172592     
  -89.971405445609193     
  -102.21808018079439     
  -116.13153004671614     
  -131.93857414969619     
  -149.89689363724344     
  -170.29923035688861     
  -193.47815664629260     
  -219.81149393282450     
  -249.72846838408029     
  -283.71670385034361     
  -322.33016597103364     
  -366.19818680153327     
  -416.03571690638199     
  -472.65497184584103     
  -536.97866268036375     
  -610.05502590080766     
  -693.07489748074715     
  -787.39110901744243     
  -894.54052172111619     
  -1016.2690569429245     
  -1154.5601306987132     
  -1311.6669550415122     
  -1490.1492320617547     
  -1692.9148377738436     
  -1923.2671743434328     
  -2184.9589613421390     
  -2482.2533414852592     
  -2819.9932953171487     
  -3203.6804944934597     
  -3639.5648768676092     
  -4134.7464010174572     
  -4697.2906359833578     
  -5336.3600670518790     
  -6062.3632540696517     
  -6887.1242691652706     
  -7824.0751706146957     
  -8888.4746442695923     
  -10097.656369568916     
  -11471.311150590302     
  -13031.807401726861     
  -14804.555201322743     
  -16818.419835104582     
  -19106.191556020840     
  -21705.119201226164     
  -24657.516345278375     
  -28011.449848025411     
  -31821.521995313273     
  -36149.758952312084     
  -41066.619977661059     
  -46652.143809856250     
  -52997.250867245755     
  -60205.222435883130     
  -68393.380896470786     
  -77694.998309438452     
  -88261.464388930530     
  -100264.74911241507     
  -113900.20000125474     
  -129389.71954667690     
  -146985.37443348794     
  -166973.49523093016     
  -189679.33319024241     
  -215472.34984118797     
  -244772.22536206790     
  -278055.68337650853     
  -315864.24309524056     
  -358813.02478755213     
  -407600.75167973223     
  -463021.11081444996     
  -525975.65748120437     
  -597488.47290210868     
  -678722.81333639938     
  -771000.02111346438     
  -875821.00484294363     
  -994890.63777786854     
  -1130145.4707001615     
  -1283785.2095262979     
  -1458308.4689681504     
  -1656553.3830221533     
  -1881743.7319257758     
  -2137541.3347936706     
  -2428105.5588801759     
  -2758160.9119608672     
  -3133073.8155582575     
  -3558939.8057847121     
  -4042682.5778572303     
  -4592166.4826001916     
  -5216324.3016123110     
  -5925302.3757749833     
  -6730625.4434436280     
  -7645383.8645600984     
  -8684446.2702410873     
  -9864701.0900271051     
  -11205330.877610879     
  -12728123.888102576     
  -14457827.964362826     
  -16422552.476444956     
  -18654224.837866135     
  -21189109.007915068     
  -24068394.394857615     
  -27338864.717024691     
  -31053657.675875012     
  -35273127.768244565     
  -40065826.238004692     
  -45509614.067368723     
  -51692926.065908745     
  -58716206.565942369     
  -66693540.016039267     
  -75754502.925081283     
  -86046267.198806465     
  -97735988.987240672     
  -111013521.79092334     
  -126094497.83137521     
  -143223827.66201618     
  -162679674.77645347     
  -184777969.67156759     
  -209877536.56787455     
  -238385915.92088422     
  -270765977.13547492     
  -307543428.70332992     
  -349315347.52866954     
  -396759865.72542232     
  -450647171.92710167     
  -511852005.45274681     
  -581367845.86327875     
  -660323027.91420507     
  -749999043.10756075     
  -851851324.47337425     
  -967532851.44232047     
  -1098920957.3578475     
  -1248147774.0574622     
  -1417634806.8688109     
  -1610132200.2702687     
  -1828763330.4407673     
  -2077075447.1990936     
  -2359097185.8050537     
  -2679403880.3491020     
  -3043191736.7934437     
  -3456362067.1904087     
  -3925616949.5141115     
  -4458567862.5346918     
  -5063859055.2334347     
  -5751307648.7999668     
  -6532062740.1280336     
  -7418786083.3153763     
  -8425857274.9507132     
  -9569606765.5856285     
  -10868580470.155050     
  -12343840261.509893     
  -14019305211.928427     
  -15922139106.868422     
  -18083190503.971142     
  -20537492460.535534     
  -23324830018.091553     
  -26490384628.920326     
  -30085465954.116295     
  -34168342876.180328     
  -38805187174.017441     
  -44071145130.524094     
  -50051554412.137238     
  -56843325909.216644     
  -64556512893.906181     
  -73316092881.273605     
  -83263991018.999847     
  -94561377736.243408     
  -107391277816.63150     
  -121961533095.25246     
  -138508166696.37119     
  -157299203219.69116     
  -178639006653.17465     
  -202873206158.72931     
  -230394289378.60226     
  -261647953698.51349     
  -297140318152.59314     
  -337446112562.81775     
  -383217976296.39038     
  -435197016953.28375     
  -494224799652.35986     
  -561256960696.65344     
  -637378665639.58008     
  -723822161567.48450     
  -821986707240.87256     
  -933461203142.70850     
  -1060049887086.9847     
  -1203801510547.9026     
  -1367042467078.1416     
  -1552414408000.5537     
  -1762916953010.6023     
  -2001956185585.5999     
  -2273399716487.9736     
  -2581639204679.5503     
  -2931661345342.0396     
  -3329128471366.6104     
  -3780470069836.2788     
  -4292986691180.3804     
  -4874967928670.5576     
  -5535826372976.3691     
  -6286249704265.6211     
  -7138373376974.5811     
  -8105976684602.6748     
  -9204705369059.2676     
  -10452324367284.535     
  -11869004773981.889     
  -13477649651168.111     
  -15304263941760.586     
  -17378374455671.229     
  -19733506704321.496     
  -22407726276137.375     
  -25444253486191.293     
  -28892161214487.723     
  -32807167188464.754     
  -37252533487698.961     
  -42300087777067.984     
  -48031382736568.984     
  -54539012383195.352     
  -61928106508590.688     
  -70318027326323.617     
  -79844295680752.109     
  -90660777868006.750     
  -102942168318134.77     
  -116886808153468.98     
  -132719885048497.83     
  -150697065957958.16     
  -171108621251342.53     
  -194284106705650.00     
  -220597678791295.59     
  -250474128883100.25     
  -284395733603195.38     
  -322910031641614.06     
  -366638652314565.31     
  -416287338049676.00     
  -472657322203992.38     
  -536658245433153.12     
  -609322818589481.25     
  -691823468230710.12     
  -785491232721307.12     
  -891837213117487.62     
  -1012576924126805.6     
  -1149657937083989.5     
  -1305291259835883.2     
  -1481986958530516.5     
  -1682594594523818.8     
  -1910349127047914.5     
  -2168923020170731.5     
  -2462485392329043.5     
  -2795769159937652.0     
  -3174147255083895.5     
  -3603719143171958.0     
  -4091409031926682.5     
  -4645077351058850.0     
  -5273647295148389.0     
  -5987248464340969.0     
  -6797379912160347.0     
  -7717095221521117.0     
  -8761212583885794.0     
  -9946553258122632.0     
  -11292212241427678.     
  -12819865501986442.     
  -14554118710162582.     
  -16522903071327514.     
  -18757924619668472.     
  -21295174190556752.     
  -24175506263079836.     
  -27445295969752216.     
  -31157184824936004.     
  -35370927147226468.     
  -40154350766802472.     
  -45584447442393208.     
  -51748610493445296.     
  -58746039514620768.     
  -66689334719739776.     
  -75706306503620608.     
  -85942029261665056.     
  -97561172423749328.     
  -1.1075064610371514E+017
  -1.2572260380966086E+017
  -1.4271785038404262E+017
  -1.6200970983791379E+017
  -1.8390841511440106E+017
  -2.0876609018067094E+017
  -2.3698240433900144E+017
  -2.6901098941797350E+017
  -3.0536672272650950E+017
  -3.4663399252198029E+017
  -3.9347607848065965E+017
  -4.4664579751605325E+017
  -5.0699758555357267E+017
  -5.7550120886258886E+017
  -6.5325732463659904E+017
  -7.4151514011605325E+017
  -8.4169245313939098E+017
  -9.5539839512277414E+017
  -1.0844592407168128E+018
  -1.2309476974601347E+018
  -1.3972161444287690E+018
  -1.5859343520562194E+018
  -1.8001322869806502E+018
  -2.0432486871073482E+018
  -2.3191861843549527E+018
  -2.6323738572560051E+018
  -2.9878382143772201E+018
  -3.3912837443084017E+018
  -3.8491843208918385E+018
  -4.3688869258661105E+018
  -4.9587293479474678E+018
  -5.6281737407080294E+018
  -6.3879581749950444E+018
  -7.2502686091098276E+018
  -8.2289340261124526E+018
  -9.3396478576382239E+018
  -1.0600219233402722E+019
  -1.2030858071824278E+019
  -1.3654498567495535E+019
  -1.5497166244198566E+019
  -1.7588394437545701E+019
  -1.9961696860218425E+019
  -2.2655103797733519E+019
  -2.5711770497941471E+019
  -2.9180667469222597E+019
  -3.3117363708927980E+019
  -3.7584915365812814E+019
  -4.2654874021620335E+019
  -4.8408430684351250E+019
  -5.4937713749445485E+019
  -6.2347261639531938E+019
  -7.0755693617608434E+019
  -8.0297605426779128E+019
  -9.1125719992221499E+019
  -1.0341332748483948E+020
  -1.1735705365568607E+020
  -1.3318000057897332E+020
  -1.5113530987242737E+020
  -1.7151020519112907E+020
  -1.9463057842168693E+020
  -2.2086619265882853E+020
  -2.5063658486373184E+020
  -2.8441776223854310E+020
  -3.2274979898133650E+020
  -3.6624545441075121E+020
  -4.1559994969706090E+020
  -4.7160205886432484E+020
  -5.3514669062892487E+020
  -6.0724916134478401E+020
  -6.8906138621087462E+020
  -7.8189024638863475E+020
  -8.8721842425909071E+020
  -1.0067280382700852E+021
  -1.1423274533046966E+021
  -1.2961816929476309E+021
  -1.4707469372363928E+021
  -1.6688096543647324E+021
  -1.8935309883848948E+021
  -2.1484971083978257E+021
  -2.4377763193479239E+021
  -2.7659838418492032E+021
  -3.1383552901614000E+021
  -3.5608300154333582E+021
  -4.0401456378204746E+021
  -4.5839452685385744E+021
  -5.2008991241450606E+021
  -5.9008424635216209E+021
  -6.6949320367788010E+021
  -7.5958235287015569E+021
  -8.6178728120432040E+021
  -9.7773642032101636E+021
  -1.1092769340620806E+022
  -1.2585040791024941E+022
  -1.4277945038994881E+022
  -1.6198440138327426E+022
  -1.8377104011070712E+022
  -2.0848620181468781E+022
  -2.3652328640947576E+022
  -2.6832850570686522E+022
  -3.0440796816581981E+022
  -3.4533571335934915E+022
  -3.9176282336867408E+022
  -4.4442775533960718E+022
  -5.0416805873740960E+022
  -5.7193366271827082E+022
  -6.4880194384268506E+022
  -7.3599481247903481E+022
  -8.3489808812743953E+022
  -9.4708347003625634E+022
  -1.0743334504553223E+023
  -1.2186695643157781E+023
  -1.3823844217767277E+023
  -1.5680780297620977E+023
  -1.7786989762652945E+023
  -2.0175911278881047E+023
  -2.2885465780089632E+023
  -2.5958656815101090E+023
  -2.9444251236809787E+023
  -3.3397550975105438E+023
  -3.7881268070717139E+023
  -4.2966516773387908E+023
  -4.8733938351164495E+023
  -5.5274976346878823E+023
  -6.2693322385876107E+023
  -7.1106555322840838E+023
  -8.0647999557260089E+023
  -9.1468831794313056E+023
  -1.0374046943480016E+024
  -1.1765727820532175E+024
  -1.3343964165762044E+024
  -1.5133744085236941E+024
  -1.7163399898671989E+024
  -1.9465055302744591E+024
  -2.2075132268677402E+024
  -2.5034925645537044E+024
  -2.8391254503308338E+024
  -3.2197200453898329E+024
  -3.6512944552614519E+024
  -4.1406715928659903E+024
  -4.6955867044934860E+024
  -5.3248092472280032E+024
  -6.0382810312209825E+024
  -6.8472727950261095E+024
  -7.7645616709056664E+024
  -8.8046323241071755E+024
  -9.9839049206878400E+024
  -1.1320993498307028E+025
  -1.2836998790053923E+025
  -1.4555840090235351E+025
  -1.6504631361505860E+025
  -1.8714107474278828E+025
  -2.1219107252771347E+025
  -2.4059120889491091E+025
  -2.7278910295266079E+025
  -3.0929212090672320E+025
  -3.5067534234620305E+025
  -3.9759058746952234E+025
  -4.5077664636860528E+025
  -5.1107087023448206E+025
  -5.7942230557893873E+025
  -6.5690657661383352E+025
  -7.4474274816505771E+025
  -8.4431243234388174E+025
  -9.5718143713243093E+025
  -1.0851242946032160E+026
  -1.2301520512974039E+026
  -1.3945437540261057E+026
  -1.5808821218181739E+026
  -1.7920939598051751E+026
  -2.0314959445149581E+026
  -2.3028464934777681E+026
  -2.6104045265215466E+026
  -2.9589960331041486E+026
  -3.3540894811501403E+026
  -3.8018812399966108E+026
  -4.3093923453201429E+026
  -4.8845781097082456E+026
  -5.5364522815608758E+026
  -6.2752276803251387E+026
  -7.1124754911463215E+026
  -8.0613056907846203E+026
  -9.1365714035389467E+026
  -1.0355100355960721E+027
  -1.1735957018015353E+027
  -1.3300739492488440E+027
  -1.5073915751113334E+027
  -1.7083204423348618E+027
  -1.9360006031270500E+027
  -2.1939891342201752E+027
  -2.4863154391392750E+027
  -2.8175438723783178E+027
  -3.1928446531853589E+027
  -3.6180741643073573E+027
  -4.0998658754976159E+027
  -4.6457332950502276E+027
  -5.2641865375919552E+027
  -5.9648643056549539E+027
  -6.7586833193653646E+027
  -7.6580074965223550E+027
  -8.6768394884910591E+027
  -9.8310375203061392E+027
  -1.1138560871398533E+028
  -1.2619747772316460E+028
  -1.4297629989383520E+028
  -1.6198288930963092E+028
  -1.8351258744405263E+028
  -2.0789982591477642E+028
  -2.3552329103019831E+028
  -2.6681176933027643E+028
  -3.0225076372286977E+028
  -3.4238998157770896E+028
  -3.8785180944067788E+028
  -4.3934090407217435E+028
  -4.9765504652204372E+028
  -5.6369742518654101E+028
  -6.3849053553994131E+028
  -7.2319190882239477E+028
  -8.1911190976659097E+028
  -9.2773387487694327E+028
  -1.0507368983087899E+029
  -1.1900216125652333E+029
  -1.3477393566385865E+029
  -1.5263251755529039E+029
  -1.7285351532828854E+029
  -1.9574886466011721E+029
  -2.2167160615216841E+029
  -2.5102128977689381E+029
  -2.8425008813631312E+029
  -3.2186971123805217E+029
  -3.6445922758229464E+029
  -4.1267391001094689E+029
  -4.6725524020194353E+029
  -5.2904222312637995E+029
  -5.9898418248298670E+029
  -6.7815523037561785E+029
  -7.6777062963474745E+029
  -8.6920529557567286E+029
  -9.8401471605421331E+029
  -1.1139586048990822E+030
  -1.2610276447034688E+030
  -1.4274737211498866E+030
  -1.6158441032024547E+030
  -1.8290200823969777E+030
  -2.0702606509571156E+030
  -2.3432518735407964E+030
  -2.6521626921757372E+030
  -3.0017079996177508E+030
  -3.3972199243600019E+030
  -3.8447283924133042E+030
  -4.3510521685454486E+030
  -4.9239017349161922E+030
  -5.5719955402331694E+030
  -6.3051913502288817E+030
  -7.1346346532889314E+030
  -8.0729263266793263E+030
  -9.1343120526675572E+030
  -1.0334896294010242E+031
  -1.1692883999409545E+031
  -1.3228853616824605E+031
  -1.4966065451821711E+031
  -1.6930809926054815E+031
  -1.9152800874912610E+031
  -2.1665619681709255E+031
  -2.4507216787941670E+031
  -2.7720477955674455E+031
  -3.1353863600957678E+031
  -3.5462130579735110E+031
  -4.0107147005037823E+031
  -4.5358812023335756E+031
  -5.1296093997807013E+031
  -5.8008202258418560E+031
  -6.5595909507196149E+031
  -7.4173044138982787E+031
  -8.3868174183790195E+031
  -9.4826507330740737E+031
  -1.0721203459400815E+032
  -1.2120994867125576E+032
  -1.3702937197331281E+032
  -1.5490643372464537E+032
  -1.7510774050866015E+032
  -1.9793429022859260E+032
  -2.2372588575061032E+032
  -2.5286611157711863E+032
  -2.8578794486188731E+032
  -3.2298008103307673E+032
  -3.6499406435721014E+032
  -4.1245232509300014E+032
  -4.6605723760150511E+032
  -5.2660132806954158E+032
  -5.9497877655831220E+032
  -6.7219837612343351E+032
  -7.5939813200617307E+032
  -8.5786170663747076E+032
  -9.6903694172683579E+032
  -1.0945567173635949E+033
  -1.2362624402138955E+033
  -1.3962304889731458E+033
  -1.5768019856990358E+033
  -1.7806163070284383E+033
  -2.0106488001565520E+033
  -2.2702532254803507E+033
  -2.5632095117074946E+033
  -2.8937774808163195E+033
  -3.2667572804246229E+033
  -3.6875573508894447E+033
  -4.1622708549348756E+033
  -4.6977616100335975E+033
  -5.3017606895326095E+033
  -5.9829749991497553E+033
  -6.7512092926797955E+033
  -7.6175032664277497E+033
  -8.5942855681290765E+033
  -9.6955467752429471E+033
  -1.0937033642085806E+034
  -1.2336467188149355E+034
  -1.3913787504258841E+034
  -1.5691428492438818E+034
  -1.7694626133283471E+034
  -1.9951764295483299E+034
  -2.2494762570565122E+034
  -2.5359511136938849E+034
  -2.8586358236585092E+034
  -3.2220656491265015E+034
  -3.6313374999659778E+034
  -4.0921784949631674E+034
  -4.6110227358771128E+034
  -5.1950972530168896E+034
  -5.8525181888268238E+034
  -6.5923984051803664E+034
  -7.4249678318097920E+034
  -8.3617080187053266E+034
  -9.4155025156533184E+034
  -1.0600804878680335E+035
  -1.1933826297438921E+035
  -1.3432745050997576E+035
  -1.5117940233636443E+035
  -1.7012252448713589E+035
  -1.9141274449110281E+035
  -2.1533675008864979E+035
  -2.4221559644039954E+035
  -2.7240872163265299E+035
  -3.0631841421323603E+035
  -3.4439478073982719E+035
  -3.8714126590246816E+035
  -4.3512078270166244E+035
  -4.8896251542795401E+035
  -5.4936946379728002E+035
  -6.1712680254060163E+035
  -6.9311113700883170E+035
  -7.7830074190551422E+035
  -8.7378687705565832E+035
  -9.8078628109642731E+035
  -1.1006549510475057E+036
  -1.2349033227706015E+036
  -1.3852129742078319E+036
  -1.5534549798033973E+036
  -1.7417100504144912E+036
  -1.9522905979936555E+036
  -2.1877648679848978E+036
  -2.4509832842335897E+036
  -2.7451071506637218E+036
  -3.0736398502841228E+036
  -3.4404606743378657E+036
  -3.8498614014931174E+036
  -4.3065857275310181E+036
  -4.8158716183636706E+036
  -5.3834966214048129E+036
  -6.0158261198816241E+036
  -6.7198644486686776E+036
  -7.5033087050756646E+036
  -8.3746049794159142E+036
  -9.3430065929128330E+036
  -1.0418633758275942E+037
  -1.1612533863505055E+037
  -1.2936741312997479E+037
  -1.4404335530779889E+037
  -1.6029495325313193E+037
  -1.7827547317701186E+037
  -1.9815005525788741E+037
  -2.2009598452003421E+037
  -2.4430279114362350E+037
  -2.7097212353293655E+037
  -3.0031732399917063E+037
  -3.3256262053320933E+037
  -3.6794182823304056E+037
  -4.0669642975680406E+037
  -4.4907287477666993E+037
  -4.9531890268771138E+037
  -5.4567864940440355E+037
  -6.0038624626813216E+037
  -6.5965755481774852E+037
  -7.2367960288570257E+037
  -7.9259719201780210E+037
  -8.6649602966698447E+037
  -9.4538159713032275E+037
  -1.0291527897489065E+038
  -1.1175691519439967E+038
  -1.2102102668042786E+038
  -1.3064255363607487E+038
  -1.4052721895428526E+038
  -1.5054388613912000E+038
  -1.6051514757704243E+038
  -1.7020574046583544E+038
  -1.7930829321561156E+038
  -1.8742578725806549E+038
  -1.9404997185202224E+038
  -1.9853478500616013E+038
  -2.0006360259472531E+038
  -1.9760884890584194E+038
  -1.8988214351218337E+038
  -1.7527272506821565E+038
  -1.5177140673915255E+038
  -1.1687696879264562E+038
  -6.7483132579014300E+037
  -6.1281392603645040E+033
