   0.0000000000000000     
  -1.1011010049952404E-016
  -2.2254643453261874E-016
  -3.3968433527452452E-016
  -4.6399841112863250E-016
  -5.9811482051081760E-016
  -7.4486674598829727E-016
  -9.0735423950282127E-016
  -1.0890097026719076E-015
  -1.2936703851200787E-015
  -1.5256594319552335E-015
  -1.7898771920007093E-015
  -2.0919047150312088E-015
  -2.4381216236135966E-015
  -2.8358408486542875E-015
  -3.2934630738103223E-015
  -3.8206541500477201E-015
  -4.4285492266126114E-015
  -5.1299879087560957E-015
  -5.9397854076301603E-015
  -6.8750454076779804E-015
  -7.9555212576186215E-015
  -9.2040331113663631E-015
  -1.0646949826464905E-014
  -1.2314745794791296E-014
  -1.4242644462252890E-014
  -1.6471362124355922E-014
  -1.9047967701497524E-014
  -2.2026876646309571E-014
  -2.5470999967043901E-014
  -2.9453072625603925E-014
  -3.4057189355514761E-014
  -3.9380580323809045E-014
  -4.5535664123906867E-014
  -5.2652421440951222E-014
  -6.0881139500287046E-014
  -7.0395585236713998E-014
  -8.1396674171992912E-014
  -9.4116712451843288E-014
  -1.0882430159217328E-013
  -1.2583000947287213E-013
  -1.4549292729138859E-013
  -1.6822825088885965E-013
  -1.9451604648339541E-013
  -2.2491138584457220E-013
  -2.6005606484781328E-013
  -3.0069215276712174E-013
  -3.4767765830483564E-013
  -4.0200464303310680E-013
  -4.6482016457643581E-013
  -5.3745049158785386E-013
  -6.2142910162348967E-013
  -7.1852905285841613E-013
  -8.3080041289552056E-013
  -9.6061353464649478E-013
  -1.1107090926619391E-012
  -1.2842559359597415E-012
  -1.4849179783577884E-012
  -1.7169315380392126E-012
  -1.9851947585900007E-012
  -2.2953709987025013E-012
  -2.6540083725134783E-012
  -3.0686779633612843E-012
  -3.5481336277941432E-012
  -4.1024967622541905E-012
  -4.7434699316118769E-012
  -5.4845838677457955E-012
  -6.3414830505026898E-012
  -7.3322558974867011E-012
  -8.4778165303909347E-012
  -9.8023461738557434E-012
  -1.1333803501075024E-011
  -1.3104514695118152E-011
  -1.5151855676879774E-011
  -1.7519040895193745E-011
  -2.0256035322973195E-011
  -2.3420608902694022E-011
  -2.7079555689958209E-011
  -3.1310103418653473E-011
  -3.6201543228663412E-011
  -4.1857113941920256E-011
  -4.8396180642805467E-011
  -5.5956753527766382E-011
  -6.4698400167491370E-011
  -7.4805612624484409E-011
  -8.6491700464455557E-011
  -1.0000329179398718E-010
  -1.1562553728343600E-010
  -1.3368812696351680E-010
  -1.5457224672925363E-010
  -1.7871862130758161E-010
  -2.0663681336290705E-010
  -2.3891597491172308E-010
  -2.7623727785175188E-010
  -3.1938828582909702E-010
  -3.6927957061548637E-010
  -4.2696392351042081E-010
  -4.9365856701831071E-010
  -5.7077083533275396E-010
  -6.5992786532347406E-010
  -7.6301092430894035E-010
  -8.8219509869306146E-010
  -1.0199951806097941E-009
  -1.1793187204392206E-009
  -1.3635273641890390E-009
  -1.5765077694632253E-009
  -1.8227535957491503E-009
  -2.1074602983051402E-009
  -2.4366347249468027E-009
  -2.8172218272056962E-009
  -3.2572511582501196E-009
  -3.7660062472246709E-009
  -4.3542204220802865E-009
  -5.0343032107009184E-009
  -5.8206020949455569E-009
  -6.7297051377096942E-009
  -7.7807908649852559E-009
  -8.9960327813328684E-009
  -1.0401067049182048E-008
  -1.2025533194229449E-008
  -1.3903699238990293E-008
  -1.6075184446733596E-008
  -1.8585794916125367E-008
  -2.1488489646301022E-008
  -2.4844497442946745E-008
  -2.8724608216276865E-008
  -3.3210665898589673E-008
  -3.8397294459871099E-008
  -4.4393893414295616E-008
  -5.1326944892034348E-008
  -5.9342680919278380E-008
  -6.8610167143269893E-008
  -7.9324868018465399E-008
  -9.1712768619776523E-008
  -1.0603513998307140E-007
  -1.2259404843908879E-007
  -1.4173872509053708E-007
  -1.6387292971396625E-007
  -1.8946346433014721E-007
  -2.1905001592095409E-007
  -2.5325653578784801E-007
  -2.9280439543745491E-007
  -3.3852759632601453E-007
  -3.9139035408578075E-007
  -4.5250742790508531E-007
  -5.2316762359440219E-007
  -6.0486096576266199E-007
  -6.9931011186083732E-007
  -8.0850667025300654E-007
  -9.3475318783259913E-007
  -1.0807116921911905E-006
  -1.2494598114868547E-006
  -1.4445556548593619E-006
  -1.6701128208653854E-006
  -1.9308871148484221E-006
  -2.2323768029124602E-006
  -2.5809385154344946E-006
  -2.9839212428390532E-006
  -3.4498212476160950E-006
  -3.9884611573244776E-006
  -4.6111970128724555E-006
  -5.3311576354394301E-006
  -6.1635213564094222E-006
  -7.1258359419731564E-006
  -8.2383884542075549E-006
  -9.5246328426321938E-006
  -1.1011684276637008E-005
  -1.2730890635398162E-005
  -1.4718493197571415E-005
  -1.7016390452419035E-005
  -1.9673021126674513E-005
  -2.2744385033143882E-005
  -2.6295223250688133E-005
  -3.0400382501988552E-005
  -3.5146392476068204E-005
  -4.0633289328662769E-005
  -4.6976723779689528E-005
  -5.4310398222484014E-005
  -6.2788884190430612E-005
  -7.2590879539080329E-005
  -8.3922973964571361E-005
  -9.7024002187223274E-005
  -1.1217007650807183E-004
  -1.2968040475654240E-004
  -1.4992401619079112E-004
  -1.7332753703685423E-004
  -2.0038417946137088E-004
  -2.3166413333084709E-004
  -2.6782657965639838E-004
  -3.0963357877880632E-004
  -3.5796612583376087E-004
  -4.1384271168275004E-004
  -4.7844078026231879E-004
  -5.5312153430439972E-004
  -6.3945861189748480E-004
  -7.3927123787730000E-004
  -8.5466254827269012E-004
  -9.8806389497170608E-004
  -1.1422860637079816E-003
  -1.3205784840497504E-003
  -1.5266976783682104E-003
  -1.7649863913114250E-003
  -2.0404650662102413E-003
  -2.3589375948283300E-003
  -2.7271135674124970E-003
  -3.1527495974285722E-003
  -3.6448126969960640E-003
  -4.2136691433156794E-003
  -4.8713028130907519E-003
  -5.6315675823739369E-003
  -6.5104791064835967E-003
  -7.5265521237264411E-003
  -8.7011903850849823E-003
  -1.0059137419952877E-002
  -1.1628997628747091E-002
  -1.3443838673748678E-002
  -1.5541887850983777E-002
  -1.7967337104372660E-002
  -2.0771273630384293E-002
  -2.4012755665167914E-002
  -2.7760056102228113E-002
  -3.2092100121480095E-002
  -3.7100127094310327E-002
  -4.2889611750012754E-002
  -4.9582485046011093E-002
  -5.7319701492445044E-002
  -6.6264206973730644E-002
  -7.6604369539041137E-002
  -8.8557945377660041E-002
 -0.10237666345885683     
 -0.11835152533632309     
 -0.13681893166823492     
 -0.15816776440234578     
 -0.18284757368721216     
 -0.21137804181884168     
 -0.24435992340583468     
 -0.28248769200083906     
 -0.32656415935538058     
 -0.37751737496429949     
 -0.43642016154832908     
 -0.50451269758817552     
 -0.58322862213753479     
 -0.67422521125449342     
 -0.77941826105963785     
 -0.90102241145695783     
  -1.0415977590232148     
  -1.2041037398905903     
  -1.3919614163992049     
  -1.6091254780975182     
  -1.8601674720382053     
  -2.1503720135531479     
  -2.4858480017620210     
  -2.8736571797175761     
  -3.3219627439552961     
  -3.8402011299688223     
  -4.4392805876446468     
  -5.1318107242120128     
  -5.9323678436468823     
  -6.8578016644095996     
  -7.9275898677271446     
  -9.1642479346532788     
  -10.593802893006943     
  -12.246340939451663     
  -14.156640455698740     
  -16.364903733762155     
  -18.917602801122964     
  -21.868457136220847     
  -25.279563838328595     
  -29.222704021893311     
  -33.780852911246164     
  -39.049925395096707     
  -45.140793751485873     
  -52.181619976957492     
  -60.320551768926720     
  -69.728838856631327     
  -80.604435214376309     
  -93.176162906803256     
  -107.70852512436360     
  -124.50726961624882     
  -143.92581950460871     
  -166.37270669955743     
  -192.32016421248872     
  -222.31405802858899     
  -256.98536736017007     
  -297.06345465236433     
  -343.39140433587443     
  -396.94375280848749     
  -458.84698239178920     
  -530.40321010820549     
  -613.11756927697900     
  -708.72985954704518     
  -819.25113070094665     
  -947.00596926200649     
  -1094.6813767957813     
  -1265.3832673346408     
  -1462.7017714818762     
  -1690.7867198332196     
  -1954.4348922774761     
  -2259.1908669983300     
  -2611.4635887907707     
  -3018.6611066317287     
  -3489.3463122445764     
  -4033.4169526914407     
  -4662.3137000854886     
  -5389.2606510515989     
  -6229.5433099611173     
  -7200.8298975370681     
  -8323.5427367122720     
  -9621.2875197431513     
  -11121.349476634148     
  -12855.266870451182     
  -14859.493869615952     
  -17176.166724892541     
  -19853.989348934749     
  -22949.256904530372     
  -26527.038906729224     
  -30662.546694752222     
  -35442.714002308538     
  -40968.023831015555     
  -47354.620005007280     
  -54736.747764154941     
  -63269.574664151754     
  -73132.451039128820     
  -84532.678514167332     
  -97709.865724866948     
  -112940.96273302290     
  -130546.07988034083     
  -150895.21329518806     
  -174416.01830644417     
  -201602.79402323737     
  -233026.86777163457     
  -269348.59747302748     
  -311331.24402099557     
  -359857.00497687492     
  -415945.54628321133     
  -480775.42114114319     
  -555708.82581327576     
  -642320.21216990601     
  -742429.35776376422     
  -858139.58779591357     
  -991881.95148682967     
  -1146466.2803614808     
  -1325140.2004183277     
  -1531657.3371108512     
  -1770356.1450297285     
  -2046251.0171828545     
  -2365137.5865080850     
  -2733714.4301274749     
  -3159723.7311113621     
  -3652113.8503884198     
  -4221227.2212605979     
  -4879017.5104062119     
  -5639300.6034283182     
  -6518044.6828127634     
  -7533705.4864901518     
  -8707613.7832557857     
  -10064423.196977261     
  -11632627.777792322     
  -13445160.181928894     
  -15540083.013057997     
  -17961387.832689468     
  -20759918.606032465     
  -23994438.960340273     
  -27732865.649789132     
  -32053694.107670899     
  -37047645.996225715     
  -42819573.321298249     
  -49490659.060816512     
  -57200960.475709967     
  -66112348.459710233     
  -76411904.591216370     
  -88315847.150213808     
  -102074068.45737191     
  -117975378.71349272     
  -136353566.33421764     
  -157594401.89792594     
  -182143732.61301669     
  -210516837.07905090     
  -243309236.54388621     
  -281209189.39989418     
  -325012130.95674068     
  -375637361.31576729     
  -434147331.30657285     
  -501769930.91781116     
  -579924247.60304379     
  -670250334.58789134     
  -774643613.37112522     
  -895294631.76134086     
  -1034735011.0581185     
  -1195890545.7245028     
  -1382142568.8245797     
  -1597398869.7571602     
  -1846175651.0340960     
  -2133692242.2241824     
  -2465980556.5582223     
  -2850011584.6688814     
  -3293841576.9930749     
  -3806780978.9742837     
  -4399589660.0102921     
  -5084702528.0858002     
  -5876490258.7499533     
  -6791560602.8821878     
  -7849106587.9460220     
  -9071308909.9669685     
  -10483800948.864208     
  -12116206151.793528     
  -14002759045.296438     
  -16183022889.045815     
  -18702719008.518070     
  -21614685183.397091     
  -24979983171.910187     
  -28869178575.213074     
  -33363819855.783241     
  -38558147495.124123     
  -44561069096.253426     
  -51498441806.354065     
  -59515709871.203804     
  -68780952570.296249     
  -79488406375.599991     
  -91862535107.555557     
  -106162733337.03462     
  -122688761541.75113     
  -141787026847.53119     
  -163857840889.57199     
  -189363806786.86285     
  -218839510862.41241     
  -252902722057.49731     
  -292267333551.38861     
  -337758317569.35107     
  -390329006504.24304     
  -451081062172.48529     
  -521287551292.30231     
  -602419610288.11401     
  -696177257649.88513     
  -804524998881.67627     
  -929732969375.38354     
  -1074424476441.7527     
  -1241630935645.3477     
  -1434855351324.1565     
  -1658145669964.1553     
  -1916179541683.6189     
  -2214362263781.6055     
  -2558939956111.5605     
  -2957130336721.9253     
  -3417273834424.7202     
  -3949008200409.7183     
  -4563470272611.7012     
  -5273529114539.6260     
  -6094055406564.4688     
  -7042232725957.5117     
  -8137917228125.3262     
  -9404053253817.0234     
  -10867153556744.826     
  -12557854197509.605     
  -14511555711206.357     
  -16769163960236.945     
  -19377946168385.258     
  -22392520040677.816     
  -25875996656293.164     
  -29901301036947.082     
  -34552698007953.105     
  -39927555261159.703     
  -46138380487875.719     
  -53315175179323.031     
  -61608154311801.719     
  -71190888781913.047     
  -82263936293634.344     
  -95059036608367.297     
  -109843958864547.72     
  -126928102301390.55     
  -146668967466494.47     
  -169479633178195.97     
  -195837395530664.16     
  -226293749511681.44     
  -261485921856944.75     
  -302150196176358.62     
  -349137308833971.19     
  -403430237325792.19     
  -466164752882015.00     
  -538653166765665.19     
  -622411766453972.62     
  -719192514964533.25     
  -831019675634550.38     
  -960232127536861.50     
  -1109532255568385.6     
  -1282042436555726.0     
  -1481370301354703.8     
  -1711684136186201.2     
  -1977799998174386.5     
  -2285282364653407.5     
  -2640560418388933.0     
  -3051062397317766.0     
  -3525370814553517.0     
  -4073401790107614.5     
  -4706612239122540.0     
  -5438239242908693.0     
  -6283576600847864.0     
  -7260294337287622.0     
  -8388807834089241.0     
  -9692704295206308.0     
  -11199235446162726.     
  -12939886753520266.     
  -14951035046201610.     
  -17274708265162256.     
  -19959463198846948.     
  -23061399523554880.     
  -26645331311597244.     
  -30786140455248180.     
  -35570340249451288.     
  -41097881760157760.     
  -47484240669421240.     
  -54862828138516096.     
  -63387775988311992.     
  -73237154302772896.     
  -84616688579446400.     
  -97764053968093616.     
  -1.1295383617225830E+017
  -1.3050326248932320E+017
  -1.5077882252208531E+017
  -1.7420391664364397E+017
  -2.0126769172386509E+017
  -2.3253524837621725E+017
  -2.6865943257393971E+017
  -3.1039445750982118E+017
  -3.5861163972219456E+017
  -4.1431757757561638E+017
  -4.7867515108579302E+017
  -5.5302778087464576E+017
  -6.3892745195730586E+017
  -7.3816708651244493E+017
  -8.5281794040407386E+017
  -9.8527280289337536E+017
  -1.1382958998823461E+018
  -1.3150805406838508E+018
  -1.5193157096221238E+018
  -1.7552629900913610E+018
  -2.0278454239158177E+018
  -2.3427501574418212E+018
  -2.7065470129235528E+018
  -3.1268254554153723E+018
  -3.6123528084548168E+018
  -4.1732570142826373E+018
  -4.8212377454049495E+018
  -5.5698102645897605E+018
  -6.4345871121853952E+018
  -7.4336034871338895E+018
  -8.5876930976078940E+018
  -9.9209223077424988E+018
  -1.1461091620312072E+019
  -1.3240314936649867E+019
  -1.5295688653767201E+019
  -1.7670064528156283E+019
  -2.0412942395026944E+019
  -2.3581501325624291E+019
  -2.7241790685646954E+019
  -3.1470105884509770E+019
  -3.6354577447419695E+019
  -4.1997006479818768E+019
  -4.8514984718919778E+019
  -5.6044343286328918E+019
  -6.4741981092119323E+019
  -7.4789131736240587E+019
  -8.6395136871871349E+019
  -9.9801804526692483E+019
  -1.1528844304086142E+020
  -1.3317767532735809E+020
  -1.5384215438312620E+020
  -1.7771231971499010E+020
  -2.0528535598179847E+020
  -2.3713554014297070E+020
  -2.7392619226249793E+020
  -3.1642347844569937E+020
  -3.6551235287562224E+020
  -4.2221497036596910E+020
  -4.8771195218058405E+020
  -5.6336694715137268E+020
  -6.5075499858752923E+020
  -7.5169530652994948E+020
  -8.6828906620646654E+020
  -1.0029631689806641E+021
  -1.1585206738472771E+021
  -1.3381990981368488E+021
  -1.5457377384685038E+021
  -1.7854554205008620E+021
  -2.0623402925667818E+021
  -2.3821535283290471E+021
  -2.7515490923472476E+021
  -3.1782120558891473E+021
  -3.6710183353671137E+021
  -4.2402191704155541E+021
  -4.8976541720672626E+021
  -5.6569973643795161E+021
  -6.5340413274948391E+021
  -7.5470253406876777E+021
  -8.7170143368318602E+021
  -1.0068336533843665E+022
  -1.1629088825855309E+022
  -1.3431720422375162E+022
  -1.5513706846614180E+022
  -1.7918328278125516E+022
  -2.0695568388735382E+022
  -2.3903152319259021E+022
  -2.7607745329443954E+022
  -3.1886336984710835E+022
  -3.6827839589550681E+022
  -4.2534934018528052E+022
  -4.9126201223682237E+022
  -5.6738583617871406E+022
  -6.5530227369829707E+022
  -7.5683764539906312E+022
  -8.7410103098988890E+022
  -1.0095280339558717E+023
  -1.1659313178520168E+023
  -1.3465589616330799E+023
  -1.5551618433875278E+023
  -1.7960714488312065E+023
  -2.0742897168047446E+023
  -2.3955927832731455E+023
  -2.7666507731013092E+023
  -3.1951661211262046E+023
  -3.6900332876350014E+023
  -4.2615231762192154E+023
  -4.9214960732631284E+023
  -5.6836475186089983E+023
  -6.5637921984223770E+023
  -7.5801917380419873E+023
  -8.7539331808982112E+023
  -1.0109365988189750E+024
  -1.1674606604584033E+024
  -1.3482121032761554E+024
  -1.5569397473025278E+024
  -1.7979722946766527E+024
  -2.0763079972782999E+024
  -2.3977181847683585E+024
  -2.7688667947139231E+024
  -3.1974483772708061E+024
  -3.6923474287661366E+024
  -4.2638223493485169E+024
  -4.9237178287506896E+024
  -5.6857100516410919E+024
  -6.5655897921467192E+024
  -7.5815892499006909E+024
  -8.7547593835514382E+024
  -1.0109405540704450E+025
  -1.1673590387263719E+025
  -1.3479714528927127E+025
  -1.5565186821824628E+025
  -1.7973198221044792E+025
  -2.0753615153247497E+025
  -2.3964010866765674E+025
  -2.7670856060405647E+025
  -3.1950893379249278E+025
  -3.6892724159871547E+025
  -4.2598640186681866E+025
  -4.9186738275788586E+025
  -5.6793361336986601E+025
  -6.5575916298330705E+025
  -7.5716127049947133E+025
  -8.7423789534277716E+025
  -1.0094110646352108E+026
  -1.1654769109475335E+026
  -1.3456634328502259E+026
  -1.5536971696643602E+026
  -1.7938801655242632E+026
  -2.0711788098895160E+026
  -2.3913263863450994E+026
  -2.7609414439383479E+026
  -3.1876644312277263E+026
  -3.6803154093631248E+026
  -4.2490760946138704E+026
  -4.9056999817326626E+026
  -5.6637548776882004E+026
  -6.5389028424979917E+026
  -7.5492233038555434E+026
  -8.7155860007921585E+026
  -1.0062081436995813E+027
  -1.1616517707689148E+027
  -1.3410993929446007E+027
  -1.5482562078039442E+027
  -1.7873990857714269E+027
  -2.0634647323489324E+027
  -2.3821514399283621E+027
  -2.7500365228512954E+027
  -3.1747118517644767E+027
  -3.6649402753167181E+027
  -4.2308361464827345E+027
  -4.8840736660857984E+027
  -5.6381273275800924E+027
  -6.5085494065622702E+027
  -7.5132901993274580E+027
  -8.6730675926620414E+027
  -1.0011793559964240E+028
  -1.1557066347457456E+028
  -1.3340738462652136E+028
  -1.5399572132938336E+028
  -1.7775995697113458E+028
  -2.0518976463520378E+028
  -2.3685027957686391E+028
  -2.7339372238817874E+028
  -3.1557281144631463E+028
  -3.6425623992861850E+028
  -4.2044653500437681E+028
  -4.8530066564338764E+028
  -5.6015382181403194E+028
  -6.4654685283028850E+028
  -7.4625792757667070E+028
  -8.6133906582477269E+028
  -9.9415828962242693E+028
  -1.1474482588249043E+029
  -1.3243623875982653E+029
  -1.5285395918695218E+029
  -1.7641789943540904E+029
  -2.0361261175649388E+029
  -2.3499723302595341E+029
  -2.7121695839074755E+029
  -3.1301627884959480E+029
  -3.6125425377120853E+029
  -4.1692213096087121E+029
  -4.8116367487576761E+029
  -5.5529861894077401E+029
  -6.4084972175750570E+029
  -7.3957398063148331E+029
  -8.5349864076564490E+029
  -9.8496273641318089E+029
  -1.1366650132437103E+030
  -1.3117192114544404E+030
  -1.5137178394044763E+030
  -1.7468057408240798E+030
  -2.0157649584775771E+030
  -2.3261126276043568E+030
  -2.6842138982145237E+030
  -3.0974121917787158E+030
  -3.5741794512563087E+030
  -4.1242894509364277E+030
  -4.7590177025038779E+030
  -5.4913720356352420E+030
  -6.3363585562864667E+030
  -7.3112884063417099E+030
  -8.4361315790826296E+030
  -9.7339250028711039E+030
  -1.1231243209955957E+031
  -1.2958741180824260E+031
  -1.4951780422850553E+031
  -1.7251151034927587E+031
  -1.9903904461610027E+031
  -2.2964313890626528E+031
  -2.6494981842012469E+031
  -3.0568117488138605E+031
  -3.5267009692132721E+031
  -4.0687725727423990E+031
  -4.6941070223843064E+031
  -5.4154844168615202E+031
  -6.2476449880557538E+031
  -7.2075894895995008E+031
  -8.3149255797275754E+031
  -9.5922672342857694E+031
  -1.1065695301023784E+032
  -1.2765288545670343E+032
  -1.4725735968827917E+032
  -1.6987042819272405E+032
  -1.9595344627030097E+032
  -2.2603845766919795E+032
  -2.6073901584209565E+032
  -3.0076266019475941E+032
  -3.4692530018233816E+032
  -4.0016779869900886E+032
  -4.6157509067907519E+032
  -5.3239822407817211E+032
  -6.1407976946356091E+032
  -7.0828311250115398E+032
  -8.1692622205304331E+032
  -9.4222057697010326E+032
  -1.0867160387964555E+033
  -1.2533525775889224E+033
  -1.4455198963054811E+033
  -1.6671261585085533E+033
  -1.9226772076594705E+033
  -2.2173678777326754E+033
  -2.5571872384938310E+033
  -2.9490398994502342E+033
  -3.4008858198205380E+033
  -3.9219014443626924E+033
  -4.5226654140049424E+033
  -5.2153725945360767E+033
  -6.0140807360208020E+033
  -6.9349947315054510E+033
  -7.9967941990844418E+033
  -9.2210109816107118E+033
  -1.0632464160641343E+034
  -1.2259761335630737E+034
  -1.4135876248964669E+034
  -1.6298814368700673E+034
  -1.8792379804386526E+034
  -2.1667058962228183E+034
  -2.4981038684643610E+034
  -2.8801379312455046E+034
  -3.3205366209260433E+034
  -3.8282066858602144E+034
  -4.4134124756448096E+034
  -5.0879826055967824E+034
  -5.8655480372702633E+034
  -6.7618163434263764E+034
  -7.7948876484232357E+034
  -8.9856185668345556E+034
  -1.0358041420729575E+035
  -1.1939847118435165E+035
  -1.3762941346591325E+035
  -1.5864085188028878E+035
  -1.8285632959348187E+035
  -2.1076381997312670E+035
  -2.4292551350543137E+035
  -2.7998908896509358E+035
  -3.2270069354076216E+035
  -3.7191989057086165E+035
  -4.2863687261600832E+035
  -4.9399228255482506E+035
  -5.6930003712523703E+035
  -6.5607360686160167E+035
  -7.5605627487025027E+035
  -8.7125597568859864E+035
  -1.0039854061339707E+036
  -1.1569082043475019E+036
  -1.3330921132221094E+036
  -1.5360701824237748E+036
  -1.7699112219762146E+036
  -2.0393009029884647E+036
  -2.3496351111352768E+036
  -2.7071274000572573E+036
  -3.1189326696497850E+036
  -3.5932895136792386E+036
  -4.1396840485326593E+036
  -4.7690384573319010E+036
  -5.4939279693511146E+036
  -6.3288305531171449E+036
  -7.2904142436021656E+036
  -8.3978677620071033E+036
  -9.6732809351070111E+036
  -1.1142082396437003E+037
  -1.2833543172633618E+037
  -1.4781356046708580E+037
  -1.7024302070834029E+037
  -1.9607017302967048E+037
  -2.2580874797179071E+037
  -2.6004999124586246E+037
  -2.9947433283580212E+037
  -3.4486480824311799E+037
  -3.9712249420097730E+037
  -4.5728426033032774E+037
  -5.2654318317677677E+037
  -6.0627202071404311E+037
  -6.9805020471647878E+037
  -8.0369487652323753E+037
  -9.2529656994065669E+037
  -1.0652602348489609E+038
  -1.2263523982051328E+038
  -1.4117553775272556E+038
  -1.6251295978559416E+038
  -1.8706852191939917E+038
  -2.1532644604818820E+038
  -2.4784362116617328E+038
  -2.8526047611985275E+038
  -3.2831347370133077E+038
  -3.7784946692361619E+038
  -4.3484219393464072E+038
  -5.0041122888220858E+038
  -5.7584375290312803E+038
  -6.6261956315358668E+038
  -7.6243979942880502E+038
  -8.7725993858792199E+038
  -1.0093276880210157E+039
  -1.1612265022752933E+039
  -1.3359255534202098E+039
  -1.5368371077482783E+039
  -1.7678824012349347E+039
  -2.0335672663963442E+039
  -2.3390689467377811E+039
  -2.6903357452489398E+039
  -3.0942013942301902E+039
  -3.5585163095295735E+039
  -4.0922982080662806E+039
  -4.7059049290605470E+039
  -5.4112327132468605E+039
  -6.2219436680125803E+039
  -7.1537266884334411E+039
  -8.2245967243356465E+039
  -9.4552379929420030E+039
  -1.0869397548064746E+040
  -1.2494336544681279E+040
  -1.4361347598591340E+040
  -1.6506347853532441E+040
  -1.8970558754076011E+040
  -2.1801285106270960E+040
  -2.5052807817162654E+040
  -2.8787406770655518E+040
  -3.3076532656731749E+040
  -3.8002149264760199E+040
  -4.3658270826111742E+040
  -5.0152722499479604E+040
  -5.7609156094322363E+040
  -6.6169357691985984E+040
  -7.5995889027814654E+040
  -8.7275110428833176E+040
  -1.0022063986004277E+041
  -1.1507731033094746E+041
  -1.3212569668051916E+041
  -1.5168729273816116E+041
  -1.7413043121406744E+041
  -1.9987705158974796E+041
  -2.2941043596740922E+041
  -2.6328404953123089E+041
  -3.0213164124037125E+041
  -3.4667878191246714E+041
  -3.9775604130482770E+041
  -4.5631403353781889E+041
  -5.2344059165723729E+041
  -6.0038036777790890E+041
  -6.8855719562512406E+041
  -7.8959959799344895E+041
  -9.0536987334398415E+041
  -1.0379972542088372E+042
  -1.1899156960980377E+042
  -1.3639069301348585E+042
  -1.5631494967072098E+042
  -1.7912745721516211E+042
  -2.0524295071365082E+042
  -2.3513501153633103E+042
  -2.6934428859719977E+042
  -3.0848784442764755E+042
  -3.5326977549668609E+042
  -4.0449327516503741E+042
  -4.6307432886614086E+042
  -5.3005725477013541E+042
  -6.0663232954541751E+042
  -6.9415576813695955E+042
  -7.9417235899120855E+042
  -9.0844109213978151E+042
  -1.0389641572743414E+043
  -1.1880197326619574E+043
  -1.3581990337058599E+043
  -1.5524481423625817E+043
  -1.7741151956473662E+043
  -2.0270035731899584E+043
  -2.3154317902384502E+043
  -2.6443008735102235E+043
  -3.0191700725344911E+043
  -3.4463418380569945E+043
  -3.9329570808039779E+043
  -4.4871018071382106E+043
  -5.1179263110634996E+043
  -5.8357781821458722E+043
  -6.6523504628544518E+043
  -7.5808463521200117E+043
  -8.6361618987113500E+043
  -9.8350881507332217E+043
  -1.1196534216340412E+044
  -1.2741772633051594E+044
  -1.4494708322760693E+044
  -1.6482172206240047E+044
  -1.8734240238689726E+044
  -2.1284578173931068E+044
  -2.4170811727793574E+044
  -2.7434920938957296E+044
  -3.1123656352342070E+044
  -3.5288973093503848E+044
  -3.9988476858579396E+044
  -4.5285873182585520E+044
  -5.1251407905215229E+044
  -5.7962282321266789E+044
  -6.5503020822720107E+044
  -7.3965761584049670E+044
  -8.3450431599115366E+044
  -9.4064755626169535E+044
  -1.0592403367891886E+045
  -1.1915060278281644E+045
  -1.3387287473993262E+045
  -1.5022381126995144E+045
  -1.6833865940928720E+045
  -1.8835172127343485E+045
  -2.1039187042952083E+045
  -2.3457644861003561E+045
  -2.6100307672835662E+045
  -2.8973878720900221E+045
  -3.2080572286797258E+045
  -3.5416244105610389E+045
  -3.8967959762895660E+045
  -4.2710844674584519E+045
  -4.6604015759864697E+045
  -5.0585338920132863E+045
  -5.4564684161635448E+045
  -5.8415256684858807E+045
  -6.1962460982711375E+045
  -6.4969597369309551E+045
  -6.7119485222083178E+045
  -6.7990840262684727E+045
  -6.7027887098520462E+045
  -6.3501245583468007E+045
  -5.6457588908242298E+045
  -4.4655036694358462E+045
  -2.6481670813107924E+045
  -2.4047989531526170E+041
