   0.0000000000000000     
  -1.1011010049952404E-016
  -2.2160495711107364E-016
  -3.3588669568783965E-016
  -4.5439243940929408E-016
  -5.7861237927416663E-016
  -7.1010851064314714E-016
  -8.5053427137800645E-016
  -1.0016553284356281E-015
  -1.1653717741897984E-015
  -1.3437420114512848E-015
  -1.5390086273598050E-015
  -1.7536265812960210E-015
  -1.9902940610211504E-015
  -2.2519863947609160E-015
  -2.5419934453300163E-015
  -2.8639609561248655E-015
  -3.2219363684450758E-015
  -3.6204196857610747E-015
  -4.0644200239314476E-015
  -4.5595185577848059E-015
  -5.1119386548137178E-015
  -5.7286240769910948E-015
  -6.4173262330454870E-015
  -7.1867015771931204E-015
  -8.0464203777480958E-015
  -9.0072882218175734E-015
  -1.0081381782228471E-014
  -1.1282200551933945E-014
  -1.2624836451660023E-014
  -1.4126163440992130E-014
  -1.5805049514285257E-014
  -1.7682593743863055E-014
  -1.9782391347478323E-014
  -2.2130830108887990E-014
  -2.4757421874066018E-014
  -2.7695173285979332E-014
  -3.0981000413511699E-014
  -3.4656192481222316E-014
  -3.8766930523085707E-014
  -4.3364867472914721E-014
  -4.8507776975471950E-014
  -5.4260279065007327E-014
  -6.0694651822946771E-014
  -6.7891739205808999E-014
  -7.5941966441689092E-014
  -8.4946475743967554E-014
  -9.5018396601226811E-014
  -1.0628426659163451E-013
  -1.1888562055948082E-013
  -1.3298076810484390E-013
  -1.4874678170101756E-013
  -1.6638172039802575E-013
  -1.8610711702743821E-013
  -2.0817076013088952E-013
  -2.3284980553367926E-013
  -2.6045425662200317E-013
  -2.9133085700963531E-013
  -3.2586744445529682E-013
  -3.6449782068043716E-013
  -4.0770719821132809E-013
  -4.5603829261044467E-013
  -5.1009813656091358E-013
  -5.7056570132593478E-013
  -6.3820042123614655E-013
  -7.1385172818898171E-013
  -7.9846971581728048E-013
  -8.9311706715873034E-013
  -9.9898239551087630E-013
  -1.1173951658873174E-012
  -1.2498423843216449E-012
  -1.3979872644453921E-012
  -1.5636901055729182E-012
  -1.7490316442708140E-012
  -1.9563391724200536E-012
  -2.1882157494848168E-012
  -2.4475728755179066E-012
  -2.7376670348456973E-012
  -3.0621405689299399E-012
  -3.4250673912083603E-012
  -3.8310041174516765E-012
  -4.2850472531030035E-012
  -4.7928971550382665E-012
  -5.3609295701557040E-012
  -5.9962756482341882E-012
  -6.7069114327852229E-012
  -7.5017579524946880E-012
  -8.3907931687978105E-012
  -9.3851771838212057E-012
  -1.0497392279222972E-011
  -1.1741399542450534E-011
  -1.3132814044947447E-011
  -1.4689100769482268E-011
  -1.6429793743960797E-011
  -1.8376741130078828E-011
  -2.0554379340623529E-011
  -2.2990039623216294E-011
  -2.5714290955371024E-011
  -2.8761323551020640E-011
  -3.2169377787847340E-011
  -3.5981223934220191E-011
  -4.0244698691433106E-011
  -4.5013305279229178E-011
  -5.0346884589219217E-011
  -5.6312365821735805E-011
  -6.2984606018074008E-011
  -7.0447329014440198E-011
  -7.8794175590226073E-011
  -8.8129877977060489E-011
  -9.8571573453932020E-011
  -1.1025027349705060E-010
  -1.2331250690287048E-010
  -1.3792215748325559E-010
  -1.5426251937045147E-010
  -1.7253859569688667E-010
  -1.9297966946502706E-010
  -2.1584217883376149E-010
  -2.4141293286283588E-010
  -2.7001270802346791E-010
  -3.0200027055490688E-010
  -3.3777687508312693E-010
  -3.7779129588589061E-010
  -4.2254545386285436E-010
  -4.7260070973379514E-010
  -5.2858490233591468E-010
  -5.9120022022706587E-010
  -6.6123200524257882E-010
  -7.3955859832988093E-010
  -8.2716235104355347E-010
  -9.2514194068735507E-010
  -1.0347261434219657E-009
  -1.1572892379222608E-009
  -1.2943682325945446E-009
  -1.4476821322081035E-009
  -1.6191534853427434E-009
  -1.8109324826244889E-009
  -2.0254239076730959E-009
  -2.2653172784174745E-009
  -2.5336205563958961E-009
  -2.8336978463472887E-009
  -3.1693115583773971E-009
  -3.5446695608748668E-009
  -3.9644779148569398E-009
  -4.4339998503249779E-009
  -4.9591217233813418E-009
  -5.5464267802798248E-009
  -6.2032776523460606E-009
  -6.9379086150357609E-009
  -7.7595287666657546E-009
  -8.6784374190857985E-009
  -9.7061531454693988E-009
  -1.0855558101402921E-008
  -1.2141059426684428E-008
  -1.3578769749099717E-008
  -1.5186709050599530E-008
  -1.6985030423751339E-008
  -1.8996272545428223E-008
  -2.1245642029168753E-008
  -2.3761329191680322E-008
  -2.6574861187244369E-008
  -2.9721496931548642E-008
  -3.3240668759571911E-008
  -3.7176476347124320E-008
  -4.1578239079820987E-008
  -4.6501113784821243E-008
  -5.2006785558752323E-008
  -5.8164240340089407E-008
  -6.5050628897326381E-008
  -7.2752233048342275E-008
  -8.1365546205756515E-008
  -9.0998481773775202E-008
  -1.0177172452195549E-007
  -1.1382024185046626E-007
  -1.2729497386217801E-007
  -1.4236472339429484E-007
  -1.5921826966422988E-007
  -1.7806673198230851E-007
  -1.9914621311265264E-007
  -2.2272075536238021E-007
  -2.4908564639179360E-007
  -2.7857111611345732E-007
  -3.1154647094068394E-007
  -3.4842471711713217E-007
  -3.8966773097738009E-007
  -4.3579204082996264E-007
  -4.8737529280499251E-007
  -5.4506348156376360E-007
  -6.0957903633462156E-007
  -6.8172986343747249E-007
  -7.6241945842232275E-007
  -8.5265821432474221E-007
  -9.5357606750033576E-007
  -1.0664366392281798E-006
  -1.1926530499788102E-006
  -1.3338056041595400E-006
  -1.4916615665400565E-006
  -1.6681972777167416E-006
  -1.8656228852218397E-006
  -2.0864099995889865E-006
  -2.3333226212584111E-006
  -2.6094517251003470E-006
  -2.9182539350648560E-006
  -3.2635947726017950E-006
  -3.6497970196749803E-006
  -4.0816948011341653E-006
  -4.5646940627061387E-006
  -5.1048402008153191E-006
  -5.7088936898435533E-006
  -6.3844146524051761E-006
  -7.1398574299957648E-006
  -7.9846763363675976E-006
  -8.9294439157532373E-006
  -9.9859831843465353E-006
  -1.1167515508210135E-005
  -1.2488825966192775E-005
  -1.3966448264949343E-005
  -1.5618871517490569E-005
  -1.7466771469899189E-005
  -1.9533269066347230E-005
  -2.1844219584149992E-005
  -2.4428535952562171E-005
  -2.7318550296130145E-005
  -3.0550418220995193E-005
  -3.4164570896558204E-005
  -3.8206220582035791E-005
  -4.2725925915115171E-005
  -4.7780224026487607E-005
  -5.3432337378827843E-005
  -5.9752964162211834E-005
  -6.6821162121679758E-005
  -7.4725336859685450E-005
  -8.3564346961093945E-005
  -9.3448739747486022E-005
  -1.0450213309901356E-004
  -1.1686276060628715E-004
  -1.3068519935453479E-004
  -1.4614230192300747E-004
  -1.6342735673278514E-004
  -1.8275650372758469E-004
  -2.0437143556047073E-004
  -2.2854241802430802E-004
  -2.5557166744985776E-004
  -2.8579712725234393E-004
  -3.1959669079071310E-004
  -3.5739292327586065E-004
  -3.9965834169431721E-004
  -4.4692131868000846E-004
  -4.9977268405563234E-004
  -5.5887310647410047E-004
  -6.2496134732801059E-004
  -6.9886348998272668E-004
  -7.8150325956214024E-004
  -8.7391356212742602E-004
  -9.7724938730785519E-004
  -1.0928022354587963E-003
  -1.2220162494476457E-003
  -1.3665062524408720E-003
  -1.5280779168498828E-003
  -1.7087503161866879E-003
  -1.9107811413138940E-003
  -2.1366948958182318E-003
  -2.3893144224070872E-003
  -2.6717961537868506E-003
  -2.9876695279484654E-003
  -3.3408810597386866E-003
  -3.7358436186829174E-003
  -4.1774915279712789E-003
  -4.6713421721333191E-003
  -5.2235648821137527E-003
  -5.8410579572337222E-003
  -6.5315347850108067E-003
  -7.3036201332813020E-003
  -8.1669578159343555E-003
  -9.1323310754105481E-003
  -1.0211797183705157E-002
  -1.1418837940924942E-002
  -1.2768527948686317E-002
  -1.4277722757282655E-002
  -1.5965269233350655E-002
  -1.7852240771818021E-002
  -1.9962200285669023E-002
  -2.2321494253379821E-002
  -2.4959581491066651E-002
  -2.7909400749280219E-002
  -3.1207781718361909E-002
  -3.4895904567380523E-002
  -3.9019813746631979E-002
  -4.3630992460044697E-002
  -4.8787004970013752E-002
  -5.4552214742605777E-002
  -6.0998587386262716E-002
  -6.8206588393857195E-002
  -7.6266186879374712E-002
  -8.5277977821329384E-002
  -9.5354436801708964E-002
 -0.10662132288017641     
 -0.11921924708898640     
 -0.13330542609758561     
 -0.14905564290284495     
 -0.16666643898004146     
 -0.18635756521317490     
 -0.20837472214686042     
 -0.23299262370601598     
 -0.26051842255871405     
 -0.29129553980204786     
 -0.32570794668672681     
 -0.36418495172604665     
 -0.40720655282893248     
 -0.45530942113325873     
 -0.50909359108216290     
 -0.56922994008048133     
 -0.63646855090016552     
 -0.71164806099490840     
 -0.79570611517198819     
 -0.88969105180636243     
 -0.99477496813924859     
  -1.1122683273718061     
  -1.2436362894576896     
  -1.3905169689548680     
  -1.5547418472841215     
  -1.7383585935573167     
  -1.9436565781164872     
  -2.1731953964376531     
  -2.4298367585180243     
  -2.7167801407475398     
  -3.0376026440864803     
  -3.3963035547122038     
  -3.7973541618107709     
  -4.2457534526007272     
  -4.7470903777998510     
  -5.3076134624902416     
  -5.9343086287189086     
  -6.6349861983258682     
  -7.4183781586894435     
  -8.2942469017383456     
  -9.2735067892887511     
  -10.368360057295623     
  -11.592448749943312     
  -12.961024573857234     
  -14.491138785573346     
  -16.201854474524062     
  -18.114483882283633     
  -20.252853710122704     
  -22.643601714917999     
  -25.316508282472324     
  -28.304867102154216     
  -31.645899552867363     
  -35.381217953745136     
  -39.557343440383974     
  -44.226284906424787     
  -49.446186209296776     
  -55.282049687377686     
  -61.806544984235188     
  -69.100913235771117     
  -77.255977861157518     
  -86.373274523143806     
  -96.566314304074282     
  -107.96199579916600     
  -120.70218367880790     
  -134.94547333981686     
  -150.86916357739895     
  -168.67146179370397     
  -188.57394914740408     
  -210.82433627751712     
  -235.69954384380094     
  -263.50914616025329     
  -294.59922070761655     
  -329.35665135126015     
  -368.21393872493235     
  -411.65457753853150     
  -460.21906760737437     
  -514.51163326875394     
  -575.20773464647800     
  -643.06246405465629     
  -718.91993182017143     
  -803.72375808531388     
  -898.52880088028508     
  -1004.5142660999202     
  -1122.9983621703170     
  -1255.4546813617480     
  -1403.5305111319487     
  -1569.0673028342958     
  -1754.1235518953865     
  -1961.0003734879897     
  -2192.2700911691277     
  -2450.8081933336794     
  -2739.8290541147103     
  -3062.9258620604633     
  -3424.1152521133768     
  -3827.8871947553480     
  -4279.2607613886794     
  -4783.8464579015681     
  -5347.9158998236526     
  -5978.4796935200484     
  -6683.3744896294265     
  -7471.3602886834706     
  -8352.2292059601568     
  -9336.9270446962637     
  -10437.689185574791     
  -11668.192477877108     
  -13043.725016045335     
  -14581.375907093830     
  -16300.247382084835     
  -18221.691881809751     
  -20369.577056322887     
  -22770.581963890232     
  -25454.528141523675     
  -28454.749651356917     
  -31808.506690030437     
  -35557.447887966620     
  -39748.127028611198     
  -44432.580591857935     
  -49668.973279302132     
  -55522.319521006277     
  -62065.289904527439     
  -69379.112518691138     
  -77554.580380012645     
  -86693.177423302899     
  -96908.337006100584     
  -108326.84851730197     
  -121090.42951400820     
  -135357.48285984944     
  -151305.06062821939     
  -169131.05909327642     
  -189056.67199188599     
  -211329.13243625351     
  -236224.77742934562     
  -264052.47292747610     
  -295157.44185599399     
  -329925.54246998805     
  -368788.05002394639     
  -412227.00094122876     
  -460781.16563297639     
  -515052.72389267915     
  -575714.72548312414     
  -643519.42824422766     
  -719307.61690328165     
  -804019.01789748203     
  -898703.93907205737     
  -1004536.2782632817     
  -1122828.0617011723     
  -1255045.6920807683     
  -1402828.1072870987     
  -1568007.0743782516     
  -1752629.8698249664     
  -1958984.6264997064     
  -2189628.6608673511     
  -2447420.1306602694     
  -2735553.4144771975     
  -3057598.6507359794     
  -3417545.9248023820     
  -3819854.6505450127     
  -4269508.7567384774     
  -4772078.3604449658     
  -5333788.6896332130     
  -5961597.1068315422     
  -6663279.1856630724     
  -7447524.9039099952     
  -8324046.1416790327     
  -9303696.8128322903     
  -10398607.113827981     
  -11622333.548407217     
  -12990026.581314970     
  -14518617.991856406     
  -16227030.241246469     
  -18136410.439408030     
  -20270391.800460771     
  -22655385.815360576     
  -25320908.749177806     
  -28299946.494012415     
  -31629362.281753082     
  -35350352.289625414     
  -39508954.762254983     
  -44156618.934070751     
  -49350840.773424700     
  -55155873.393886022     
  -61643520.898932949     
  -68894025.455048919     
  -76997058.537699237     
  -86052828.578972250     
  -96173318.680623904     
  -107483669.65953113     
  -120123725.48387034     
  -134249760.15973786     
  -150036407.36404967     
  -167678816.61791235     
  -187395062.58598521     
  -209428837.20599765     
  -234052457.83690605     
  -261570228.50703496     
  -292322195.69282252     
  -326688344.91797227     
  -365093289.89165372     
  -408011511.96964526     
  -455973214.49854964     
  -509570864.17373204     
  -569466499.99950290     
  -636399899.88924181     
  -711197705.49977624     
  -794783617.68810976     
  -888189788.15446985     
  -992569547.55549228     
  -1109211626.8160243     
  -1239556046.7395241     
  -1385211871.5410099     
  -1547977044.8550549     
  -1729860552.3859913     
  -1933107183.9828501     
  -2160225199.8889079     
  -2414017241.6275826     
  -2697614867.8811288     
  -3014517140.2858710     
  -3368633733.8545651     
  -3764333102.3538413     
  -4206496291.0950952     
  -4700577059.0028906     
  -5252669049.3574896     
  -5869580835.2185535     
  -6558919762.2877531     
  -7329185620.0455694     
  -8189875292.7273293     
  -9151599676.5658588     
  -10226214300.376595     
  -11426965254.842346     
  -12768652223.832022     
  -14267810621.064306     
  -15942915069.977160     
  -17814606726.660839     
  -19905947238.366508     
  -22242702456.999504     
  -24853659392.150372     
  -27770980296.080898     
  -31030598228.660900     
  -34672658959.124191     
  -38742014629.909462     
  -43288775242.732483     
  -48368924736.172737     
  -54045009216.129570     
  -60386905785.204498     
  -67472681405.224846     
  -75389552330.828415     
  -84234955884.785172     
  -94117747722.619019     
  -105159539271.95229     
  -117496191749.63669     
  -131279485078.16168     
  -146678982165.50110     
  -163884111405.66769     
  -183106492930.04840     
  -204582537124.75735     
  -228576347263.25464     
  -255382961827.07562     
  -285331976246.19556     
  -318791588435.12262     
  -356173117688.00409     
  -397936052289.20190     
  -444593687665.68884     
  -496719424133.24261     
  -554953801357.98267     
  -620012355666.82324     
  -692694396404.89478     
  -773892808777.75549     
  -864605003168.42395     
  -965945144937.06555     
  -1079157814365.5776     
  -1205633263891.2798     
  -1346924459296.6475     
  -1504766113323.6111     
  -1681095944527.1833     
  -1878078421370.9150     
  -2098131281927.2903     
  -2343955153449.7402     
  -2618566633942.5669     
  -2925335240132.1157     
  -3268024673451.9971     
  -3650838908372.1411     
  -4078473666268.0493     
  -4556173903759.6094     
  -5089798017848.6260     
  -5685889552144.4736     
  -6351757279985.4580     
  -7095564642453.6592     
  -7926429633386.5635     
  -8854536350898.1387     
  -9891259577185.0527     
  -11049303907240.979     
  -12342859124465.133     
  -13787773719187.135     
  -15401748667246.625     
  -17204553832650.803     
  -19218269633986.754     
  -21467556922038.133     
  -23979958359686.852     
  -26786234978844.711     
  -29920742017517.551     
  -33421848618357.672     
  -37332406504016.773     
  -41700273340753.438     
  -46578897167313.633     
  -52027969009166.883     
  -58114151627762.586     
  -64911893280634.812     
  -72504336402165.844     
  -80984332269159.625     
  -90455574004074.250     
  -101033861707443.72     
  -112848515117124.12     
  -126043950984994.44     
  -140781444363357.88     
  -157241095227776.66     
  -175624024357503.44     
  -196154825179256.19     
  -219084301388547.44     
  -244692523632754.31     
  -273292242413616.62     
  -305232698690754.81     
  -340903878494437.88     
  -380741263243599.88     
  -425231133479180.62     
  -474916490435992.25     
  -530403667369662.75     
  -592369710919390.38     
  -661570622123346.88     
  -738850557124452.88     
  -825152099235810.00     
  -921527727017861.88     
  -1029152617510162.0     
  -1149338939934475.5     
  -1283551813238098.0     
  -1433427120994674.8     
  -1600791399667630.8     
  -1787684041339914.0     
  -1996382080025952.0     
  -2229427861945382.8     
  -2489659935030290.0     
  -2780247531879050.5     
  -3104729063829928.5     
  -3467055092329982.5     
  -3871636297904191.0     
  -4323397027437976.5     
  -4827835067901196.0     
  -5391088369874916.0     
  -6020009528199688.0     
  -6722248920756223.0     
  -7506347510943728.0     
  -8381840436095808.0     
  -9359372634272080.0     
  -10450827907151444.     
  -11669472978876994.     
  -13030118291611882.     
  -14549297480434126.     
  -16245467695451876.     
  -18139233190365020.     
  -20253594877152688.     
  -22614228859496568.     
  -25249797306713440.     
  -28192295419557524.     
  -31477438673938080.     
  -35145095013594968.     
  -39239767203900432.     
  -43811131162697376.     
  -48914636757679464.     
  -54612178311338808.     
  -60972842892956064.     
  -68073745412528656.     
  -76000960575125904.     
  -84850562918419456.     
  -94729787454996496.     
  -1.0575832489006427E+017
  -1.1806976700162914E+017
  -1.3181321957351427E+017
  -1.4715510228322512E+017
  -1.6428115719072672E+017
  -1.8339868997747494E+017
  -2.0473907087744973E+017
  -2.2856052535682106E+017
  -2.5515124807342624E+017
  -2.8483287752292483E+017
  -3.1796437310156800E+017
  -3.5494634113754784E+017
  -3.9622586182138221E+017
  -4.4230187496486592E+017
  -4.9373118920928710E+017
  -5.5113518676658470E+017
  -6.1520730410081971E+017
  -6.8672137824086157E+017
  -7.6654095876906598E+017
  -8.5562969707817664E+017
  -9.5506293736708480E+017
  -1.0660406482086216E+018
  -1.1899018495399854E+018
  -1.3281407077891269E+018
  -1.4824244917706660E+018
  -1.6546136041993331E+018
  -1.8467839284412887E+018
  -2.0612517577480801E+018
  -2.3006016050222182E+018
  -2.5677172255128765E+018
  -2.8658162231423468E+018
  -3.1984886538727557E+018
  -3.5697400871442125E+018
  -3.9840396395143194E+018
  -4.4463735538335324E+018
  -4.9623049633022566E+018
  -5.5380405533548923E+018
  -6.1805049163741123E+018
  -6.8974234857258066E+018
  -7.6974150376029891E+018
  -8.5900948628807741E+018
  -9.5861898379577528E+018
  -1.0697666764888617E+019
  -1.1937875508667044E+019
  -1.3321708635155835E+019
  -1.4865779448954601E+019
  -1.6588620548752667E+019
  -1.8510905261008507E+019
  -2.0655694583993459E+019
  -2.3048712576530280E+019
  -2.5718653462705111E+019
  -2.8697524099399303E+019
  -3.2021025872093147E+019
  -3.5728980550958244E+019
  -3.9865805159262773E+019
  -4.4481041485672669E+019
  -4.9629946517947793E+019
  -5.5374150795386053E+019
  -6.1782392479607120E+019
  -6.8931335837297263E+019
  -7.6906483824839328E+019
  -8.5803195574999220E+019
  -9.5727820823035707E+019
  -1.0679896468822637E+020
  -1.1914889776299011E+020
  -1.3292512817350124E+020
  -1.4829215418294223E+020
  -1.6543341803361491E+020
  -1.8455348409184164E+020
  -2.0588046699757588E+020
  -2.2966873845968372E+020
  -2.5620194461222548E+020
  -2.8579636949492534E+020
  -3.1880468428485951E+020
  -3.5562012643353847E+020
  -3.9668115790669008E+020
  -4.4247665734182280E+020
  -4.9355170719637130E+020
  -5.5051404392960498E+020
  -6.1404124702545700E+020
  -6.8488875131111342E+020
  -7.6389877665790715E+020
  -8.5201027987842885E+020
  -9.5027004558111723E+020
  -1.0598450460492492E+021
  -1.1820362150291995E+021
  -1.3182937968144949E+021
  -1.4702344503882547E+021
  -1.6396603088494089E+021
  -1.8285802171338381E+021
  -2.0392333964132087E+021
  -2.2741158118043151E+021
  -2.5360095514757562E+021
  -2.8280155602589723E+021
  -3.1535901098600772E+021
  -3.5165854311760082E+021
  -3.9212949825421128E+021
  -4.3725038815334703E+021
  -4.8755450878264544E+021
  -5.4363619912871250E+021
  -6.0615781336530813E+021
  -6.7585748747652170E+021
  -7.5355779062307897E+021
  -8.4017536177105671E+021
  -9.3673164348899637E+021
  -1.0443648374917359E+022
  -1.1643432206118326E+022
  -1.2980799755730370E+022
  -1.4471497084037155E+022
  -1.6133068437602211E+022
  -1.7985061110520480E+022
  -2.0049253583179286E+022
  -2.2349909575680897E+022
  -2.4914060950863983E+022
  -2.7771822733147488E+022
  -3.0956743877960751E+022
  -3.4506197836489443E+022
  -3.8461817416494508E+022
  -4.2869978947203086E+022
  -4.7782341320452648E+022
  -5.3256446107754934E+022
  -5.9356385650805381E+022
  -6.6153546799051723E+022
  -7.3727438830981326E+022
  -8.2166615055485828E+022
  -9.1569698656786376E+022
  -1.0204652453291890E+023
  -1.1371941019697488E+023
  -1.2672457027693378E+023
  -1.4121369078039918E+023
  -1.5735568110307002E+023
  -1.7533862377455617E+023
  -1.9537194417463217E+023
  -2.1768882494213749E+023
  -2.4254889256514567E+023
  -2.7024120671545381E+023
  -3.0108758630698659E+023
  -3.3544631005420866E+023
  -3.7371623352509801E+023
  -4.1634136937026500E+023
  -4.6381598261713351E+023
  -5.1669025870312161E+023
  -5.7557660834815069E+023
  -6.4115668050521836E+023
  -7.1418916255654688E+023
  -7.9551845572890098E+023
  -8.8608432348144407E+023
  -9.8693262147989049E+023
  -1.0992272298302627E+024
  -1.2242633216357110E+024
  -1.3634821168063430E+024
  -1.5184872865563787E+024
  -1.6910631923442472E+024
  -1.8831951633479657E+024
  -2.0970920391401765E+024
  -2.3352112292782993E+024
  -2.6002865693253839E+024
  -2.8953592836655161E+024
  -3.2238123997054191E+024
  -3.5894089960281156E+024
  -3.9963347091915973E+024
  -4.4492449705953813E+024
  -4.9533174966687541E+024
  -5.5143106131179832E+024
  -6.1386280577161993E+024
  -6.8333909768045262E+024
  -7.6065179090439717E+024
  -8.4668136368414561E+024
  -9.4240678821852059E+024
  -1.0489164930376212E+025
  -1.1674205383452732E+025
  -1.2992641376211036E+025
  -1.4459426732995517E+025
  -1.6091183704376800E+025
  -1.7906388101128388E+025
  -1.9925574840396514E+025
  -2.2171566137673916E+025
  -2.4669724820388570E+025
  -2.7448235507090574E+025
  -3.0538416693110622E+025
  -3.3975067112203755E+025
  -3.7796850107427898E+025
  -4.2046720147029567E+025
  -4.6772396066492144E+025
  -5.2026886110635580E+025
  -5.7869070394694028E+025
  -6.4364347006097184E+025
  -7.1585348635259950E+025
  -7.9612737360671056E+025
  -8.8536086028266057E+025
  -9.8454855565514219E+025
  -1.0947947856569257E+026
  -1.2173256057720366E+026
  -1.3535021174723569E+026
  -1.5048352281034593E+026
  -1.6730020089363457E+026
  -1.8598638224530369E+026
  -2.0674864079821558E+026
  -2.2981621347176140E+026
  -2.5544346531278791E+026
  -2.8391262000021738E+026
  -3.1553678391103872E+026
  -3.5066329489244985E+026
  -3.8967743013338561E+026
  -4.3300651110835957E+026
  -4.8112444751022017E+026
  -5.3455676643188193E+026
  -5.9388617783951372E+026
  -6.5975873264386833E+026
  -7.3289063546918841E+026
  -8.1407578059148771E+026
  -9.0419408652568456E+026
  -1.0042207124447920E+027
  -1.1152362480802927E+027
  -1.2384379780529673E+027
  -1.3751523317961054E+027
  -1.5268486414433332E+027
  -1.6951543423536039E+027
  -1.8818717644364183E+027
  -2.0889966772296260E+027
  -2.3187387678876282E+027
  -2.5735442489864363E+027
  -2.8561208124807921E+027
  -3.1694651674051434E+027
  -3.5168934221535583E+027
  -3.9020745975743699E+027
  -4.3290675848565685E+027
  -4.8023618924625993E+027
  -5.3269225593855243E+027
  -5.9082396480004085E+027
  -6.5523827689771085E+027
  -7.2660611333753567E+027
  -8.0566896734180632E+027
  -8.9324618238139268E+027
  -9.9024296101677227E+027
  -1.0976591750280500E+028
  -1.2165990538318057E+028
  -1.3482818351239615E+028
  -1.4940534691861908E+028
  -1.6553994763823557E+028
  -1.8339590660847747E+028
  -2.0315406346410334E+028
  -2.2501387700528307E+028
  -2.4919529018194880E+028
  -2.7594077459280474E+028
  -3.0551757072735579E+028
  -3.3822014148861802E+028
  -3.7437285792387499E+028
  -4.1433293756133923E+028
  -4.5849365730121331E+028
  -5.0728786443842496E+028
  -5.6119181109759420E+028
  -6.2072933913294983E+028
  -6.8647644437883828E+028
  -7.5906625101914108E+028
  -8.3919442876174599E+028
  -9.2762508743837888E+028
  -1.0251971855767193E+029
  -1.1328314913809117E+029
  -1.2515381363713565E+029
  -1.3824248036296369E+029
  -1.5267055941143479E+029
  -1.6857106157915569E+029
  -1.8608963412791433E+029
  -2.0538567802408666E+029
  -2.2663355127686200E+029
  -2.5002386293230806E+029
  -2.7576486213016336E+029
  -3.0408392637763646E+029
  -3.3522915281679843E+029
  -3.6947105573279591E+029
  -4.0710437283787243E+029
  -4.4844998193449960E+029
  -4.9385692836700865E+029
  -5.4370456216501892E+029
  -5.9840478190541476E+029
  -6.5840438000474990E+029
  -7.2418748132179588E+029
  -7.9627806350870957E+029
  -8.7524254339241267E+029
  -9.6169240867161132E+029
  -1.0562868682361234E+030
  -1.1597354872878139E+030
  -1.2728007649742791E+030
  -1.3963006022151195E+030
  -1.5311105955490778E+030
  -1.6781660788613001E+030
  -1.8384638184200669E+030
  -2.0130632473649330E+030
  -2.2030871031851506E+030
  -2.4097213052797076E+030
  -2.6342138787876486E+030
  -2.8778726948146774E+030
  -3.1420617551456728E+030
  -3.4281957005831727E+030
  -3.7377321651043746E+030
  -4.0721615318308876E+030
  -4.4329935699090065E+030
  -4.8217403421310808E+030
  -5.2398946695566249E+030
  -5.6889033192782105E+030
  -6.1701339422325533E+030
  -6.6848346265825680E+030
  -7.2340847452152997E+030
  -7.8187355592807428E+030
  -8.4393387887549055E+030
  -9.0960610703038700E+030
  -9.7885818859201169E+030
  -1.0515972155518679E+031
  -1.1276550234310722E+031
  -1.2067711531260899E+031
  -1.2885727356521068E+031
  -1.3725507899639995E+031
  -1.4580323420415706E+031
  -1.5441476781501043E+031
  -1.6297919343967536E+031
  -1.7135800957693343E+031
  -1.7937943276708244E+031
  -1.8683223879047756E+031
  -1.9345856628393712E+031
  -1.9894551330687008E+031
  -2.0291532954943277E+031
  -2.0491397437898103E+031
  -2.0439777305864236E+031
  -2.0071785957070515E+031
  -1.9310204417534881E+031
  -1.8063368791321249E+031
  -1.6222710942893793E+031
  -1.3659901129714169E+031
  -1.0223548311911492E+031
  -5.7354932622803678E+030
  -5.2083980237717167E+026
