   0.0000000000000000     
  -1.1011010049952404E-016
  -2.2320315812358348E-016
  -3.4234289475784305E-016
  -4.7075678789407346E-016
  -6.1192349893328557E-016
  -7.6966710310836457E-016
  -9.4826067338048575E-016
  -1.1525420239280179E-015
  -1.3880447480972118E-015
  -1.6611480998345776E-015
  -1.9792497778844545E-015
  -2.3509662922274745E-015
  -2.7863663391487317E-015
  -3.2972435051820518E-015
  -3.8974356851811655E-015
  -4.6031998647562305E-015
  -5.4336524165360713E-015
  -6.4112868337658254E-015
  -7.5625829216604135E-015
  -8.9187239434818340E-015
  -1.0516441141546528E-014
  -1.2399008502445620E-014
  -1.4617414704059743E-014
  -1.7231743979619896E-014
  -2.0312803291001496E-014
  -2.3944039872798320E-014
  -2.8223801071073233E-014
  -3.3267997668887765E-014
  -3.9213242815696433E-014
  -4.6220551555229701E-014
  -5.4479701125217017E-014
  -6.4214370093148816E-014
  -7.5688195479595655E-014
  -8.9211911875275943E-014
  -1.0515176585295767E-013
  -1.2393943350346057E-013
  -1.4608370962122208E-013
  -1.7218428503080345E-013
  -2.0294798507982327E-013
  -2.3920790895653926E-013
  -2.8194598802543148E-013
  -3.3231957393763423E-013
  -3.9169277637061314E-013
  -4.6167339883631645E-013
  -5.4415647254986857E-013
  -6.4137556697412139E-013
  -7.5596326618416734E-013
  -8.9102244832896831E-013
  -1.0502102979211220E-012
  -1.2378373253766230E-012
  -1.4589840744843145E-012
  -1.7196386773059699E-012
  -2.0268589803529409E-012
  -2.3889636310292294E-012
  -2.8157572972768877E-012
  -3.3187961173265287E-012
  -3.9117005654515815E-012
  -4.6105242031245274E-012
  -5.4341882977152877E-012
  -6.4049940737991843E-012
  -7.5492264635094670E-012
  -8.8978656990503323E-012
  -1.0487426009510956E-011
  -1.2360944124490279E-011
  -1.4569144341866349E-011
  -1.7171811696061301E-011
  -2.0239410395699835E-011
  -2.3854991338070099E-011
  -2.8116440331927390E-011
  -3.3139127881674924E-011
  -3.9059032254365841E-011
  -4.6036420360418088E-011
  -5.4260186076063897E-011
  -6.3952963428918461E-011
  -7.5377153039156126E-011
  -8.8842024925123972E-011
  -1.0471208991263866E-010
  -1.2341696621998188E-010
  -1.4546300825477529E-010
  -1.7144701234942748E-010
  -2.0207237036917851E-010
  -2.3816810837184569E-010
  -2.8071132557371021E-010
  -3.3085364089418145E-010
  -3.8995236280279216E-010
  -4.5960722601016436E-010
  -5.4170368918830948E-010
  -6.3846396545100800E-010
  -7.5250716657591142E-010
  -8.8692018856808097E-010
  -1.0453412568225404E-009
  -1.2320583917051754E-009
  -1.4521254591052595E-009
  -1.7114989463423109E-009
  -2.0171991646085735E-009
  -2.3775002400685815E-009
  -2.8021540347005629E-009
  -3.3026540560252117E-009
  -3.8925464968629588E-009
  -4.5877968214633649E-009
  -5.4072218172583166E-009
  -6.3729988027628327E-009
  -7.5112657697014286E-009
  -8.8528286977479842E-009
  -1.0433995179889775E-008
  -1.2297556913802354E-008
  -1.4493947642197015E-008
  -1.7082607871827936E-008
  -2.0133593295125757E-008
  -2.3729470431587604E-008
  -2.7967550776448499E-008
  -3.2962523901975540E-008
  -3.8849560749681504E-008
  -4.5787971071792925E-008
  -5.3965513971494859E-008
  -6.3603478159306877E-008
  -7.4962669365309466E-008
  -8.8350466887047303E-008
  -1.0412914017454360E-007
  -1.2272565043922826E-007
  -1.4464320244462938E-007
  -1.7047485897990776E-007
  -2.0091958631320219E-007
  -2.3680116467937653E-007
  -2.7909047535459586E-007
  -3.2893176720419447E-007
  -3.8767361323069345E-007
  -4.5690539450672169E-007
  -5.3850029838382603E-007
  -6.3466599406603440E-007
  -7.4800435629166330E-007
  -8.8158185259400333E-007
  -1.0390124980294320E-006
  -1.2245556211698982E-006
  -1.4432310857476775E-006
  -1.7009550844467519E-006
  -2.0047001777238826E-006
  -2.3626839062591668E-006
  -2.7845910784121167E-006
  -3.2818357447918167E-006
  -3.8678699453654096E-006
  -4.5585475794509794E-006
  -5.3725532396724742E-006
  -6.3319076078046843E-006
  -7.4625630809097331E-006
  -8.7951057362467605E-006
  -1.0365582619100334E-005
  -1.2216476726673882E-005
  -1.4397856055164441E-005
  -1.6968727784061929E-005
  -1.9998634218863361E-005
  -2.3569533650738343E-005
  -2.7778016995975151E-005
  -3.2737920157573246E-005
  -3.8583402751602230E-005
  -4.5472576451208701E-005
  -5.3591781062342593E-005
  -6.3160623959167210E-005
  -7.4437919147192581E-005
  -8.7728686546421165E-005
  -1.0339240075279796E-004
  -1.2185271231895946E-004
  -1.4360890440793302E-004
  -1.6924939459230250E-004
  -1.9946764686476175E-004
  -2.3508092408862813E-004
  -2.7705238791024783E-004
  -3.2651714365513208E-004
  -3.8481293438243053E-004
  -4.5351631396088230E-004
  -5.3448527715109473E-004
  -6.2990949923762314E-004
  -7.4236954346812542E-004
  -8.7490663698614076E-004
  -1.0311049016414118E-003
  -1.2151882627491246E-003
  -1.4321346556470398E-003
  -1.6878106174913032E-003
  -1.9891299027755588E-003
  -2.3442404104469954E-003
  -2.7627444757780252E-003
  -3.2559584820162700E-003
  -3.8372188096522869E-003
  -4.5222423936372158E-003
  -5.3295516349003268E-003
  -6.2809751519484871E-003
  -7.4022379081831449E-003
  -8.7236566662412165E-003
  -1.0280959567434656E-002
  -1.2116251989159027E-002
  -1.4279154786620630E-002
  -1.6828145684228264E-002
  -1.9832140072406072E-002
  -2.3372353935769464E-002
  -2.7544499263400760E-002
  -3.2461371277395804E-002
  -3.8255897404719803E-002
  -4.5084730395825938E-002
  -5.3132482698618713E-002
  -6.2616716525513816E-002
  -7.3793824472775646E-002
  -8.6965959616766675E-002
 -0.10248920237142883     
 -0.12078318481145899     
 -0.14234243254917137     
 -0.16774973066399343     
 -0.19769187487579509     
 -0.23297823360439582     
 -0.27456262250884295     
 -0.32356908260328360     
 -0.38132225851940915     
 -0.44938319777788249     
 -0.52959153840055240     
 -0.62411522479834902     
 -0.73550909526917851     
 -0.86678392413037630     
  -1.0214877839660366     
  -1.2038019263206510     
  -1.4186537714079215     
  -1.6718500596223427     
  -1.9702337623262605     
  -2.3218689912489863     
  -2.7362589022141650     
  -3.2246024802367645     
  -3.8000971433760560     
  -4.4782953404647472     
  -5.2775247763865600     
  -6.2193836173381332     
  -7.3293240539062605     
  -8.6373399865190468     
  -10.178777410347971     
  -11.995289391003785     
  -14.135961427888407     
  -16.658637604309003     
  -19.631483346714699     
  -23.134827006135279     
  -27.263330005663022     
  -32.128544171984949     
  -37.861925326177563     
  -44.618384531598544     
  -52.580472917493793     
  -61.963313107980291     
  -73.020410449394888     
  -86.050500989057014     
  -101.40562115682557     
  -119.50061709340741     
  -140.82435044700381     
  -165.95290327224535     
  -195.56513864936588     
  -230.46103725470755     
  -271.58330507338530     
  -320.04283577502429     
  -377.14871535861494     
  -444.44357932269355     
  -523.74527714338865     
  -617.19596914703379     
  -727.31998154350458     
  -857.09198185858952     
  -1010.0173156520639     
  -1190.2266737546199     
  -1402.5876461647651     
  -1652.8361746601950     
  -1947.7314534034217     
  -2295.2384598596409     
  -2704.7430442829259     
  -3187.3053849989037     
  -3755.9586524424408     
  -4426.0609453526795     
  -5215.7100006248302     
  -6146.2318728823793     
  -7242.7567765996719     
  -8534.8976364634309     
  -10057.549664112255     
  -11851.832546257789     
  -13966.200678634061     
  -16457.751416126575     
  -19393.766654207921     
  -22853.529354685099     
  -26930.464049696417     
  -31734.659102135720     
  -37395.838804187377     
  -44066.865536455683     
  -51927.866515868278     
  -61191.096517134334     
  -72106.667814878019     
  -84969.301997570379     
  -100126.28588152409     
  -117986.84624755298     
  -139033.19641114553     
  -163833.55275217563     
  -193057.47248945761     
  -227493.92662303257     
  -268072.59577281284     
  -315888.96360724448     
  -372233.88502606808     
  -438628.42700141057     
  -516864.92224846146     
  -609055.34352867305     
  -717688.30390669988     
  -845696.22101521562     
  -996534.45760712971     
  -1174274.5737895113     
  -1383714.2070532062     
  -1630506.5448057835     
  -1921312.8826827265     
  -2263982.3847090430     
  -2667763.8952084179     
  -3143555.5170014305     
  -3704198.6892178757     
  -4364824.6984471753     
  -5143262.9713389454     
  -6060522.1632871618     
  -7141357.0214289138     
  -8414936.3138159122     
  -9915629.8426653203     
  -11683935.771578142     
  -13767573.281142233     
  -16222770.026464622     
  -19115779.124143645     
  -22524666.586665172     
  -26541417.416107278     
  -31274417.163031057     
  -36851375.882238679     
  -43422773.347706474     
  -51165918.446118437     
  -60289732.231028542     
  -71040383.634302810     
  -83707929.824246645     
  -98634140.290577501     
  -116221715.65549098     
  -136945149.81796935     
  -161363528.34901598     
  -190135608.26314551     
  -224037585.80355537     
  -263984031.35305789     
  -311052555.97364706     
  -366512874.68619144     
  -431861050.14000976     
  -508859839.98502737     
  -599586235.81116533     
  -706487475.39565408     
  -832447038.42439926     
  -980862404.98471355     
  -1155736673.2169240     
  -1361786506.1071568     
  -1604569317.5712006     
  -1890633126.5817232     
  -2227693119.1037679     
  -2624839677.4916725     
  -3092783485.1633019     
  -3644144313.6596465     
  -4293791276.5463142     
  -5059243721.7420673     
  -5961143568.1440840     
  -7023811817.8942413     
  -8275904244.1742582     
  -9751183927.1509418     
  -11489431459.625280     
  -13537517353.907877     
  -15950665552.398268     
  -18793942094.041836     
  -22144009056.006592     
  -26091191038.006794     
  -30741909878.259254     
  -36221553211.949715     
  -42677854172.577980     
  -50284873308.516174     
  -59247690012.514313     
  -69807929877.756439     
  -82250276915.286789     
  -96910146100.774796     
  -114182722978.29413     
  -134533613876.96297     
  -158511393684.78409     
  -186762389241.34747     
  -220048096633.83554     
  -259265701630.80734     
  -305472256076.16705     
  -359913161542.46375     
  -424055727560.00305     
  -499628708420.22144     
  -588668883578.77332     
  -693575936391.62341     
  -817177109414.07495     
  -962803377795.66724     
  -1134379192502.4058     
  -1336528210543.4290     
  -1574697859910.6965     
  -1855306094148.3628     
  -2185914289007.8367     
  -2575430937601.2139     
  -3034351629790.1997     
  -3575041778564.5386     
  -4212069707173.1392     
  -4962599066755.0303     
  -5846851151675.1943     
  -6888649561699.8398     
  -8116061877200.1133     
  -9562155625424.5000     
  -11265888892824.061     
  -13273159563262.471     
  -15638041432249.279     
  -18424240478022.531     
  -21706810496758.234     
  -25574174290883.586     
  -30130504824294.570     
  -35498530447549.734     
  -41822839710552.828     
  -49273774726983.695     
  -58052017895599.227     
  -68393995444721.703     
  -80578243249846.953     
  -94932906271801.797     
  -111844573471002.78     
  -131768685992881.47     
  -155241798757303.75     
  -182896025459778.19     
  -215476055746100.03     
  -253859202535299.25     
  -299079019000141.56     
  -352353120763130.19     
  -415115962012467.62     
  -489057447530068.94     
  -576168419637400.00     
  -678794244027603.50     
  -799697936338578.25     
  -942134527991195.75     
  -1109938672172310.5     
  -1307627847014663.5     
  -1540523932593212.8     
  -1814896432602283.8     
  -2138131193790422.2     
  -2518929162065075.0     
  -2967540522078158.0     
  -3496040518788513.0     
  -4118654380555798.5     
  -4852140083893096.0     
  -5716239255595931.0     
  -6734208340394358.0     
  -7933444320803875.0     
  -9346221818506972.0     
  -11010561401730784.     
  -12971252451209278.     
  -15281058093266490.     
  -18002134604038688.     
  -21207703455450208.     
  -24984020966261172.     
  -29432698522879888.     
  -34673435759721120.     
  -40847240190991144.     
  -48120219863249240.     
  -56688051002365096.     
  -66781240773509296.     
  -78671326646161600.     
  -92678179032109520.     
  -1.0917860351950779E+017
  -1.2861647395707010E+017
  -1.5151466878788851E+017
  -1.7848913149767270E+017
  -2.1026543312944042E+017
  -2.4769828205952755E+017
  -2.9179450543464595E+017
  -3.4374011996430278E+017
  -4.0493221965332282E+017
  -4.7701653749730080E+017
  -5.6193169062633600E+017
  -6.6196129796444352E+017
  -7.7979537099694682E+017
  -9.1860262738700659E+017
  -1.0821156706465902E+018
  -1.2747313247278643E+018
  -1.5016288195409042E+018
  -1.7689090029560891E+018
  -2.0837583196920302E+018
  -2.4546419627895670E+018
  -2.8915313869933082E+018
  -3.4061722963447357E+018
  -4.0124003054163825E+018
  -4.7265127540724285E+018
  -5.5677066638039306E+018
  -6.5585946000453990E+018
  -7.7258122971203881E+018
  -9.1007343667518853E+018
  -1.0720317313558340E+019
  -1.2628092499547351E+019
  -1.4875335726076078E+019
  -1.7522444844141386E+019
  -2.0640562389476446E+019
  -2.4313486817671897E+019
  -2.8639923662964478E+019
  -3.3736137070382772E+019
  -3.9739072899507634E+019
  -4.6810037257623339E+019
  -5.5139029230199382E+019
  -6.4949844137522373E+019
  -7.6506084329071624E+019
  -9.0118238886817546E+019
  -1.0615202229856382E+020
  -1.2503819595244146E+020
  -1.4728413610017505E+020
  -1.7348745880735151E+020
  -2.0435206761091754E+020
  -2.4070705461823445E+020
  -2.8352896235206957E+020
  -3.3396800382562232E+020
  -3.9337894453972527E+020
  -4.6335747517914723E+020
  -5.4578305110099971E+020
  -6.4286934820619931E+020
  -7.5722368911727382E+020
  -8.9191703423166081E+020
  -1.0505664156316462E+021
  -1.2374320256092256E+021
  -1.4575315646555132E+021
  -1.7167749167087527E+021
  -2.0221227646636990E+021
  -2.3817734012340551E+021
  -2.8053827464412450E+021
  -3.3043234735469945E+021
  -3.8919901940246999E+021
  -4.5841588872861136E+021
  -5.3994102154495514E+021
  -6.3596280764375258E+021
  -7.4905867660337086E+021
  -8.8226424952734666E+021
  -1.0391547807352849E+022
  -1.2239410733088758E+022
  -1.4415824404133756E+022
  -1.6979197412607269E+022
  -1.9998320586978713E+022
  -2.3554212191096648E+022
  -2.7742291015972101E+022
  -3.2674935622212457E+022
  -3.8484498340282500E+022
  -4.5326854823262206E+022
  -5.3385584298920977E+022
  -6.2876892569143043E+022
  -7.4055409707677938E+022
  -8.7221017844882900E+022
  -1.0272689202823517E+023
  -1.2098896964902079E+023
  -1.4249710219906772E+023
  -1.6782818819150431E+023
  -1.9766163915304304E+023
  -2.3279759309318252E+023
  -2.7417836345120819E+023
  -3.2291369818517600E+023
  -3.8031052571813927E+023
  -4.4790798462746252E+023
  -5.2751867546977314E+023
  -6.2127723976444649E+023
  -7.3169756737226405E+023
  -8.6174016455427297E+023
  -1.0148914870621548E+024
  -1.1952573629761101E+024
  -1.4076730072420010E+024
  -1.6578325740601123E+024
  -1.9524417163284631E+024
  -2.2993972372381751E+024
  -2.7079986443341343E+024
  -3.1891972702919629E+024
  -3.7558896301652967E+024
  -4.4232628688217652E+024
  -5.2092015463799779E+024
  -6.1347666509698947E+024
  -7.2247596609666992E+024
  -8.5083867546838049E+024
  -1.0020040945213541E+025
  -1.1800223073330406E+025
  -1.3896626306488299E+025
  -1.6365413166282021E+025
  -1.9272719257255939E+025
  -2.2696423934323910E+025
  -2.6728235286432648E+025
  -3.1476145221325750E+025
  -3.7067320335070797E+025
  -4.3651505904974020E+025
  -5.1405034067123757E+025
  -6.0535543396813059E+025
  -7.1287536133265410E+025
  -8.3948921687761631E+025
  -9.8858721444914175E+025
  -1.1641614091504880E+026
  -1.3709125185095296E+026
  -1.6143756998123122E+026
  -1.9010686468491225E+026
  -2.2386659659135561E+026
  -2.6362044932945711E+026
  -3.1043250434669020E+026
  -3.6555570508025662E+026
  -4.3046537138967643E+026
  -5.0689866011353041E+026
  -5.9690102649635878E+026
  -7.0288092828722661E+026
  -8.2767423453337136E+026
  -9.7462006036001221E+026
  -1.1476500542621063E+027
  -1.3513935237835157E+027
  -1.5913012085154893E+027
  -1.8737910074011446E+027
  -2.2064195536781536E+027
  -2.5980842210758497E+027
  -3.0592609575257947E+027
  -3.6022842993305084E+027
  -4.2416770449894287E+027
  -4.9945383937524120E+027
  -5.8810009148307653E+027
  -6.9247685506815007E+027
  -8.1537500209059639E+027
  -9.6008045397649129E+027
  -1.1304619758024176E+028
  -1.3310745368753410E+028
  -1.5672809970909742E+028
  -1.8453953674820608E+028
  -2.1728514690424908E+028
  -2.5584014915821022E+028
  -3.0123497520964769E+028
  -3.5468278911913570E+028
  -4.1761188515133216E+028
  -4.9170382833700383E+028
  -5.7893835544544495E+028
  -6.8164623436374037E+028
  -8.0257149212092449E+028
  -9.4494467162854305E+028
  -1.1125690712908579E+029
  -1.3099222678026946E+029
  -1.5422756299223399E+029
  -1.8158350106348318E+029
  -2.1379063696824572E+029
  -2.5170907429703741E+029
  -2.9635137575531402E+029
  -3.4890958116017654E+029
  -4.1078701224558100E+029
  -4.8363571214344955E+029
  -5.6940051754736337E+029
  -6.7037093828392662E+029
  -7.8924222701835159E+029
  -9.2918726664152774E+029
  -1.0939411910414137E+030
  -1.2879009941203616E+030
  -1.5162427811067558E+030
  -1.7850597860453898E+030
  -2.1015248323362692E+030
  -2.4740815640369540E+030
  -2.9126695416618415E+030
  -3.4289891977776626E+030
  -4.0368137087857084E+030
  -4.7523560881161436E+030
  -5.5947012758460150E+030
  -6.5863147295701855E+030
  -7.7536410571929673E+030
  -9.1278086282885307E+030
  -1.0745458920489284E+031
  -1.2649722675951587E+031
  -1.4891368848514993E+031
  -1.7530156918502129E+031
  -2.0636428561334841E+031
  -2.4292981021987465E+031
  -2.8597272038881215E+031
  -3.3664014977153316E+031
  -3.9628233206488191E+031
  -4.6648854968435498E+031
  -5.4912944346610059E+031
  -6.4640680861914944E+031
  -7.6091220112902357E+031
  -8.9569591296857220E+031
  -1.0543481500174712E+032
  -1.2410945708422702E+032
  -1.4609087260500564E+032
  -1.7196443869266990E+032
  -2.0241912804195864E+032
  -2.3826583692433454E+032
  -2.8045895474694048E+032
  -3.3012174828133003E+032
  -3.8857623497909139E+032
  -4.5737833898416992E+032
  -5.3835926370217707E+032
  -6.3367417981412538E+032
  -7.4585952180122433E+032
  -8.7790041452633144E+032
  -1.0333100202527136E+033
  -1.2162229127972441E+033
  -1.4315049576958177E+033
  -1.6848826151658207E+033
  -1.9830950978864295E+033
  -2.3340734218321355E+033
  -2.7471511016464052E+033
  -3.2333120812221117E+033
  -3.8054824774874242E+033
  -4.4788738770247524E+033
  -5.2713872918324677E+033
  -6.2040884884555138E+033
  -7.3017672964241485E+033
  -8.5935957275184074E+033
  -1.0113902355717338E+034
  -1.1903083488080084E+034
  -1.4008675280739860E+034
  -1.6486615217540170E+034
  -1.9402726384374436E+034
  -2.2834463872654091E+034
  -2.6872969586555753E+034
  -3.1625489894316537E+034
  -3.7218220169734348E+034
  -4.3799651570107069E+034
  -5.1544508689775621E+034
  -6.0658382365509397E+034
  -7.1383180304371434E+034
  -8.4003539842396819E+034
  -9.8854372594993753E+034
  -1.1632974069969597E+035
  -1.3689329956942508E+035
  -1.6109058349968398E+035
  -1.8956345919977450E+035
  -2.2306712963247862E+035
  -2.6249013796140175E+035
  -3.0887790069941580E+035
  -3.6346039241762099E+035
  -4.2768471407252600E+035
  -5.0325340603337098E+035
  -5.9216951864460647E+035
  -6.9678963164227295E+035
  -8.1988622366333426E+035
  -9.6472103997788425E+035
  -1.1351313969431306E+036
  -1.3356317031775573E+036
  -1.5715328790821178E+036
  -1.8490828286738717E+036
  -2.1756316731882052E+036
  -2.5598261091786975E+036
  -3.0118380221012868E+036
  -3.5436333898387583E+036
  -4.1692885730856193E+036
  -4.9053623389359035E+036
  -5.7713334332760647E+036
  -6.7901152453391195E+036
  -7.9886611394750620E+036
  -9.3986764182731187E+036
  -1.1057455690458984E+037
  -1.3008867720347339E+037
  -1.5304513719893511E+037
  -1.8005089611647479E+037
  -2.1181988161186541E+037
  -2.4919183191983538E+037
  -2.9315445520023150E+037
  -3.4486948974797002E+037
  -4.0570335136805943E+037
  -4.7726317488824979E+037
  -5.6143919865682559E+037
  -6.6045460767493920E+037
  -7.7692414711819922E+037
  -9.1392304855533373E+037
  -1.0750680822194306E+038
  -1.2646128673369257E+038
  -1.4875599471250571E+038
  -1.7497925754487934E+038
  -2.0582296798236979E+038
  -2.4210080740255070E+038
  -2.8476967089616392E+038
  -3.3495485914097932E+038
  -3.9397969887528574E+038
  -4.6340036998145094E+038
  -5.4504685377367146E+038
  -6.4107107762767023E+038
  -7.5400351979346554E+038
  -8.8681976003067877E+038
  -1.0430187223986696E+039
  -1.2267146629359249E+039
  -1.4427453150824695E+039
  -1.6967990289451005E+039
  -1.9955642379342358E+039
  -2.3469051709039996E+039
  -2.7600684149676205E+039
  -3.2459257415720924E+039
  -3.8172595572699645E+039
  -4.4890984556773743E+039
  -5.2791116574398272E+039
  -6.2080726648091566E+039
  -7.3004042668073166E+039
  -8.5848191570713826E+039
  -1.0095072924735470E+040
  -1.1870849114183779E+040
  -1.3958799498646281E+040
  -1.6413766765197462E+040
  -1.9300221570230961E+040
  -2.2693951518806286E+040
  -2.6684046193910628E+040
  -3.1375230083558827E+040
  -3.6890604325500727E+040
  -4.3374868846872360E+040
  -5.0998108996294108E+040
  -5.9960245473853158E+040
  -7.0496263641975873E+040
  -8.2882358595839693E+040
  -9.7443156212299258E+040
  -1.1456019839968564E+041
  -1.3468191366340058E+041
  -1.5833533273658029E+041
  -1.8613985440235070E+041
  -2.1882341992976296E+041
  -2.5724151713944164E+041
  -3.0239950862756366E+041
  -3.5547886501022582E+041
  -4.1786798543771948E+041
  -4.9119840669131214E+041
  -5.7738734199133233E+041
  -6.7868765482723777E+041
  -7.9774656590839907E+041
  -9.3767461770599498E+041
  -1.1021266868538515E+042
  -1.2953971467562560E+042
  -1.5225316491614218E+042
  -1.7894584236452673E+042
  -2.1031424989956876E+042
  -2.4717668434001210E+042
  -2.9049451163830212E+042
  -3.4139715425261970E+042
  -4.0121143761508180E+042
  -4.7149605520051431E+042
  -5.5408204385199671E+042
  -6.5112031613101171E+042
  -7.6513747851398001E+042
  -8.9910137792523331E+042
  -1.0564980698597537E+043
  -1.2414221956363386E+043
  -1.4586831016744076E+043
  -1.7139294389507220E+043
  -2.0137954563402571E+043
  -2.3660727595456754E+043
  -2.7799119620416964E+043
  -3.2660594226379662E+043
  -3.8371351655196997E+043
  -4.5079591359689678E+043
  -5.2959341853804063E+043
  -6.2214956342958139E+043
  -7.3086389690784783E+043
  -8.5855392300076523E+043
  -1.0085277996963766E+044
  -1.1846696633240374E+044
  -1.3915397678388528E+044
  -1.6344920069452677E+044
  -1.9198118312691194E+044
  -2.2548780937626371E+044
  -2.6483529674149156E+044
  -3.1104047956219965E+044
  -3.6529695753846697E+044
  -4.2900577581005453E+044
  -5.0381142069978370E+044
  -5.9164405033890123E+044
  -6.9476903800695102E+044
  -8.1584509193697332E+044
  -9.5799243324594117E+044
  -1.1248727690395913E+045
  -1.3207830970385370E+045
  -1.5507657288060681E+045
  -1.8207373296408532E+045
  -2.1376402547484537E+045
  -2.5096200255039190E+045
  -2.9462334506040354E+045
  -3.4586926712330358E+045
  -4.0601513164004656E+045
  -4.7660400170236125E+045
  -5.5944597716458047E+045
  -6.5666431139434453E+045
  -7.7074947386906424E+045
  -9.0462252410990787E+045
  -1.0617093964119701E+046
  -1.2460279687495056E+046
  -1.4622901099047962E+046
  -1.7160212742352819E+046
  -2.0137006528475564E+046
  -2.3629254041511625E+046
  -2.7726030885172006E+046
  -3.2531771359072229E+046
  -3.8168909992100344E+046
  -4.4780976098934830E+046
  -5.2536218801222265E+046
  -6.1631853143700471E+046
  -7.2299033360731735E+046
  -8.4808677387586367E+046
  -9.9478287803950954E+046
  -1.1667993905888585E+047
  -1.3684962965724636E+047
  -1.6049823168819065E+047
  -1.8822430946459518E+047
  -2.2072912507211718E+047
  -2.5883420241131974E+047
  -3.0350188415387531E+047
  -3.5585938943819544E+047
  -4.1722696586582935E+047
  -4.8915082948491655E+047
  -5.7344170335846647E+047
  -6.7221990180683495E+047
  -7.8796806673972091E+047
  -9.2359284844329622E+047
  -1.0824970401756001E+048
  -1.2686639290849674E+048
  -1.4867559212801319E+048
  -1.7422298433020358E+048
  -2.0414717238661461E+048
  -2.3919543279670552E+048
  -2.8024212611992162E+048
  -3.2831020981559384E+048
  -3.8459637297849994E+048
  -4.5050039877461593E+048
  -5.2765946090339740E+048
  -6.1798817744920169E+048
  -7.2372538171397660E+048
  -8.4748872815216182E+048
  -9.9233843595679757E+048
  -1.1618516873435254E+049
  -1.3602094469754592E+049
  -1.5922977588555494E+049
  -1.8638259138485539E+049
  -2.1814642722554979E+049
  -2.5530049801840040E+049
  -2.9875493458078591E+049
  -3.4957262534922649E+049
  -4.0899467034414742E+049
  -4.7847003872851672E+049
  -5.5969011634520353E+049
  -6.5462894005192850E+049
  -7.6559004352285479E+049
  -8.9526098712160646E+049
  -1.0467768155328786E+050
  -1.2237938845748738E+050
  -1.4305757270131721E+050
  -1.6720928908397084E+050
  -1.9541389875937299E+050
  -2.2834655388350887E+050
  -2.6679386125968724E+050
  -3.1167207062152967E+050
  -3.6404818660416195E+050
  -4.2516446479841709E+050
  -4.9646682266408519E+050
  -5.7963777673429689E+050
  -6.7663460985799892E+050
  -7.8973357774198298E+050
  -9.2158108447510286E+050
  -1.0752528939255749E+051
  -1.2543225999550128E+051
  -1.4629407555227538E+051
  -1.7059262613597671E+051
  -1.9888718415178166E+051
  -2.3182656884030452E+051
  -2.7016316465977687E+051
  -3.1476906255506516E+051
  -3.6665462886249160E+051
  -4.2698984622857883E+051
  -4.9712881461042260E+051
  -5.7863784826442724E+051
  -6.7332765658336106E+051
  -7.8329015249471449E+051
  -9.1094049141997791E+051
  -1.0590650057006587E+052
  -1.2308757626346795E+052
  -1.4300725369091160E+052
  -1.6609130474798205E+052
  -1.9282923609164034E+052
  -2.2378324024798228E+052
  -2.5959825353260633E+052
  -3.0101321572279561E+052
  -3.4887362096638875E+052
  -4.0414543781638237E+052
  -4.6793045617315872E+052
  -5.4148308716761014E+052
  -6.2622859450608370E+052
  -7.2378266710530780E+052
  -8.3597214586617934E+052
  -9.6485658285720215E+052
  -1.1127501268057322E+053
  -1.2822429786594769E+053
  -1.4762213241704851E+053
  -1.6978841995718489E+053
  -1.9507551455410066E+053
  -2.2386857066232124E+053
  -2.5658467761583663E+053
  -2.9367023889511547E+053
  -3.3559587179038675E+053
  -3.8284785945151764E+053
  -4.3591486584356467E+053
  -4.9526819985579484E+053
  -5.6133335453777434E+053
  -6.3444980687749205E+053
  -7.1481508347735868E+053
  -8.0240779851666636E+053
  -8.9688264572995319E+053
  -9.9742803178292111E+053
  -1.1025739797041816E+054
  -1.2099338441183127E+054
  -1.3158579069085694E+054
  -1.4149695768118053E+054
  -1.4995450423932452E+054
  -1.5586839465138776E+054
  -1.5772008242211746E+054
  -1.5341433429101738E+054
  -1.4008128723418183E+054
  -1.1381287177722184E+054
  -6.9317760538690553E+053
  -6.2947417160651708E+049
