   0.0000000000000000     
  -1.1011010049952404E-016
  -2.2245784258168745E-016
  -3.3932629551216795E-016
  -4.6309034581363551E-016
  -5.9626495469066579E-016
  -7.4155625977552810E-016
  -9.0191655945440536E-016
  -1.0806042968599536E-015
  -1.2812502621354070E-015
  -1.5079313578484982E-015
  -1.7652534260238691E-015
  -2.0584448192887917E-015
  -2.3934626168253760E-015
  -2.7771136426234563E-015
  -3.2171927441463318E-015
  -3.7226411400605868E-015
  -4.3037280532590477E-015
  -4.9722593182984327E-015
  -5.7418172001825720E-015
  -6.6280362952712824E-015
  -7.6489211178543183E-015
  -8.8252118224775149E-015
  -1.0180805489632855E-014
  -1.1743241530773518E-014
  -1.3544261070698724E-014
  -1.5620451667608511E-014
  -1.8013990464056198E-014
  -2.0773500860810018E-014
  -2.3955040110856373E-014
  -2.7623237889237357E-014
  -3.1852608960087325E-014
  -3.6729066597357520E-014
  -4.2351667492062807E-014
  -4.8834623579207355E-014
  -5.6309621637268674E-014
  -6.4928497762268574E-014
  -7.4866321023896654E-014
  -8.6324948919152906E-014
  -9.9537126818192771E-014
  -1.1477121464195109E-013
  -1.3233663674589691E-013
  -1.5259016566743865E-013
  -1.7594316732411586E-013
  -2.0286995476942910E-013
  -2.3391742011920177E-013
  -2.6971614021056785E-013
  -3.1099318147475966E-013
  -3.5858686400112182E-013
  -4.1346378454338770E-013
  -4.7673844407752339E-013
  -5.4969587839415208E-013
  -6.3381775117088570E-013
  -7.3081243925812078E-013
  -8.4264972095260162E-013
  -9.7160077147108217E-013
  -1.1202842775681401E-012
  -1.2917196074540454E-012
  -1.4893881153814502E-012
  -1.7173038253900293E-012
  -1.9800949290770891E-012
  -2.2830977517631607E-012
  -2.6324650944992647E-012
  -3.0352911511527250E-012
  -3.4997555362325290E-012
  -4.0352893470003914E-012
  -4.6527666306311248E-012
  -5.3647251428108484E-012
  -6.1856208786571163E-012
  -7.1321215422747953E-012
  -8.2234449115338300E-012
  -9.4817489658057533E-012
  -1.0932581694913118E-011
  -1.2605399718745743E-011
  -1.4534166243455743E-011
  -1.6758040490194112E-011
  -1.9322172588663035E-011
  -2.2278620067993931E-011
  -2.5687404545045670E-011
  -2.9617730055215119E-011
  -3.4149387750985020E-011
  -3.9374375475250709E-011
  -4.5398765076693987E-011
  -5.2344855361568557E-011
  -6.0353654372215746E-011
  -6.9587741365024513E-011
  -8.0234566564952677E-011
  -9.2510255656434221E-011
  -1.0666399621170644E-010
  -1.2298309506505818E-010
  -1.4179880925474709E-010
  -1.6349306884951315E-010
  -1.8850622807210805E-010
  -2.1734600199512745E-010
  -2.5059777013787543E-010
  -2.8893645602490983E-010
  -3.3314022373983053E-010
  -3.8410626937030846E-010
  -4.4286902774000392E-010
  -5.1062116382191423E-010
  -5.8873777471965576E-010
  -6.7880429323401921E-010
  -7.8264865912283101E-010
  -9.0237841073569391E-010
  -1.0404234495173933E-009
  -1.1995853449489814E-009
  -1.3830941801675887E-009
  -1.5946740914655623E-009
  -1.8386188312186266E-009
  -2.1198788871077784E-009
  -2.4441619249037225E-009
  -2.8180485923293782E-009
  -3.2491260330856759E-009
  -3.7461418193367950E-009
  -4.3191814250872998E-009
  -4.9798728403433121E-009
  -5.7416224764146106E-009
  -6.6198871473465033E-009
  -7.6324876441378480E-009
  -8.7999702619407234E-009
  -1.0146023612951888E-008
  -1.1697959178915092E-008
  -1.3487265349790203E-008
  -1.5550246185418585E-008
  -1.7928757855139880E-008
  -2.0671057691128167E-008
  -2.3832783074875201E-008
  -2.7478080009054695E-008
  -3.1680904262331398E-008
  -3.6526521474069004E-008
  -4.2113236640285675E-008
  -4.8554388053393745E-008
  -5.5980646130532757E-008
  -6.4542663747367351E-008
  -7.4414131821395489E-008
  -8.5795302105578003E-008
  -9.8917048626019380E-008
  -1.1404555011852910E-007
  -1.3148768840954665E-007
  -1.5159727220233906E-007
  -1.7478221246380169E-007
  -2.0151279489981107E-007
  -2.3233121724893751E-007
  -2.6786258476624318E-007
  -3.0882758683059137E-007
  -3.5605711168953599E-007
  -4.1050909564618739E-007
  -4.7328794828877999E-007
  -5.4566694758402051E-007
  -6.2911405885801918E-007
  -7.2532170109378806E-007
  -8.3624106398850801E-007
  -9.6412167145856792E-007
  -1.1115569936251362E-006
  -1.2815370319128291E-006
  -1.4775089432333364E-006
  -1.7034469321687906E-006
  -1.9639328279181271E-006
  -2.2642489793301266E-006
  -2.6104853510075375E-006
  -3.0096629912864596E-006
  -3.4698763747060300E-006
  -4.0004575041085956E-006
  -4.6121650985006743E-006
  -5.3174027011951984E-006
  -6.1304701288463910E-006
  -7.0678533576548020E-006
  -8.1485587219507740E-006
  -9.3944981983411798E-006
  -1.0830933583819317E-005
  -1.2486988569664195E-005
  -1.4396239088770653E-005
  -1.6597393900127899E-005
  -1.9135079202632302E-005
  -2.2060743178321358E-005
  -2.5433698795150659E-005
  -2.9322326000829801E-005
  -3.3805457668733497E-005
  -3.8973977379929324E-005
  -4.4932661417326158E-005
  -5.1802302295784904E-005
  -5.9722156855964559E-005
  -6.8852768525234998E-005
  -7.9379220929357369E-005
  -9.1514888777347947E-005
  -1.0550576201599264E-004
  -1.2163543086390201E-004
  -1.4023083272299524E-004
  -1.6166887739902009E-004
  -1.8638408485471903E-004
  -2.1487739022986384E-004
  -2.4772629450696740E-004
  -2.8559656645887481E-004
  -3.2925573293661275E-004
  -3.7958863077915063E-004
  -4.3761533538460917E-004
  -5.0451182912052660E-004
  -5.8163382824380949E-004
  -6.7054425097261739E-004
  -7.7304488309798002E-004
  -8.9121288253561409E-004
  -1.0274428622194995E-003
  -1.1844954037125257E-003
  -1.3655529841432893E-003
  -1.5742844492086703E-003
  -1.8149193380486645E-003
  -2.0923335653069649E-003
  -2.4121481956769762E-003
  -2.7808433113543714E-003
  -3.2058892784411343E-003
  -3.6958980706593304E-003
  -4.2607977148676679E-003
  -4.9120333910517020E-003
  -5.6627992591564797E-003
  -6.5283057072732719E-003
  -7.5260874328731218E-003
  -8.6763585955161454E-003
  -1.0002422232490734E-002
  -1.1531142227441100E-002
  -1.3293487388460812E-002
  -1.5325158651996349E-002
  -1.7667312111764963E-002
  -2.0367392511804912E-002
  -2.3480094079004171E-002
  -2.7068468148253561E-002
  -3.1205200004910481E-002
  -3.5974080794675990E-002
  -4.1471704299601002E-002
  -4.7809422930652233E-002
  -5.5115602534194827E-002
  -6.3538221658059807E-002
  -7.3247867894950622E-002
  -8.4441191957881689E-002
  -9.7344889406755147E-002
 -0.11222029062452514     
 -0.12936865195175226     
 -0.14913725507878925     
 -0.17192643815247136     
 -0.19819770090996425     
 -0.22848304788782758     
 -0.26339575880912464     
 -0.30364280413242195     
 -0.35003915703805288     
 -0.40352429150255298     
 -0.46518120034802740     
 -0.53625831814423219     
 -0.61819479261882060     
 -0.71264961598448329     
 -0.82153520569109295     
 -0.94705611413618096     
  -1.0917536506390597     
  -1.2585573186015671     
  -1.4508441086611437     
  -1.6725068475784861     
  -1.9280329858068310     
  -2.2225954178682681     
  -2.5621571730852031     
  -2.9535920948051144     
  -3.4048239496884318     
  -3.9249867814434327     
  -4.5246097531275202     
  -5.2158302174812334     
  -6.0126393257362674     
  -6.9311651434873260     
  -7.9899990008476633     
  -9.2105716785591589     
  -10.617587039680549     
  -12.239521878311656     
  -14.109202096017615     
  -16.264466860271217     
  -18.748934178542278     
  -21.612883372602735     
  -24.914272301647756     
  -28.719909907748033     
  -33.106807798031738     
  -38.163738198340162     
  -43.993029786091746     
  -50.712637720078817     
  -58.458529729136544     
  -67.387436512130193     
  -77.680022067673718     
  -89.544538062301029     
  -103.22103613206417     
  -118.98622329252098     
  -137.15905863377372     
  -158.10720446339516     
  -182.25446233359452     
  -210.08934429891440     
  -242.17495269946323     
  -279.16036821592371     
  -321.79377643085462     
  -370.93759827219515     
  -427.58593021947803     
  -492.88464683949275     
  -568.15457202933771     
  -654.91818736820881     
  -754.93041746804897     
  -870.21411461168179     
  -1003.1009599400002     
  -1156.2786079159214     
  -1332.8450269636128     
  -1536.3711346058446     
  -1770.9729930379694     
  -2041.3950242699841     
  -2353.1059266408865     
  -2712.4092311600866     
  -3126.5707319430567     
  -3603.9653659577743     
  -4154.2465102713013     
  -4788.5411179192297     
  -5519.6746355625392     
  -6362.4302477902011     
  -7333.8476864231898     
  -8453.5676424822141     
  -9744.2287397389809     
  -11231.925090583636     
  -12946.733678750923     
  -14923.322223967463     
  -17201.649809294242     
  -19827.774425668689     
  -22854.783747732916     
  -26343.867944073048     
  -30365.556193743483     
  -35001.141887329512     
  -40344.325301564728     
  -46503.106928601286     
  -53601.969703098439     
  -61784.394204539494     
  -71215.757636384937     
  -82086.675133557044     
  -94616.850881768376     
  -109059.51682664566     
  -125706.54861525494     
  -144894.36208697833     
  -167010.70939072440     
  -192502.51196925825     
  -221884.88858559876     
  -255751.56069344113     
  -294786.84526033007     
  -339779.47719999234     
  -391638.54050555627     
  -451411.82974367077     
  -520307.01262976805     
  -599716.02094683086     
  -691243.16223491495     
  -796737.51978116808     
  -918330.29499547125     
  -1058477.8460114247     
  -1220011.2913187784     
  -1406193.6797309411     
  -1620785.8806929064     
  -1868122.5249212782     
  -2153199.5281891967     
  -2481774.9648161549     
  -2860485.3268109858     
  -3296979.5150794405     
  -3800073.2669078866     
  -4379927.1362883504     
  -5048251.6188741997     
  -5818543.5610345220     
  -6706358.6236542678     
  -7729625.2987352489     
  -8909006.8151594605     
  -10268318.236085853     
  -11835007.163846236     
  -13640707.751336578     
  -15721879.197638938     
  -18120541.609773014     
  -20885124.076424528     
  -24071442.062827390     
  -27743823.844318822     
  -31976408.702026915     
  -36854643.068287544     
  -42477004.801556200     
  -48956990.371255852     
  -56425405.034924336     
  -65033002.200065263     
  -74953525.204420939     
  -86387212.862899259     
  -99564839.480645105     
  -114752370.80822197     
  -132256329.83374523     
  -152429980.61836419     
  -175680454.87413585     
  -202476964.98942351     
  -233360269.10948008     
  -268953579.12017643     
  -309975131.46949607     
  -357252674.28049624     
  -411740162.83628088     
  -474537000.03037739     
  -546910209.67153931     
  -630319989.64381909     
  -726449160.04158831     
  -837237099.89725757     
  -964918856.57801592     
  -1112070216.1690855     
  -1281659643.2844486     
  -1477108137.1712303     
  -1702358210.4889317     
  -1961953380.9621656     
  -2261129777.9274487     
  -2605921709.8867602     
  -3003283320.4585376     
  -3461228784.2446661     
  -3988993867.6367097     
  -4597222109.9868279     
  -5298179376.5347595     
  -6106001105.9977846     
  -7036977234.3023109     
  -8109880534.8225145     
  -9346344989.9711895     
  -10771301816.664953     
  -12413481929.345055     
  -14305994962.250332     
  -16486996514.442514     
  -19000457057.710327     
  -21897047994.685841     
  -25235162713.497829     
  -29082093203.538807     
  -33515385929.139557     
  -38624404267.160896     
  -44512128973.356247     
  -51297232934.517319     
  -59116471985.315445     
  -68127439931.498520     
  -78511743252.717850     
  -90478659406.247696     
  -104269352387.18373     
  -120161730417.19719     
  -138476043558.22104     
  -159581333939.53748     
  -183902868446.18097     
  -211930703488.52148     
  -244229554255.03009     
  -281450167100.76654     
  -324342423971.01416     
  -373770442611.01746     
  -430729976469.82056     
  -496368464476.30066     
  -572008134179.04858     
  -659172623170.79272     
  -759617654497.72375     
  -875366383307.44495     
  -1008750125955.9932     
  -1162455291063.5540     
  -1339577456756.7131     
  -1543683682070.0850     
  -1778884306091.2290     
  -2049915679248.7974     
  -2362235491000.2192     
  -2722132611490.7788     
  -3136853656621.8188     
  -3614748822247.6494     
  -4165439920676.5640     
  -4800013999067.1553     
  -5531246433657.3672     
  -6373857986375.4053     
  -7344810993165.7412     
  -8463650640038.4316     
  -9752898189220.3770     
  -11238504062062.043     
  -12950369888510.547     
  -14922950019169.031     
  -17195944593067.336     
  -19815098094349.930     
  -22833119451101.652     
  -26310742172059.062     
  -30317945831048.297     
  -34935363451162.875     
  -40255903076053.430     
  -46386616119252.859     
  -53450850040617.297     
  -61590728611277.039     
  -70970009609649.734     
  -81777377373197.141     
  -94230236365919.844     
  -108579081985437.88     
  -125112536427914.22     
  -144163150786770.75     
  -166114089950228.38     
  -191406834592040.03     
  -220550054975193.06     
  -254129834819739.22     
  -292821450595478.50     
  -337402942831962.94     
  -388770752018876.62     
  -447957733121199.38     
  -516153910487334.94     
  -594730389942604.00     
  -685266908238828.88     
  -789583573044529.00     
  -909777430774088.50     
  -1048264596455296.5     
  -1207828791466430.0     
  -1391677263575387.8     
  -1603505211863379.5     
  -1847570009785237.2     
  -2128776716229926.2     
  -2452776590940597.0     
  -2826080591574887.0     
  -3256190130264378.5     
  -3751747713793224.0     
  -4322710490401383.5     
  -4980550185723780.0     
  -5738483439713555.0     
  -6611737166175435.0     
  -7617854258975356.0     
  -8777045778172913.0     
  -10112596681459938.     
  -11651333240060868.     
  -13424161515174498.     
  -15466687695896426.     
  -17819932740904674.     
  -20531155656901108.     
  -23654801924755520.     
  -27253596093126260.     
  -31399800449285504.     
  -36176665005843304.     
  -41680097876716680.     
  -48020589532826144.     
  -55325429516079944.     
  -63741260051114136.     
  -73437017745351664.     
  -84607322344398432.     
  -97476380467304016.     
  -1.1230248256410728E+017
  -1.2938318322291469E+017
  -1.4906126864342538E+017
  -1.7173163086233779E+017
  -1.9784918647905421E+017
  -2.2793799855105078E+017
  -2.6260178442588112E+017
  -3.0253602003324909E+017
  -3.4854188313133146E+017
  -4.0154231482623296E+017
  -4.6260052109888666E+017
  -5.3294128492842931E+017
  -6.1397551587240422E+017
  -7.0732852877769869E+017
  -8.1487261794829798E+017
  -9.3876457907984550E+017
  -1.0814889303062470E+018
  -1.2459076977706721E+018
  -1.4353177625132372E+018
  -1.6535169167874002E+018
  -1.9048799522021243E+018
  -2.1944463028216102E+018
  -2.5280209975517542E+018
  -2.9122909424240973E+018
  -3.3549588600764140E+018
  -3.8648975669540797E+018
  -4.4523276755773414E+018
  -5.1290222777666601E+018
  -5.9085427043542385E+018
  -6.8065100784174356E+018
  -7.8409180948666132E+018
  -9.0324932836067502E+018
  -1.0405109962937633E+019
  -1.1986268183327433E+019
  -1.3807644221030107E+019
  -1.5905724631370711E+019
  -1.8322536541859723E+019
  -2.1106488788973867E+019
  -2.4313340717869564E+019
  -2.8007318015710392E+019
  -3.2262397887631876E+019
  -3.7163789268295582E+019
  -4.2809637659050631E+019
  -4.9312988668712313E+019
  -5.6804049504461152E+019
  -6.5432793611511816E+019
  -7.5371960514781200E+019
  -8.6820510809578602E+019
  -1.0000760533885082E+020
  -1.1519718806311122E+020
  -1.3269326418470732E+020
  -1.5284597897102364E+020
  -1.7605861870848947E+020
  -2.0279567362973342E+020
  -2.3359212385705666E+020
  -2.6906413381937322E+020
  -3.0992136871369356E+020
  -3.5698117895666205E+020
  -4.1118493585202892E+020
  -4.7361684462944053E+020
  -5.4552561044428292E+020
  -6.2834938985283400E+020
  -7.2374452582616570E+020
  -8.3361863984637254E+020
  -9.6016874154384490E+020
  -1.1059251164162249E+021
  -1.2738018674123177E+021
  -1.4671551188633675E+021
  -1.6898500440430663E+021
  -1.9463380535798541E+021
  -2.2417456845345760E+021
  -2.5819769632277990E+021
  -2.9738312834990657E+021
  -3.4251391513530477E+021
  -3.9449185030521912E+021
  -4.5435547137410623E+021
  -5.2330078857957527E+021
  -6.0270515496790283E+021
  -6.9415475359664822E+021
  -7.9947624978457297E+021
  -9.2077323931186920E+021
  -1.0604682190064309E+022
  -1.2213509161450962E+022
  -1.4066339397404256E+022
  -1.6200168625925800E+022
  -1.8657600108620985E+022
  -2.1487694312012681E+022
  -2.4746947280126144E+022
  -2.8500417196072142E+022
  -3.2823021570064919E+022
  -3.7801030887324200E+022
  -4.3533788459126273E+022
  -5.0135690721593202E+022
  -5.7738467409092674E+022
  -6.6493806995337376E+022
  -7.6576379663959911E+022
  -8.8187317977950584E+022
  -1.0155822452095892E+023
  -1.1695578626388964E+023
  -1.3468708747561131E+023
  -1.5510572688652920E+023
  -1.7861886080404882E+023
  -2.0569531228703269E+023
  -2.3687490767765464E+023
  -2.7277922618421178E+023
  -3.1412397629163200E+023
  -3.6173324510491828E+023
  -4.1655590394607845E+023
  -4.7968449636555887E+023
  -5.5237698404470949E+023
  -6.3608178283456311E+023
  -7.3246658652413399E+023
  -8.4345155115446881E+023
  -9.7124749928439446E+023
  -1.1183999032870968E+024
  -1.2878395214892640E+024
  -1.4829406930307786E+024
  -1.7075884493403198E+024
  -1.9662557751033124E+024
  -2.2640925530106507E+024
  -2.6070279584099615E+024
  -3.0018883368284990E+024
  -3.4565329044836432E+024
  -3.9800099654264811E+024
  -4.5827367458768894E+024
  -5.2767064146618275E+024
  -6.0757263977344835E+024
  -6.9956927152012890E+024
  -8.0549057833970247E+024
  -9.2744339464574131E+024
  -1.0678531947807327E+025
  -1.2295122640726795E+025
  -1.4156351490214120E+025
  -1.6299224860520614E+025
  -1.8766344742506143E+025
  -2.1606754485179562E+025
  -2.4876912294211452E+025
  -2.8641811790298415E+025
  -3.2976271832029096E+025
  -3.7966421158898343E+025
  -4.3711407266555710E+025
  -5.0325363364452785E+025
  -5.7939672373445148E+025
  -6.6705572798492198E+025
  -7.6797158075460079E+025
  -8.8414828774732717E+025
  -1.0178926600155332E+026
  -1.1718600464057483E+026
  -1.3491069695344325E+026
  -1.5531517068745470E+026
  -1.7880440155974150E+026
  -2.0584453805492589E+026
  -2.3697213727125014E+026
  -2.7280479448102617E+026
  -3.1405337660776221E+026
  -3.6153610150744893E+026
  -4.1619474139985494E+026
  -4.7911327074590772E+026
  -5.5153932713605118E+026
  -6.3490890929298193E+026
  -7.3087480019453212E+026
  -8.4133927684743912E+026
  -9.6849175283835615E+026
  -1.1148520971205292E+027
  -1.2833204844793517E+027
  -1.4772347619619287E+027
  -1.7004364637906012E+027
  -1.9573467778250754E+027
  -2.2530539628477931E+027
  -2.5934139416820969E+027
  -2.9851660548523865E+027
  -3.4360662582665018E+027
  -3.9550403921172171E+027
  -4.5523605436183674E+027
  -5.2398479810833043E+027
  -6.0311066601576729E+027
  -6.9417919050160085E+027
  -7.9899195598473823E+027
  -9.1962217025894850E+027
  -1.0584555929265659E+028
  -1.2182376271425513E+028
  -1.4021275021777934E+028
  -1.6137606137931115E+028
  -1.8573202498584892E+028
  -2.1376201132029077E+028
  -2.4601992659582861E+028
  -2.8314313638289289E+028
  -3.2586503295623651E+028
  -3.7502949379232387E+028
  -4.3160751560091973E+028
  -4.9671635100758682E+028
  -5.7164152415276936E+028
  -6.5786215800080559E+028
  -7.5708011116540067E+028
  -8.7125349682948353E+028
  -1.0026352423303751E+029
  -1.1538174468784622E+029
  -1.3277824086138274E+029
  -1.5279613230050812E+029
  -1.7583018050156399E+029
  -2.0233455604456344E+029
  -2.3283177307835056E+029
  -2.6792296646573377E+029
  -3.0829971320311322E+029
  -3.5475762997834572E+029
  -4.0821201351419464E+029
  -4.6971583034176517E+029
  -5.4048040863945684E+029
  -6.2189923765561465E+029
  -7.1557534103884301E+029
  -8.2335276031478109E+029
  -9.4735276513523565E+029
  -1.0900154993519385E+030
  -1.2541478782340665E+030
  -1.4429786743264683E+030
  -1.6602218699140634E+030
  -1.9101495155524691E+030
  -2.1976755197894984E+030
  -2.5284520086502932E+030
  -2.9089801388435611E+030
  -3.3467375307409424E+030
  -3.8503248114716278E+030
  -4.4296341312645257E+030
  -5.0960429447059384E+030
  -5.8626368411882028E+030
  -6.7444657750727000E+030
  -7.7588386969747441E+030
  -8.9256623357337346E+030
  -1.0267830740579006E+031
  -1.1811673181424170E+031
  -1.3587469141291106E+031
  -1.5630040440606680E+031
  -1.7979432033840462E+031
  -2.0681694743739712E+031
  -2.3789785180679833E+031
  -2.7364600372770265E+031
  -3.1476167250438240E+031
  -3.6205010137921380E+031
  -4.1643722861640306E+031
  -4.7898776058659604E+031
  -5.5092594834193237E+031
  -6.3365947163604836E+031
  -7.2880689462953473E+031
  -8.3822922679267037E+031
  -9.6406620211119717E+031
  -1.1087779811535364E+032
  -1.2751930856334031E+032
  -1.4665634958266034E+032
  -1.6866279799021068E+032
  -1.9396848835780513E+032
  -2.2306757915826542E+032
  -2.5652816827130973E+032
  -2.9500334418903218E+032
  -3.3924388701528145E+032
  -3.9011286523556700E+032
  -4.4860241085716816E+032
  -5.1585299758666738E+032
  -5.9317559503222062E+032
  -6.8207712741829874E+032
  -7.8428972904654860E+032
  -9.0180436195074180E+032
  -1.0369094452804315E+033
  -1.1922352425186198E+033
  -1.3708048635436003E+033
  -1.5760928659079942E+033
  -1.8120925859667020E+033
  -2.0833934984382545E+033
  -2.3952700958426750E+033
  -2.7537840007096960E+033
  -3.1659012777247545E+033
  -3.6396272049320376E+033
  -4.1841610983160488E+033
  -4.8100741689300541E+033
  -5.5295138335689472E+033
  -6.3564384072152041E+033
  -7.3068866877805589E+033
  -8.3992876121075114E+033
  -9.6548159295013399E+033
  -1.1097800719825745E+034
  -1.2756194594152108E+034
  -1.4662112576305994E+034
  -1.6852450995431895E+034
  -1.9369598248165248E+034
  -2.2262251043140253E+034
  -2.5586351753613414E+034
  -2.9406164814068978E+034
  -3.3795512747515155E+034
  -3.8839195451918282E+034
  -4.4634619864352037E+034
  -5.1293671125889836E+034
  -5.8944860964635559E+034
  -6.7735794285244082E+034
  -7.7836001000200151E+034
  -8.9440187074919928E+034
  -1.0277196671601122E+035
  -1.1808814675947117E+035
  -1.3568364478480723E+035
  -1.5589713448870441E+035
  -1.7911752562333078E+035
  -2.0579140159798935E+035
  -2.3643155595460024E+035
  -2.7162678969663273E+035
  -3.1205315526625288E+035
  -3.5848686027090394E+035
  -4.1181907536844028E+035
  -4.7307292661370588E+035
  -5.4342299371853032E+035
  -6.2421768284829648E+035
  -7.1700489664973878E+035
  -8.2356148618225698E+035
  -9.4592704046055062E+035
  -1.0864426507286922E+036
  -1.2477953798849487E+036
  -1.4330692743916397E+036
  -1.6458038785143387E+036
  -1.8900613511054228E+036
  -2.1705034459716600E+036
  -2.4924798011122279E+036
  -2.8621291931789326E+036
  -3.2864956552812768E+036
  -3.7736616331826719E+036
  -4.3329006720986378E+036
  -4.9748524895340149E+036
  -5.7117237055421195E+036
  -6.5575179780697597E+036
  -7.5282998363772180E+036
  -8.6424971298506480E+036
  -9.9212477242431390E+036
  -1.1388796895508334E+037
  -1.3072952807808976E+037
  -1.5005608534002502E+037
  -1.7223340303366947E+037
  -1.9768093064748896E+037
  -2.2687966059073216E+037
  -2.6038112932251476E+037
  -2.9881773021086509E+037
  -3.4291452848628855E+037
  -3.9350279614801466E+037
  -4.5153551612305731E+037
  -5.1810514093174740E+037
  -5.9446393222139844E+037
  -6.8204725452597559E+037
  -7.8250025033136672E+037
  -8.9770838492840970E+037
  -1.0298324197089982E+038
  -1.1813484527473155E+038
  -1.3550937571259645E+038
  -1.5543192521314975E+038
  -1.7827495619978403E+038
  -2.0446517534188951E+038
  -2.3449139989756235E+038
  -2.6891355916537459E+038
  -3.0837299388702312E+038
  -3.5360423964152131E+038
  -4.0544850674755449E+038
  -4.6486909940180825E+038
  -5.3296905124878133E+038
  -6.1101129389489151E+038
  -7.0044171972107960E+038
  -8.0291555148059201E+038
  -9.2032748946398487E+038
  -1.0548461734624156E+039
  -1.2089535724884532E+039
  -1.3854900014992390E+039
  -1.5877055626610385E+039
  -1.8193189206440776E+039
  -2.0845844489105928E+039
  -2.3883689290763779E+039
  -2.7362391505891128E+039
  -3.1345619458977213E+039
  -3.5906184100694778E+039
  -4.1127342969367929E+039
  -4.7104288602744427E+039
  -5.3945847226893821E+039
  -6.1776417119014078E+039
  -7.0738180096124664E+039
  -8.0993624186517846E+039
  -9.2728420768188746E+039
  -1.0615470539032414E+040
  -1.2151481822279109E+040
  -1.3908556770859684E+040
  -1.5918308964273003E+040
  -1.8216838369947936E+040
  -2.0845362052739094E+040
  -2.3850932509275334E+040
  -2.7287255616537198E+040
  -3.1215621791331905E+040
  -3.5705965774008926E+040
  -4.0838072501943433E+040
  -4.6702948855170586E+040
  -5.3404383670586614E+040
  -6.1060721368514410E+040
  -6.9806877856351798E+040
  -7.9796631113044626E+040
  -9.1205223064575304E+040
  -1.0423231408899216E+041
  -1.1910533679971023E+041
  -1.3608330171378097E+041
  -1.5546111408970285E+041
  -1.7757446869585043E+041
  -2.0280539763128823E+041
  -2.3158855565815468E+041
  -2.6441833791853080E+041
  -3.0185693650522367E+041
  -3.4454345524820437E+041
  -3.9320421638540310E+041
  -4.4866440863182313E+041
  -5.1186124367132869E+041
  -5.8385880739877647E+041
  -6.6586481346204643E+041
  -7.5924948991336930E+041
  -8.6556685518477831E+041
  -9.8657866724226993E+041
  -1.1242813597079835E+042
  -1.2809363109900274E+042
  -1.4591038269911351E+042
  -1.6616812546715280E+042
  -1.8919456824113661E+042
  -2.1536017234184845E+042
  -2.4508349198556596E+042
  -2.7883713472021660E+042
  -3.1715440396272249E+042
  -3.6063668965011631E+042
  -4.0996167658277049E+042
  -4.6589244300185041E+042
  -5.2928752400246278E+042
  -6.0111201514940245E+042
  -6.8244979063548890E+042
  -7.7451690686877270E+042
  -8.7867625569031807E+042
  -9.9645352049336080E+042
  -1.1295544720586572E+043
  -1.2798836173332633E+043
  -1.4495641816462350E+043
  -1.6409593604520932E+043
  -1.8566947174658043E+043
  -2.0996815280570217E+043
  -2.3731407650781991E+043
  -2.6806272927542694E+043
  -3.0260536651690577E+043
  -3.4137127096322487E+043
  -3.8482977997794539E+043
  -4.3349193736029213E+043
  -4.8791158088872461E+043
  -5.4868562091004291E+043
  -6.1645319469891636E+043
  -6.9189329236263088E+043
  -7.7572033804434546E+043
  -8.6867706915205556E+043
  -9.7152387880768296E+043
  -1.0850235631654430E+044
  -1.2099201336196457E+044
  -1.3469099988444584E+044
  -1.4966033734767942E+044
  -1.6594732039892062E+044
  -1.8357881857360298E+044
  -2.0255255369245703E+044
  -2.2282580420133484E+044
  -2.4430084097753604E+044
  -2.6680621205069636E+044
  -2.9007275462528645E+044
  -3.1370290657524561E+044
  -3.3713149638744336E+044
  -3.5957568441970938E+044
  -3.7997107535614370E+044
  -3.9689017754432690E+044
  -4.0843829203494674E+044
  -4.1212049975575852E+044
  -4.0467159229310202E+044
  -3.8183847614281776E+044
  -3.3810178039960668E+044
  -2.6632070680723486E+044
  -1.5728784261868841E+044
  -1.4283299643074081E+040
