   0.0000000000000000     
  -1.1011010049952404E-016
  -2.2349426453202210E-016
  -3.4352386246507013E-016
  -4.7376780957506637E-016
  -6.1809867892116079E-016
  -7.8080783984029280E-016
  -9.6673304516213130E-016
  -1.1814022602248443E-015
  -1.4311980095133951E-015
  -1.7235471265876347E-015
  -2.0671415480421056E-015
  -2.4721967149841108E-015
  -2.9507552633557160E-015
  -3.5170450305819292E-015
  -4.1879020205101632E-015
  -4.9832708993988604E-015
  -5.9267979002002125E-015
  -7.0465337590537281E-015
  -8.3757675783958573E-015
  -9.9540164025953183E-015
  -1.1828199920199122E-014
  -1.4054035209268491E-014
  -1.6697692982424778E-014
  -1.9837764560480794E-014
  -2.3567598038885905E-014
  -2.7998073084126175E-014
  -3.3260896833792022E-014
  -3.9512518861677905E-014
  -4.6938781568273136E-014
  -5.5760444214114908E-014
  -6.6239744778241208E-014
  -7.8688194668001533E-014
  -9.3475837946346428E-014
  -1.1104225026723615E-013
  -1.3190960441237572E-013
  -1.5669819073949951E-013
  -1.8614485380895051E-013
  -2.2112489311927844E-013
  -2.6267807882926280E-013
  -3.1203955563222366E-013
  -3.7067655321249441E-013
  -4.4033199426994561E-013
  -5.2307629607385862E-013
  -6.2136890499288417E-013
  -7.3813139267815962E-013
  -8.7683428614594337E-013
  -1.0416002121229022E-012
  -1.2373264208078221E-012
  -1.4698303300724363E-012
  -1.7460224151817349E-012
  -2.0741115816853812E-012
  -2.4638491243597050E-012
  -2.9268185216426942E-012
  -3.4767796769683505E-012
  -4.1300778362371404E-012
  -4.9061293324231235E-012
  -5.8279985911122325E-012
  -6.9230835424125857E-012
  -8.2239298057395223E-012
  -9.7691978401521721E-012
  -1.1604811797878102E-011
  -1.3785324217435110E-011
  -1.6375537105735743E-011
  -1.9452427576261474E-011
  -2.3107435259128664E-011
  -2.7449179447457821E-011
  -3.2606686712217866E-011
  -3.8733224883946262E-011
  -4.6010857314990301E-011
  -5.4655852735352325E-011
  -6.4925111434557633E-011
  -7.7123798696314561E-011
  -9.1614412279057840E-011
  -1.0882755333919623E-010
  -1.2927472080059029E-010
  -1.5356350928674957E-010
  -1.8241566213711231E-010
  -2.1668851584661572E-010
  -2.5740047301803726E-010
  -3.0576126059198800E-010
  -3.6320787227477952E-010
  -4.3144726294217834E-010
  -5.1250706337293147E-010
  -6.0879582191758271E-010
  -7.2317456271220709E-010
  -8.5904178620915903E-010
  -1.0204344371024774E-009
  -1.2121478390343015E-009
  -1.4398781588681947E-009
  -1.7103916325392800E-009
  -2.0317255794161211E-009
  -2.4134271763450692E-009
  -2.8668370841384436E-009
  -3.4054263515246431E-009
  -4.0451966040687738E-009
  -4.8051554052956084E-009
  -5.7078809100288194E-009
  -6.7801925821124024E-009
  -8.0539478989669991E-009
  -9.5669887074133600E-009
  -1.1364265339996353E-008
  -1.3499171880665824E-008
  -1.6035132239905648E-008
  -1.9047484148486557E-008
  -2.2625717027164935E-008
  -2.6876130199616553E-008
  -3.1924990399786713E-008
  -3.7922282353374599E-008
  -4.5046163826690969E-008
  -5.3508257457670818E-008
  -6.3559936534648521E-008
  -7.5499791406546689E-008
  -8.9682498269906918E-008
  -1.0652935372482347E-007
  -1.2654078795996832E-007
  -1.5031122818539077E-007
  -1.7854675372535211E-007
  -2.1208606708447541E-007
  -2.5192540377047700E-007
  -2.9924812061948077E-007
  -3.5545984129821837E-007
  -4.2223020267627627E-007
  -5.0154244177054353E-007
  -5.9575229578281762E-007
  -7.0765796429262521E-007
  -8.4058321114126638E-007
  -9.9847607370222078E-007
  -1.1860261106610038E-006
  -1.4088036698831162E-006
  -1.6734253117742992E-006
  -1.9877503001440155E-006
  -2.3611139950269744E-006
  -2.8046050775840439E-006
  -3.3313948386206821E-006
  -3.9571283080635897E-006
  -4.7003888388146503E-006
  -5.5832499392624000E-006
  -6.6319307391167048E-006
  -7.8775745500401273E-006
  -9.3571736371164077E-006
  -1.1114667658009382E-005
  -1.3202248382581247E-005
  -1.5681909429808513E-005
  -1.8627287032845967E-005
  -2.2125846482964431E-005
  -2.6281479165289838E-005
  -3.1217587288414680E-005
  -3.7080747887847231E-005
  -4.4045064879650991E-005
  -5.2317338365933146E-005
  -6.2143204654328889E-005
  -7.3814429269387528E-005
  -8.7677569460082111E-005
  -1.0414426336040606E-004
  -1.2370345124578083E-004
  -1.4693589167990998E-004
  -1.7453140346697257E-004
  -2.0730934523442834E-004
  -2.4624294057355890E-004
  -2.9248817081038286E-004
  -3.4741809305642135E-004
  -4.1266360222061698E-004
  -4.9016184692958693E-004
  -5.8221373647960001E-004
  -6.9155224577212369E-004
  -8.2142354567310972E-004
  -9.7568336689530881E-004
  -1.1589114576292519E-003
  -1.3765475321592556E-003
  -1.6350527455318484E-003
  -1.9421014869229576E-003
  -2.3068091841578773E-003
  -2.7400028805755457E-003
  -3.2545426148095258E-003
  -3.8657031417493179E-003
  -4.5916273236850970E-003
  -5.4538646475628923E-003
  -6.4780108504965406E-003
  -7.6944676361555449E-003
  -9.1393450284032555E-003
  -1.0855533141338891E-002
  -1.2893975172290361E-002
  -1.5315179395478225E-002
  -1.8191015026190336E-002
  -2.1606845248793992E-002
  -2.5664060706687582E-002
  -3.0483088635189885E-002
  -3.6206966931932323E-002
  -4.3005589222283633E-002
  -5.1080746887021022E-002
  -6.0672117666538919E-002
  -7.2064378541898996E-002
  -8.5595653951196476E-002
 -0.10166755001966621     
 -0.12075707253904663     
 -0.14343078232194145     
 -0.17036160793826896     
 -0.20234881468256569     
 -0.24034172226171716     
 -0.28546787491039949     
 -0.33906649973527031     
 -0.40272824597709173     
 -0.47834238421627923     
 -0.56815286585906644     
 -0.67482490609315593     
 -0.80152406569005041     
 -0.95201017781618880     
  -1.1307489063944050     
  -1.3430442455930343     
  -1.5951958912255921     
  -1.8946861526441903     
  -2.2504019499875372     
  -2.6728984823890301     
  -3.1747123888291933     
  -3.7707336913895340     
  -4.4786475542716229     
  -5.3194589627968298     
  -6.3181158861140903     
  -7.5042494084560518     
  -8.9130527831274549     
  -10.586325483869656     
  -12.573713222016066     
  -14.934180710059605     
  -17.737760855254034     
  -21.067632265368804     
  -25.022586685828919     
  -29.719959551934711     
  -35.299110574592696     
  -41.925557590266983     
  -49.795886279375203     
  -59.143581366561023     
  -70.245952243430068     
  -83.432358409710488     
  -99.093978674710684     
  -117.69541384028147     
  -139.78846695658595     
  -166.02850981486864     
  -197.19392103159706     
  -234.20917215956297     
  -278.17224643413846     
  -330.38720323392982     
  -392.40285391334311     
  -466.05869587349355     
  -553.53946694960928     
  -657.43993778770050     
  -780.84186343796910     
  -927.40537590604845     
  -1101.4775275629161     
  -1308.2212038125426     
  -1553.7682273267530     
  -1845.4011933811007     
  -2191.7694276242610     
  -2603.1454692357065     
  -3091.7296838584734     
  -3672.0120375477304     
  -4361.2017575447326     
  -5179.7376181973395     
  -6151.8939804533502     
  -7306.5005518929265     
  -8677.7972053731191     
  -10306.449197945598     
  -12240.752886437336     
  -14538.067682872004     
  -17266.516699112584     
  -20507.006494473088     
  -24355.625798613979     
  -28926.494315113967     
  -34355.146051597316     
  -40802.547465534211     
  -48459.869530327931     
  -57554.155171634142     
  -68355.050061195230     
  -81182.796271197469     
  -96417.725720163129     
  -114511.53479074263     
  -136000.67428757888     
  -161522.25159384083     
  -191832.91633562211     
  -227831.28928015984     
  -270584.59919650684     
  -321360.31710703694     
  -381663.72544966952     
  -453282.53554165771     
  -538339.87559685775     
  -639357.21958756226     
  -759329.12180784554     
  -901811.97181481833     
  -1071029.3998609073     
  -1271997.4562916949     
  -1510673.2742857074     
  -1794131.6211117713     
  -2130774.5693883761     
  -2530580.5011258917     
  -3005399.8226852543     
  -3569306.1527162595     
  -4239013.3886393867     
  -5034371.0089897597     
  -5978952.2867628401     
  -7100752.8414433999     
  -8433020.2261916827     
  -10015239.128522789     
  -11894301.372722967     
  -14125895.386736942     
  -16776156.297475565     
  -19923625.538980540     
  -23661578.026297964     
  -28100785.835787907     
  -33372800.262384668     
  -39633849.478938229     
  -47069467.256932490     
  -55899989.861577339     
  -66387083.948751263     
  -78841498.828012317     
  -93632272.719164193     
  -111197665.69348712     
  -132058143.12989205     
  -156831794.24520522     
  -186252642.37474078     
  -221192389.31963575     
  -262686237.77685016     
  -311963556.63745439     
  -370484297.35460842     
  -439982239.89066756     
  -522516348.99545103     
  -620531761.73256028     
  -736932212.36805058     
  -875166039.40909719     
  -1039328321.7559313     
  -1234282168.5143447     
  -1465802754.1467338     
  -1740748364.1058073     
  -2067263515.8330359     
  -2455020169.6875310     
  -2915504172.1122708     
  -3462355412.5255713     
  -4111771765.6865420     
  -4882988779.6952868     
  -5798849312.2470760     
  -6886479980.6383104     
  -8178094453.1364880     
  -9711947364.2670765     
  -11533467095.471403     
  -13696600957.418087     
  -16265412597.710079     
  -19315978923.897648     
  -22938642697.542133     
  -27240687482.950203     
  -32349514135.668060     
  -38416412860.841888     
  -45621042499.409370     
  -54176749632.422371     
  -64336884950.018967     
  -76402303847.166168     
  -90730273256.640778     
  -107745048347.85185     
  -127950432139.45094     
  -151944689756.43820     
  -180438258744.91296     
  -214274779601.40414     
  -254456068926.90802     
  -302171774285.21313     
  -358834588382.44354     
  -426122064688.51093     
  -506026271957.92401     
  -600912757055.79309     
  -713590560916.43250     
  -847395359504.12476     
  -1006288189982.5884     
  -1194972683418.6313     
  -1419034272886.1279     
  -1685105495994.5671     
  -2001062282872.6353     
  -2376257037325.8291     
  -2821795407370.9482     
  -3350864933823.0278     
  -3979125300297.7241     
  -4725171730283.0576     
  -5611085240722.0146     
  -6663086030823.4443     
  -7912309335564.4785     
  -9395726695781.7578     
  -11157239897992.994     
  -13248979944337.891     
  -15732849477301.910     
  -18682354284507.676     
  -22184778058743.047     
  -26343764740349.551     
  -31282384823290.461     
  -37146776319062.914     
  -44110468067292.172     
  -52379513260809.430     
  -62198585012859.352     
  -73858214243167.234     
  -87703383938978.688     
  -104143733955484.91     
  -123665678142957.28     
  -146846792133244.88     
  -174372897257564.91     
  -207058345785389.56     
  -245870107327116.91     
  -291956368628930.50     
  -346680492428702.25     
  -411661339481112.31     
  -488821145981280.44     
  -580442371979200.25     
  -689235201583671.50     
  -818417690642249.62     
  -971810931459076.50     
  -1153952048024430.8     
  -1370228362297030.0     
  -1627036697878130.5     
  -1931972530438113.0     
  -2294054576457745.5     
  -2723991459296144.5     
  -3234498335246059.5     
  -3840672838831610.0     
  -4560441459772801.0     
  -5415089545584669.0     
  -6429890595196830.0     
  -7634853443288914.0     
  -9065609418929840.0     
  -10764465698509372.     
  -12781655984058062.     
  -15176825468948492.     
  -18020793975906452.     
  -21397649371739048.     
  -25407233122005208.     
  -30168091435273508.     
  -35820979202868540.     
  -42533020272417816.     
  -50502646984471704.     
  -59965464923697904.     
  -71201216169599032.     
  -84542046783625200.     
  -1.0038232279835227E+017
  -1.1919028471790648E+017
  -1.4152188484790090E+017
  -1.6803721625158141E+017
  -1.9952001868068275E+017
  -2.3690083771515344E+017
  -2.8128452124909027E+017
  -3.3398286556700493E+017
  -3.9655337534744582E+017
  -4.7084528250063386E+017
  -5.5905418312439910E+017
  -6.6378690637756250E+017
  -7.8813853123602534E+017
  -9.3578382583479334E+017
  -1.1110858099993501E+018
  -1.3192246472049718E+018
  -1.5663506724988221E+018
  -1.8597660755969764E+018
  -2.2081406044635031E+018
  -2.6217676591655864E+018
  -3.1128683383258189E+018
  -3.6959524162579599E+018
  -4.3882469096609055E+018
  -5.2102048881631908E+018
  -6.1861095519469036E+018
  -7.3447914120465347E+018
  -8.7204797477101896E+018
  -1.0353813478954869E+019
  -1.2293041298110161E+019
  -1.4595446490580619E+019
  -1.7329038507105802E+019
  -2.0574561223145443E+019
  -2.4427877167970677E+019
  -2.9002798102377046E+019
  -3.4434445497031070E+019
  -4.0883240101959590E+019
  -4.8539638362949960E+019
  -5.7629755480337416E+019
  -6.8422041069978780E+019
  -8.1235204446964089E+019
  -9.6447623426025652E+019
  -1.1450851430631691E+020
  -1.3595119267339872E+020
  -1.6140881634059715E+020
  -1.9163307498485262E+020
  -2.2751637796862522E+020
  -2.7011819504329061E+020
  -3.2069632714435271E+020
  -3.8074402992768693E+020
  -4.5203408534778000E+020
  -5.3667112153472827E+020
  -6.3715372453015572E+020
  -7.5644817426730071E+020
  -8.9807598004334323E+020
  -1.0662177977416267E+021
  -1.2658367942176835E+021
  -1.5028250978103832E+021
  -1.7841776547868896E+021
  -2.1181986197488885E+021
  -2.5147463674432554E+021
  -2.9855243523146572E+021
  -3.5444263940817153E+021
  -4.2079465724621095E+021
  -4.9956658192180838E+021
  -5.9308295570911668E+021
  -7.0410334195933931E+021
  -8.3590372721357698E+021
  -9.9237315375119466E+021
  -1.1781284318785892E+022
  -1.3986503142471708E+022
  -1.6604451471598274E+022
  -1.9712367648246333E+022
  -2.3401942839715533E+022
  -2.7782025144284083E+022
  -3.2981829573337609E+022
  -3.9154748536533111E+022
  -4.6482875154887577E+022
  -5.5182372734625183E+022
  -6.5509848671148459E+022
  -7.7769920652186659E+022
  -9.2324198163920655E+022
  -1.0960194400859235E+023
  -1.3011273004515661E+023
  -1.5446146012393806E+023
  -1.8336620293259162E+023
  -2.1767936025801353E+023
  -2.5841279443526112E+023
  -3.0676765539380737E+023
  -3.6416978615828226E+023
  -4.3231174999195630E+023
  -5.1320271742531344E+023
  -6.0922768293225766E+023
  -7.2321775581934019E+023
  -8.5853359606944322E+023
  -1.0191644530332790E+024
  -1.2098457243871904E+024
  -1.4361984982014475E+024
  -1.7048951883449522E+024
  -2.0238561418458085E+024
  -2.4024830088495971E+024
  -2.8519357483116965E+024
  -3.3854614273862154E+024
  -4.0187844974448515E+024
  -4.7705700396527252E+024
  -5.6629736213092086E+024
  -6.7222939539463311E+024
  -7.9797475704937469E+024
  -9.4723883307138065E+024
  -1.1244198827266215E+025
  -1.3347385824607420E+025
  -1.5843917868326352E+025
  -1.8807350330137590E+025
  -2.2324991613271909E+025
  -2.6500474283270015E+025
  -3.1456806805531218E+025
  -3.7339995713896877E+025
  -4.4323344820034522E+025
  -5.2612557995107767E+025
  -6.2451795699059378E+025
  -7.4130863494121982E+025
  -8.7993744083097289E+025
  -1.0444872393882743E+026
  -1.2398041250134462E+026
  -1.4716400759271006E+026
  -1.7468222677341764E+026
  -2.0734540278100625E+026
  -2.4611533425653950E+026
  -2.9213359341371273E+026
  -3.4675512338526607E+026
  -4.1158811354512374E+026
  -4.8854132572469695E+026
  -5.7988026334434072E+026
  -6.8829383550544596E+026
  -8.1697347667682797E+026
  -9.6970704882943902E+026
  -1.1509902874875789E+027
  -1.3661590689434881E+027
  -1.6215463879803919E+027
  -1.9246686618509075E+027
  -2.2844468383046300E+027
  -2.7114688084760592E+027
  -3.2183008394846106E+027
  -3.8198571823248473E+027
  -4.5338387203566099E+027
  -5.3812535526597072E+027
  -6.3870348142877233E+027
  -7.5807738927539456E+027
  -8.9975905908208817E+027
  -1.0679165809415106E+028
  -1.2674967099405609E+028
  -1.5043703097270768E+028
  -1.7855049583704574E+028
  -2.1191697883390754E+028
  -2.5151785792755209E+028
  -2.9851782458454784E+028
  -3.5429911962500312E+028
  -4.2050216191611329E+028
  -4.9907376343046321E+028
  -5.9232434697775211E+028
  -7.0299584728292975E+028
  -8.3434228978425857E+028
  -9.9022541376698103E+028
  -1.1752281481547406E+029
  -1.3947892724119010E+029
  -1.6553632169431679E+029
  -1.9646096953586079E+029
  -2.3316187366517373E+029
  -2.7671777244033101E+029
  -3.2840882830521867E+029
  -3.8975423142300447E+029
  -4.6255682220457257E+029
  -5.4895604259366386E+029
  -6.5149077036813408E+029
  -7.7317388070556501E+029
  -9.1758072334444264E+029
  -1.0889541119377809E+030
  -1.2923289066140144E+030
  -1.5336798455316125E+030
  -1.8200969631882783E+030
  -2.1599937424132894E+030
  -2.5633541070498315E+030
  -3.0420255014618394E+030
  -3.6100666545613582E+030
  -4.2841602296552798E+030
  -5.0841024640451848E+030
  -6.0333841597303621E+030
  -7.1598800649026379E+030
  -8.4966668636504409E+030
  -1.0082993761501357E+031
  -1.1965434127569424E+031
  -1.4199251961160006E+031
  -1.6850023247162518E+031
  -1.9995559734836849E+031
  -2.3728191537442544E+031
  -2.8157475465104158E+031
  -3.3413408478242183E+031
  -3.9650240449082844E+031
  -4.7050997977498493E+031
  -5.5832851838755577E+031
  -6.6253485354453539E+031
  -7.8618650297415077E+031
  -9.3291131724679238E+031
  -1.1070138439804248E+032
  -1.3136015240639351E+032
  -1.5587344168092100E+032
  -1.8496028399247021E+032
  -2.1947381275569672E+032
  -2.6042626792843454E+032
  -3.0901866232338190E+032
  -3.6667597810753566E+032
  -4.3508892414403450E+032
  -5.1626347686562605E+032
  -6.1257965517478923E+032
  -7.2686125010413232E+032
  -8.6245855054376844E+032
  -1.0233464866226801E+033
  -1.2142410634361636E+033
  -1.4407374929283267E+033
  -1.7094740665089859E+033
  -2.0283265639612257E+033
  -2.4066388873855478E+033
  -2.8554966684307951E+033
  -3.3880518538403753E+033
  -4.0199077651156802E+033
  -4.7695758964211322E+033
  -5.6590178123856537E+033
  -6.7142879954641600E+033
  -7.9662964436804979E+033
  -9.4517133200710248E+033
  -1.1214042107211641E+034
  -1.3304892645083560E+034
  -1.5785491272011510E+034
  -1.8728472217036841E+034
  -2.2220002610134229E+034
  -2.6362303224030412E+034
  -3.1276638622538734E+034
  -3.7106864102694546E+034
  -4.4023633081721839E+034
  -5.2229387869547738E+034
  -6.1964279646019412E+034
  -7.3513190596623772E+034
  -8.7214063342913544E+034
  -1.0346778097271636E+035
  -1.2274988624376370E+035
  -1.4562448222278325E+035
  -1.7276072029590162E+035
  -2.0495235700194595E+035
  -2.4314095069951462E+035
  -2.8844337529227125E+035
  -3.4218445420075688E+035
  -4.0593566715437153E+035
  -4.8156105953749774E+035
  -5.7127169412137199E+035
  -6.7769023416973386E+035
  -8.0392754238026184E+035
  -9.5367353052256567E+035
  -1.1313049101631761E+036
  -1.3420129876304748E+036
  -1.5919552307175213E+036
  -1.8884350275630941E+036
  -2.2401148798656934E+036
  -2.6572692469929759E+036
  -3.1520844130133150E+036
  -3.7390141188265360E+036
  -4.4352013262809366E+036
  -5.2609784077097439E+036
  -6.2404603387549432E+036
  -7.4022481811277841E+036
  -8.7802633538768428E+036
  -1.0414737000214316E+037
  -1.2353383272745059E+037
  -1.4652790714360392E+037
  -1.7380072260776465E+037
  -2.0614821918277495E+037
  -2.4451435095474410E+037
  -2.9001860150209936E+037
  -3.4398861259656189E+037
  -4.0799887597729148E+037
  -4.8391661441378535E+037
  -5.7395618738453142E+037
  -6.8074360462063862E+037
  -8.0739302469675093E+037
  -9.5759746433070080E+037
  -1.1357363571963078E+038
  -1.3470030908541046E+038
  -1.5975562310796672E+038
  -1.8946988312711868E+038
  -2.2470910407233177E+038
  -2.6650021930419646E+038
  -3.1606097029118315E+038
  -3.7483534590836273E+038
  -4.4453560132540151E+038
  -5.2719207752080434E+038
  -6.2521226895796693E+038
  -7.4145085545225933E+038
  -8.7929273252954191E+038
  -1.0427514518491185E+039
  -1.2365859304704048E+039
  -1.4664388178392653E+039
  -1.7390005377130576E+039
  -2.0622037670321361E+039
  -2.4454539965485470E+039
  -2.8999028644013449E+039
  -3.4387721940754250E+039
  -4.0777381381968566E+039
  -4.8353865719464184E+039
  -5.7337529449311657E+039
  -6.7989622478871527E+039
  -8.0619876513947872E+039
  -9.5595498117692650E+039
  -1.1335182913859746E+040
  -1.3440498349457928E+040
  -1.5936682652973353E+040
  -1.8896273098386801E+040
  -2.2405262399238078E+040
  -2.6565593478769930E+040
  -3.1498116565498721E+040
  -3.7346094246439606E+040
  -4.4279355962265724E+040
  -5.2499222213500832E+040
  -6.2244341006681647E+040
  -7.3797605446719559E+040
  -8.7494352637569800E+040
  -1.0373208108951276E+041
  -1.2298196771615517E+041
  -1.4580251750325350E+041
  -1.7285574054395040E+041
  -2.0492632413712160E+041
  -2.4294435414130968E+041
  -2.8801224225861616E+041
  -3.4143663734343924E+041
  -4.0476624268748176E+041
  -4.7983663166779249E+041
  -5.6882335606590406E+041
  -6.7430488058586718E+041
  -7.9933716050178145E+041
  -9.4754201510574005E+041
  -1.1232118473631601E+042
  -1.3314337313533788E+042
  -1.5782364472272427E+042
  -1.8707647045957584E+042
  -2.2174855784776713E+042
  -2.6284331096841757E+042
  -3.1154981204576894E+042
  -3.6927715978709829E+042
  -4.3769515393092644E+042
  -5.1878249805614653E+042
  -6.1488390900494430E+042
  -7.2877777745868660E+042
  -8.6375632762709401E+042
  -1.0237205833684615E+043
  -1.2132928736554233E+043
  -1.4379501143356446E+043
  -1.7041817000532310E+043
  -2.0196765470948777E+043
  -2.3935446650504302E+043
  -2.8365796264993245E+043
  -3.3615694778281112E+043
  -3.9836650243423356E+043
  -4.7208160688252758E+043
  -5.5942881316914326E+043
  -6.6292744886088351E+043
  -7.8556210938831045E+043
  -9.3086851930851034E+043
  -1.1030352258779032E+044
  -1.3070240418153119E+044
  -1.5487126910335293E+044
  -1.8350637467418098E+044
  -2.1743247038064692E+044
  -2.5762649180637052E+044
  -3.0524561998061249E+044
  -3.6166050969686064E+044
  -4.2849463811873107E+044
  -5.0767089989856322E+044
  -6.0146678206540748E+044
  -7.1257969698649414E+044
  -8.4420434174204355E+044
  -1.0001242955268400E+045
  -1.1848204729633860E+045
  -1.4035995320276691E+045
  -1.6627459043101132E+045
  -1.9697017887215550E+045
  -2.3332802466240988E+045
  -2.7639174793332027E+045
  -3.2739714847494200E+045
  -3.8780756101752412E+045
  -4.5935570805768149E+045
  -5.4409324299224997E+045
  -6.4444939501163830E+045
  -7.6330038593515647E+045
  -9.0405159526448053E+045
  -1.0707348118454289E+046
  -1.2681233388997336E+046
  -1.5018682259222809E+046
  -1.7786595003478549E+046
  -2.1064169808968606E+046
  -2.4945160931184335E+046
  -2.9540550995140328E+046
  -3.4981713297059923E+046
  -4.1424153834664418E+046
  -4.9051939201128440E+046
  -5.8082935879878780E+046
  -6.8775009420563732E+046
  -8.1433359105803650E+046
  -9.6419195796137870E+046
  -1.1416000856785906E+047
  -1.3516171059981454E+047
  -1.6002300777875483E+047
  -1.8945239616482432E+047
  -2.2428826854547204E+047
  -2.6552269788217685E+047
  -3.1432956897093742E+047
  -3.7209785198980594E+047
  -4.4047095621480275E+047
  -5.2139327308877653E+047
  -6.1716521979693012E+047
  -7.3050833317201770E+047
  -8.6464224577499002E+047
  -1.0233757092295821E+048
  -1.2112142236083373E+048
  -1.4334872968250107E+048
  -1.6964989075139146E+048
  -2.0077053940338079E+048
  -2.3759257590389923E+048
  -2.8115902847782551E+048
  -3.3270344240101734E+048
  -3.9368461947781767E+048
  -4.6582767992192241E+048
  -5.5117259483222042E+048
  -6.5213154547570671E+048
  -7.7155671119570138E+048
  -9.1282037772552540E+048
  -1.0799095999908178E+049
  -1.2775380575455417E+049
  -1.5112782177133570E+049
  -1.7877174843929682E+049
  -2.1146426747732604E+049
  -2.5012579500936350E+049
  -2.9584422515332806E+049
  -3.4990533836094020E+049
  -4.1382871749124655E+049
  -4.8941016647262308E+049
  -5.7877180554512538E+049
  -6.8442122835214652E+049
  -8.0932135530975677E+049
  -9.5697291148706922E+049
  -1.1315118036461233E+050
  -1.3378240794931786E+050
  -1.5816816336258506E+050
  -1.8699023921187694E+050
  -2.2105393764708251E+050
  -2.6131038357400488E+050
  -3.0888285642969093E+050
  -3.6509786166483342E+050
  -4.3152179195281579E+050
  -5.1000417993773361E+050
  -6.0272872309694375E+050
  -7.1227347179075449E+050
  -8.4168181940134432E+050
  -9.9454622520375898E+050
  -1.1751069439930978E+051
  -1.3883684405925061E+051
  -1.6402366428479324E+051
  -1.9376807460951819E+051
  -2.2889239400554694E+051
  -2.7036682029194585E+051
  -3.1933592172449091E+051
  -3.7714985319448507E+051
  -4.4540113519007758E+051
  -5.2596798142085263E+051
  -6.2106533459671984E+051
  -7.3330497376203293E+051
  -8.6576629605797720E+051
  -1.0220796569580342E+052
  -1.2065244830751135E+052
  -1.4241447589767750E+052
  -1.6808849438917076E+052
  -1.9837499072301087E+052
  -2.3409930968897873E+052
  -2.7623378870469616E+052
  -3.2592379108240684E+052
  -3.8451831892218736E+052
  -4.5360600458762398E+052
  -5.3505741765395637E+052
  -6.3107478564525573E+052
  -7.4425041572534424E+052
  -8.7763532534626596E+052
  -1.0348198479984611E+053
  -1.2200282818147012E+053
  -1.4382300010095886E+053
  -1.6952698612809268E+053
  -1.9980212099617519E+053
  -2.3545653710010208E+053
  -2.7744021266022438E+053
  -3.2686964763744817E+053
  -3.8505678382181209E+053
  -4.5354288825194264E+053
  -5.3413823851259140E+053
  -6.2896858708913436E+053
  -7.4052954279225384E+053
  -8.7175019368364119E+053
  -1.0260675117848091E+054
  -1.2075133295088723E+054
  -1.4208159661698597E+054
  -1.6715189156794267E+054
  -1.9661193899079932E+054
  -2.3122299531752620E+054
  -2.7187669897316926E+054
  -3.1961703264917527E+054
  -3.7566589970858554E+054
  -4.4145288906960283E+054
  -5.1864988910192648E+054
  -6.0921130885084869E+054
  -7.1542077545379095E+054
  -8.3994530110390458E+054
  -9.8589805245699683E+054
  -1.1569110109449442E+055
  -1.3572189847768033E+055
  -1.5917566228042670E+055
  -1.8662702866195316E+055
  -2.1874468590699118E+055
  -2.5630618023735676E+055
  -3.0021490229843049E+055
  -3.5151953466013689E+055
  -4.1143626452106924E+055
  -4.8137408741734481E+055
  -5.6296354503929926E+055
  -6.5808925034905471E+055
  -7.6892655206790926E+055
  -8.9798267279347552E+055
  -1.0481426130893984E+056
  -1.2227200378510976E+056
  -1.4255132376395691E+056
  -1.6608660684897086E+056
  -1.9337334949062138E+056
  -2.2497509603325712E+056
  -2.6153062446932615E+056
  -3.0376116829804533E+056
  -3.5247735369177831E+056
  -4.0858538332699413E+056
  -4.7309179740550889E+056
  -5.4710587082461937E+056
  -6.3183833949086588E+056
  -7.2859465682990812E+056
  -8.3876032140177023E+056
  -9.6377493163271839E+056
  -1.1050904381164608E+057
  -1.2641074756085434E+057
  -1.4420815280463413E+057
  -1.6399878245211564E+057
  -1.8583300297683616E+057
  -2.0968726364230494E+057
  -2.3542700204898782E+057
  -2.6275557472685987E+057
  -2.9114430371421778E+057
  -3.1973701182627403E+057
  -3.4722008579666727E+057
  -3.7164593203454604E+057
  -3.9019336839861300E+057
  -3.9884262328609171E+057
  -3.9193470038459839E+057
  -3.6157451045151882E+057
  -2.9682517468565022E+057
  -1.8263886195306438E+057
  -1.6585424202631044E+053
