   0.0000000000000000     
  -1.1011010049952404E-016
  -2.2283187309008316E-016
  -3.4083888995967450E-016
  -4.6693003009569018E-016
  -6.0409585968849544E-016
  -7.5558955642875558E-016
  -9.2500405962894557E-016
  -1.1163572756630658E-015
  -1.3341873591621855E-015
  -1.5836603292522361E-015
  -1.8706925725354490E-015
  -2.2020911374288353E-015
  -2.5857151462470493E-015
  -3.0306621520503006E-015
  -3.5474838586372135E-015
  -4.1484363181649375E-015
  -4.8477705382242814E-015
  -5.6620703881598526E-015
  -6.6106458157108191E-015
  -7.7159906962346802E-015
  -9.0043161689429787E-015
  -1.0506172104040428E-014
  -1.2257171433831831E-014
  -1.4298834519261956E-014
  -1.6679573568776926E-014
  -1.9455840446282537E-014
  -2.2693465078010815E-014
  -2.6469216186086528E-014
  -3.0872621346589522E-014
  -3.6008089516839179E-014
  -4.1997386346167773E-014
  -4.8982520946518674E-014
  -5.7129112551981854E-014
  -6.6630316871000368E-014
  -7.7711405201015185E-014
  -9.0635104847157174E-014
  -1.0570782743090249E-013
  -1.2328693271900857E-013
  -1.4378920014625282E-013
  -1.6770070882913046E-013
  -1.9558836025004500E-013
  -2.2811331672371958E-013
  -2.6604667416215148E-013
  -3.1028774060737550E-013
  -3.6188535375739142E-013
  -4.2206274273325133E-013
  -4.9224652333113551E-013
  -5.7410051396262540E-013
  -6.6956517373051069E-013
  -7.8090359732337409E-013
  -9.1075515679692681E-013
  -1.0621980615253928E-012
  -1.2388223189459700E-012
  -1.4448148251910478E-012
  -1.6850586021462920E-012
  -1.9652485326985210E-012
  -2.2920263368880687E-012
  -2.6731379876189194E-012
  -3.1176172963087480E-012
  -3.6360000189780660E-012
  -4.2405735564749933E-012
  -4.9456681659435751E-012
  -5.7679965842510346E-012
  -6.7270501111957496E-012
  -7.8455605380994158E-012
  -9.1500388675369336E-012
  -1.0671403589436788E-011
  -1.2445713400697112E-011
  -1.4515021730076217E-011
  -1.6928373316054074E-011
  -1.9742966450989107E-011
  -2.3025508429941620E-011
  -2.6853796319980904E-011
  -3.1318560504070860E-011
  -3.6525614679193087E-011
  -4.2598363248688192E-011
  -4.9680725515855623E-011
  -5.7940545960212413E-011
  -6.7573571393366909E-011
  -7.8808089220981778E-011
  -9.1910336698880139E-011
  -1.0719080933595350E-010
  -1.2501161789677490E-010
  -1.4579506829721504E-010
  -1.7003366765525868E-010
  -1.9830179354275021E-010
  -2.3126930288212129E-010
  -2.6971740287839355E-010
  -3.1455715995910787E-010
  -3.6685108518234763E-010
  -4.2783830744562048E-010
  -4.9896393081191172E-010
  -5.8191327137638056E-010
  -6.7865178467506497E-010
  -7.9147162942275333E-010
  -9.2304597055287963E-010
  -1.0764923078403417E-009
  -1.2554463301595344E-009
  -1.4641480447269965E-009
  -1.7075422214044543E-009
  -1.9913955311782933E-009
  -2.3224331533141334E-009
  -2.7084980867729131E-009
  -3.1587369391860504E-009
  -3.6838165937545436E-009
  -4.2961768857086155E-009
  -5.0103252727562806E-009
  -5.8431804784538263E-009
  -6.8144732471965610E-009
  -7.9472137020150751E-009
  -9.2682363735940836E-009
  -1.0808835808252136E-008
  -1.2605507807580377E-008
  -1.4700813853822446E-008
  -1.7144389192108716E-008
  -1.9994118442399956E-008
  -2.3317506580986234E-008
  -2.7193277757546249E-008
  -3.1713239808624345E-008
  -3.6984458619648365E-008
  -4.3131793824232986E-008
  -5.0300855885176897E-008
  -5.8661454578813040E-008
  -6.8411620539403275E-008
  -7.9782295088519447E-008
  -9.3042799397019146E-008
  -1.0850721247886634E-007
  -1.2654180903345414E-007
  -1.4757373324561156E-007
  -1.7210111391409715E-007
  -2.0070486040274976E-007
  -2.3406241870131107E-007
  -2.7296381328716550E-007
  -3.1833035459325619E-007
  -3.7123645499209648E-007
  -4.3293506979475414E-007
  -5.0488736557873064E-007
  -5.8879731823091885E-007
  -6.8665205978986423E-007
  -8.0076892925738417E-007
  -9.3385034124408295E-007
  -1.0890477713723091E-006
  -1.2700363731634588E-006
  -1.4811019927915935E-006
  -1.7272426415478907E-006
  -2.0142868280755786E-006
  -2.3490315515015160E-006
  -2.7394032219525052E-006
  -3.1946453176146044E-006
  -3.7255372203142696E-006
  -4.3446494095463793E-006
  -5.0666410554088919E-006
  -5.9086070543904322E-006
  -6.8904827221413555E-006
  -8.0355157219308436E-006
  -9.3708163987416990E-006
  -1.0927999544533348E-005
  -1.2743932784018669E-005
  -1.4861609293550970E-005
  -1.7331165508106986E-005
  -2.0211067902499579E-005
  -2.3569496934042849E-005
  -2.7485960899588765E-005
  -3.2053177900548113E-005
  -3.7379270453922999E-005
  -4.3590324685616969E-005
  -5.0833374669384174E-005
  -5.9279882534835758E-005
  -6.9129796698938465E-005
  -8.0616284254948330E-005
  -9.4011249504339584E-005
  -1.0963176921838299E-004
  -1.2784759690663699E-004
  -1.4908991366285624E-004
  -1.7386153265302909E-004
  -2.0274879870312858E-004
  -2.3643546454926490E-004
  -2.7571887207894182E-004
  -3.2152882142526241E-004
  -3.7494957436612770E-004
  -4.3724551263186914E-004
  -5.0989105819126935E-004
  -5.9460556341274149E-004
  -6.9339399656936234E-004
  -8.0859438525431753E-004
  -9.4293314013972065E-004
  -1.0995895679277836E-003
  -1.2822710997178542E-003
  -1.4953010144869625E-003
  -1.7437207329499443E-003
  -2.0334091017180879E-003
  -2.3712214895634724E-003
  -2.7651519862239770E-003
  -3.2245225406338477E-003
  -3.7602035126593023E-003
  -4.3848708554262931E-003
  -5.1133060117185434E-003
  -5.9627456181860590E-003
  -6.9532892891268835E-003
  -8.1083751252439603E-003
  -9.4553341945156320E-003
  -1.1026037100026576E-002
  -1.2857647927448286E-002
  -1.4993503404329166E-002
  -1.7484138064498281E-002
  -2.0388479663717329E-002
  -2.3775243118869572E-002
  -2.7724555937644144E-002
  -3.2329853579854018E-002
  -3.7700089574639530E-002
  -4.3962312660766098E-002
  -5.1264671895988281E-002
  -5.9779920801199739E-002
  -6.9709503405058257E-002
  -8.1288318813923940E-002
  -9.4790276975542723E-002
 -0.11053477701221051     
 -0.12889426131239209     
 -0.15030302400458095     
 -0.17526748209480786     
 -0.20437815213068661     
 -0.23832361557764076     
 -0.27790680311010407     
 -0.32406398284335913     
 -0.37788690145607989     
 -0.44064860169049003     
 -0.51383352662804571     
 -0.59917262247784653     
 -0.69868426977768927     
 -0.81472201068647676     
 -0.95003020069782618     
  -1.1078089004248886     
  -1.2917895415225378     
  -1.5063231554869148     
  -1.7564832510222872     
  -2.0481857719087331     
  -2.3883289710233986     
  -2.7849565069032454     
  -3.2474476181118748     
  -3.7867388706570981     
  -4.4155827199218249     
  -5.1488489986509700     
  -6.0038764570401826     
  -7.0008826638690502     
  -8.1634419568612238     
  -9.5190427386242771     
  -11.099737289618949     
  -12.942899455932514     
  -15.092108118838288     
  -17.598177325438972     
  -20.520357425336574     
  -23.927735599120645     
  -27.900868875980798     
  -32.533688231232283     
  -37.935718759768704     
  -44.234668389732406     
  -51.579446308439124     
  -60.143682425501787     
  -70.129831035994670     
  -81.773955649005956     
  -95.351308040065177     
  -111.18283334982223     
  -129.64275492919128     
  -151.16741813968935     
  -176.26560205937264     
  -205.53054272204437     
  -239.65395194927461     
  -279.44236297612071     
  -325.83618903559136     
  -379.93194515190470     
  -443.00815811186834     
  -516.55557670177427     
  -602.31239587133098     
  -702.30532691495478     
  -818.89748384077291     
  -954.84421708948616     
  -1113.3582134702822     
  -1298.1854000314461     
  -1513.6934447466642     
  -1764.9749443990270     
  -2057.9677369076890     
  -2399.5951797566254     
  -2797.9297076991379     
  -3262.3835326579137     
  -3803.9309896974587     
  -4435.3677802456132     
  -5171.6132350258713     
  -6030.0627350011682     
  -7030.9986130035750     
  -8198.0692395917686     
  -9558.8476066360254     
  -11145.482599182471     
  -12995.458334602214     
  -15152.479499543992     
  -17667.503590006698     
  -20599.944428146144     
  -24019.075373090433     
  -28005.665357500387     
  -32653.886378145649     
  -38073.537477099097     
  -44392.637721523846     
  -51760.449400764948     
  -60351.002815133696     
  -70367.205871052254     
  -82045.635501525918     
  -95662.124024985955     
  -111538.27231918108     
  -130049.04356275708     
  -151631.61680165143     
  -176795.70933224767     
  -206135.61155999327     
  -240344.21840884307     
  -280229.38847706263     
  -326733.01707035536     
  -380953.27329008008     
  -444170.52602354460     
  -517877.57073661394     
  -603814.87045989314     
  -704011.64268283220     
  -820833.76181656192     
  -957039.60771028185     
  -1115845.1782013339     
  -1301000.0022685351     
  -1516875.6451980895     
  -1768568.8942725472     
  -2062022.0598636765     
  -2404163.2306194534     
  -2803069.7922080015     
  -3268159.0679206396     
  -3810410.5792866359     
  -4442625.1708042817     
  -5179727.1125389878     
  -6039116.3081882913     
  -7041078.9181753807     
  -8209266.0852799946     
  -9571252.0567426682     
  -11159184.869566223     
  -13010544.949048221     
  -15169029.515891962     
  -17685583.664577663     
  -20619602.434995741     
  -24040332.232214261     
  -28028504.650757376     
  -32678241.240757745     
  -38099274.143034138     
  -44419534.969177142     
  -51788172.986711487     
  -60379073.793064237     
  -70394961.464055434     
  -82072180.921154663     
  -95686273.301135927     
  -111558475.81009531     
  -130063299.34181654     
  -151637362.55197427     
  -176789690.70360699     
  -206113722.13389230     
  -240301305.45145935     
  -280159017.50611740     
  -326627186.88505697     
  -380802071.47069055     
  -443961712.94844270     
  -517596077.83014798     
  -603442195.60284650     
  -703525122.40472162     
  -820205695.94533837     
  -956236207.46180665     
  -1114825303.1077621     
  -1299713644.7049263     
  -1515262113.3727992     
  -1766554635.1654041     
  -2059518052.4495838     
  -2401061866.4757895     
  -2799241144.8835230     
  -3263446433.7815638     
  -3804625150.4077454     
  -4435539674.1949625     
  -5171068218.8236074     
  -6028555575.8953485     
  -7028221995.9634113     
  -8193639842.4785814     
  -9552289251.0219231     
  -11136205887.603788     
  -12982736069.653801     
  -15135417042.710829     
  -17645003154.313854     
  -20570662103.630779     
  -23981369451.881924     
  -27957534248.966129     
  -32592894075.855743     
  -37996724148.487526     
  -44296412526.468071     
  -51640462093.116508     
  -60201990025.217552     
  -70182807188.017731     
  -81818173549.330826     
  -95382341627.681778     
  -111195018548.02679     
  -129628898911.63890     
  -151118445903.49808     
  -176170127454.57742     
  -205374348539.68417     
  -239419360630.50491     
  -279107475878.29449     
  -325373967866.99854     
  -379309104032.74530     
  -442183828578.32758     
  -515479700656.80829     
  -600923792779.37585     
  -700529371176.64197     
  -816643315957.71460     
  -952001397570.63049     
  -1109792711004.5300     
  -1293734784739.9126     
  -1508161132720.6287     
  -1758123310501.9204     
  -2049509878113.7849     
  -2389185070100.0142     
  -2785150437012.1738     
  -3246733263266.2085     
  -3784806196425.5493     
  -4412043257482.4414     
  -5143218257846.8506     
  -5995552646658.2979     
  -6989120975182.8584     
  -8147323520803.8184     
  -9497437193347.3945     
  -11071257688370.879     
  -12905847998897.924     
  -15044410899404.094     
  -17537305932481.973     
  -20443234828137.406     
  -23830623248027.402     
  -27779231365319.449     
  -32382031173826.215     
  -37747394694218.484     
  -44001644557960.883     
  -51292026973083.719     
  -59790177010390.227     
  -69696157727757.445     
  -81243168146029.906     
  -94703030819887.375     
  -110392588080753.69     
  -128681157397259.05     
  -149999221204246.09     
  -174848555579209.69     
  -203814035977644.66     
  -237577397671202.84     
  -276933274491567.88     
  -322807893048627.06     
  -376280862022656.00     
  -438610568893921.56     
  -511263781279177.19     
  -595950148885712.00     
  -694662417292343.50     
  -809723299029705.62     
  -943840103913849.75     
  -1100168412963935.0     
  -1282386292791195.0     
  -1494780795075864.8     
  -1742348774470766.5     
  -2030914394766983.8     
  -2367266085332584.5     
  -2759316166901293.5     
  -3216286898479714.5     
  -3748927317970288.5     
  -4369765972653228.0     
  -5093405478926469.0     
  -5936865833471119.0     
  -6919984543369114.0     
  -8065882977545091.0     
  -9401509897579274.0     
  -10958274938969690.     
  -12772786926878580.     
  -14887714372887446.     
  -17352788369120242.     
  -20225971440647000.     
  -23574819814864940.     
  -27478071109068052.     
  -32027494731286468.     
  -37330048458962664.     
  -43510391849937992.     
  -50713815519298640.     
  -59109655080525568.     
  -68895269929272952.     
  -80300680310017408.     
  -93593971560983632.     
  -1.0908759244381813E+017
  -1.2714569545406603E+017
  -1.4819269146908829E+017
  -1.7272321959553270E+017
  -2.0131376629761331E+017
  -2.3463620659957664E+017
  -2.7347358526898989E+017
  -3.1873850846013741E+017
  -3.7149457756204403E+017
  -4.3298136839048973E+017
  -5.0464354206237805E+017
  -5.8816477084530074E+017
  -6.8550727525893286E+017
  -7.9895790036763981E+017
  -9.3118181263292838E+017
  -1.0852850774879507E+018
  -1.2648875861465559E+018
  -1.4742080429516244E+018
  -1.7181630074941146E+018
  -2.0024823154286185E+018
  -2.3338435861025628E+018
  -2.7200289728109844E+018
  -3.1701078331817569E+018
  -3.6946496051159813E+018
  -4.3059718821041720E+018
  -5.0184295072144968E+018
  -5.8487514669512827E+018
  -6.8164334870534246E+018
  -7.9441955384105236E+018
  -9.2585149832264253E+018
  -1.0790247865018298E+019
  -1.2575352912558971E+019
  -1.4655735235869649E+019
  -1.7080229498266135E+019
  -1.9905745617990250E+019
  -2.3198603862712828E+019
  -2.7036090639420379E+019
  -3.1508271454879650E+019
  -3.6720103549171474E+019
  -4.2793897727868387E+019
  -4.9872187101782598E+019
  -5.8121069978480992E+019
  -6.7734105260249031E+019
  -7.8936851649058324E+019
  -9.1992157043487769E+019
  -1.0720632208865717E+020
  -1.2493628231956572E+020
  -1.4559797720024339E+020
  -1.6967610216444605E+020
  -1.9773547215910761E+020
  -2.3043426293772200E+020
  -2.6853944033076956E+020
  -3.1294473896360038E+020
  -3.6469161159813949E+020
  -4.2499363984068307E+020
  -4.9526497801184831E+020
  -5.7715349641310772E+020
  -6.7257940025702626E+020
  -7.8378022872982605E+020
  -9.1336328802465966E+020
  -1.0643667462164641E+021
  -1.2403308206157298E+021
  -1.4453807244821017E+021
  -1.6843233152253543E+021
  -1.9627597069088396E+021
  -2.2872164834992120E+021
  -2.6652985846140948E+021
  -3.1058674426860987E+021
  -3.6192485413468294E+021
  -4.2174732532545791E+021
  -4.9145606176403001E+021
  -5.7268456522798785E+021
  -6.6733618832621479E+021
  -7.7762870442608390E+021
  -9.0614623746827349E+021
  -1.0558997667592528E+022
  -1.2303976223943472E+022
  -1.4337276206245833E+022
  -1.6706527606987117E+022
  -1.9467227218492078E+022
  -2.2684037685579883E+022
  -2.6432301026667450E+022
  -3.0799802023445636E+022
  -3.5888822721066610E+022
  -4.1818536086395578E+022
  -4.8727794800269703E+022
  -5.6778380396059905E+022
  -6.6158788716870710E+022
  -7.7088640198734533E+022
  -8.9823818089888525E+022
  -1.0466245472765687E+023
  -1.2195190581181249E+023
  -1.4209687569925814E+023
  -1.6556888363842518E+023
  -1.9291729219076997E+023
  -2.2478215558247471E+023
  -2.6190918824380931E+023
  -3.0516720331886817E+023
  -3.5556842862041464E+023
  -4.1429217470968550E+023
  -4.8271240806748528E+023
  -5.6242987351742668E+023
  -6.5530951629249628E+023
  -7.6352407788061071E+023
  -8.8960488393026451E+023
  -1.0365010104061950E+024
  -1.2076482097737104E+024
  -1.4070492068207290E+024
  -1.6393672391120382E+024
  -1.9100350261996046E+024
  -2.2253817117942369E+024
  -2.5927807425334019E+024
  -3.0208221355363178E+024
  -3.5195131560103248E+024
  -4.1005120890276293E+024
  -4.7774005616795885E+024
  -5.5660007711321524E+024
  -6.4847450216101664E+024
  -7.5551061934408222E+024
  -8.8020991884185136E+024
  -1.0254865051027404E+025
  -1.1947351393039222E+025
  -1.3919104994607357E+025
  -1.6216195070514612E+025
  -1.8892288736624003E+025
  -2.2009903759782459E+025
  -2.5641867807070130E+025
  -2.9873018223609599E+025
  -3.4802181974228311E+025
  -4.0544481913630530E+025
  -4.7234023154393173E+025
  -5.5027022159082898E+025
  -6.4105451498265347E+025
  -7.4681285230236381E+025
  -8.7001443850553942E+025
  -1.0135355405550484E+026
  -1.1807265754269714E+026
  -1.3754902517561447E+026
  -1.6023725858144462E+026
  -1.8666689123164726E+026
  -2.1745473596992221E+026
  -2.5331926661456084E+026
  -2.9509736861728521E+026
  -3.4376384890982108E+026
  -4.0045415929496780E+026
  -4.6649086253407921E+026
  -5.4341445738650426E+026
  -6.3301928029346391E+026
  -7.3739531952683550E+026
  -8.5897691518786277E+026
  -1.0005994786388187E+027
  -1.1655655515046645E+027
  -1.3577217416263352E+027
  -1.5815483263296046E+027
  -1.8422636079704149E+027
  -2.1459454497720256E+027
  -2.4996728194490391E+027
  -2.9116906332956299E+027
  -3.3916017351021710E+027
  -3.9505904750332642E+027
  -4.6016830880951364E+027
  -5.3600509270920494E+027
  -6.2433636008721396E+027
  -7.2722002283070092E+027
  -8.4705283687481214E+027
  -9.8662617619895948E+027
  -1.1491909841521232E+028
  -1.3385334116550411E+028
  -1.5590629000355349E+028
  -1.8159147552576311E+028
  -2.1150695968080929E+028
  -2.4634924563088360E+028
  -2.8692947571151730E+028
  -3.3419229373143853E+028
  -3.8923780969698416E+028
  -4.5334717704974253E+028
  -5.2801237634014275E+028
  -6.1497089686638421E+028
  -7.1624612144907917E+028
  -8.3419435182014822E+028
  -9.7155956614488556E+028
  -1.1315371795367437E+029
  -1.3178482872188647E+029
  -1.5348261130698733E+029
  -1.7875166692924944E+029
  -2.0817959624142041E+029
  -2.4245064643963261E+029
  -2.8236160141699481E+029
  -3.2884028347682351E+029
  -3.8296709564148895E+029
  -4.4600010404603044E+029
  -5.1940424192295674E+029
  -6.0488531216320439E+029
  -7.0442957658638090E+029
  -8.2034984944158190E+029
  -9.5533916328005862E+029
  -1.1125332506751375E+030
  -1.2955832893662264E+030
  -1.5087405959900112E+030
  -1.7569552301238408E+030
  -2.0459907922944387E+030
  -2.3825580743374505E+030
  -2.7744706566866517E+030
  -3.2308260549011450E+030
  -3.7622166087304078E+030
  -4.3809749949175739E+030
  -5.1014600456332413E+030
  -5.9403894863993328E+030
  -6.9172272921165220E+030
  -8.0546346223836498E+030
  -9.3789947668273970E+030
  -1.0921024241549401E+031
  -1.2716484168501730E+031
  -1.4807008386534735E+031
  -1.7241067439455551E+031
  -2.0075090724867678E+031
  -2.3374772740186370E+031
  -2.7216593613236270E+031
  -3.1689589052209618E+031
  -3.6897410607500225E+031
  -4.2960723838686525E+031
  -5.0019999778076049E+031
  -5.8238764157352870E+031
  -6.7807379424976772E+031
  -7.8947446872236463E+031
  -9.1916930488193019E+031
  -1.0701612080736486E+032
  -1.2459457638192703E+032
  -1.4505920304807012E+032
  -1.6888365738248656E+032
  -1.9661929126296628E+032
  -2.2890788995863596E+032
  -2.6649649749699741E+032
  -3.1025467113657868E+032
  -3.6119456272087809E+032
  -4.2049428978708707E+032
  -4.8952513504758107E+032
  -5.6988320099343415E+032
  -6.6342624891149973E+032
  -7.7231657091472429E+032
  -8.9907088239863399E+032
  -1.0466183838419200E+033
  -1.2183683287724715E+033
  -1.4182886533338875E+033
  -1.6509974772269055E+033
  -1.9218695816993721E+033
  -2.2371603145032314E+033
  -2.6041497722206526E+033
  -3.0313105762645262E+033
  -3.5285031008593517E+033
  -4.1072026418267726E+033
  -4.7807637484807531E+033
  -5.5647277941810561E+033
  -6.4771808536397386E+033
  -7.5391701096484148E+033
  -8.7751883549225814E+033
  -1.0213737716979144E+034
  -1.1887985551118226E+034
  -1.3836527560238373E+034
  -1.6104275658714630E+034
  -1.8743490957125097E+034
  -2.1814985570591545E+034
  -2.5389520821916671E+034
  -2.9549433909943623E+034
  -3.4390530346411587E+034
  -4.0024285550542216E+034
  -4.6580406068624502E+034
  -5.4209809117539950E+034
  -6.3088088724344331E+034
  -7.3419547867116101E+034
  -8.5441888969239571E+034
  -9.9431670155358869E+034
  -1.1571065218566943E+035
  -1.3465318134506731E+035
  -1.5669477723888040E+035
  -1.8234212197679255E+035
  -2.1218467923811364E+035
  -2.4690820893358997E+035
  -2.8731048645873508E+035
  -3.3431958585604778E+035
  -3.8901514471326898E+035
  -4.5265309665268942E+035
  -5.2669443635915557E+035
  -6.1283867404958959E+035
  -7.1306274319404237E+035
  -8.2966624958608114E+035
  -9.6532409435119441E+035
  -1.1231476714562153E+036
  -1.3067560355528148E+036
  -1.5203586629843320E+036
  -1.7688516926562370E+036
  -2.0579298401994737E+036
  -2.3942165353954935E+036
  -2.7854152472610920E+036
  -3.2404854428979856E+036
  -3.7698471861046122E+036
  -4.3856190325003380E+036
  -5.1018946342513038E+036
  -5.9350643465222978E+036
  -6.9041891493886452E+036
  -8.0314353862205873E+036
  -9.3425801993297501E+036
  -1.0867599147111962E+037
  -1.2641349350240510E+037
  -1.4704363679719917E+037
  -1.7103774015660105E+037
  -1.9894384529226471E+037
  -2.3139919337281550E+037
  -2.6914472826323338E+037
  -3.1304195528369515E+037
  -3.6409253759716058E+037
  -4.2346107423959421E+037
  -4.9250157572611829E+037
  -5.7278823671825658E+037
  -6.6615120230025697E+037
  -7.7471813716763321E+037
  -9.0096253801143605E+037
  -1.0477598815283852E+038
  -1.2184528772146144E+038
  -1.4169272993740831E+038
  -1.6477001111945902E+038
  -1.9160218706585728E+038
  -2.2279957296660032E+038
  -2.5907157112541380E+038
  -3.0124273835629786E+038
  -3.5027145529193463E+038
  -4.0727161833589482E+038
  -4.7353784291467362E+038
  -5.5057474555624950E+038
  -6.4013096389981853E+038
  -7.4423868006991022E+038
  -8.6525953629838662E+038
  -1.0059379750013335E+039
  -1.1694632019071771E+039
  -1.3595411639918447E+039
  -1.5804781582042842E+039
  -1.8372779472473860E+039
  -2.1357545607998720E+039
  -2.4826633112343486E+039
  -2.8858529598894189E+039
  -3.3544424423181989E+039
  -3.8990261091339048E+039
  -4.5319120752508410E+039
  -5.2673990085616164E+039
  -6.1220975457332003E+039
  -7.1153035167869399E+039
  -8.2694313134138891E+039
  -9.6105170740321403E+039
  -1.1168802910941323E+040
  -1.2979415205798828E+040
  -1.5083152088710773E+040
  -1.7527397639491749E+040
  -2.0367183160411584E+040
  -2.3666419129801978E+040
  -2.7499325226848354E+040
  -3.1952090202724473E+040
  -3.7124798458095600E+040
  -4.3133666083335305E+040
  -5.0113635954655442E+040
  -5.8221389406283222E+040
  -6.7638841189068751E+040
  -7.8577195080133387E+040
  -9.1281649858785986E+040
  -1.0603685968010615E+041
  -1.2317326947102386E+041
  -1.4307446520534425E+041
  -1.6618570120187458E+041
  -1.9302379241741956E+041
  -2.2418858963399476E+041
  -2.6037629011545759E+041
  -3.0239487648320020E+041
  -3.5118202310194456E+041
  -4.0782586317984444E+041
  -4.7358907223467696E+041
  -5.4993679590496689E+041
  -6.3856903384743663E+041
  -7.4145818845996409E+041
  -8.6089259948379108E+041
  -9.9952701557708960E+041
  -1.1604411044973929E+042
  -1.3472072778005321E+042
  -1.5639693076782168E+042
  -1.8155334470144777E+042
  -2.1074740339113470E+042
  -2.4462558745575732E+042
  -2.8393760600238945E+042
  -3.2955282910268662E+042
  -3.8247932687606218E+042
  -4.4388592697727733E+042
  -5.1512776703580152E+042
  -5.9777589346849756E+042
  -6.9365154465842030E+042
  -8.0486585657567318E+042
  -9.3386584460546437E+042
  -1.0834876490596621E+043
  -1.2570181863678539E+043
  -1.4582665264857286E+043
  -1.6916465233276699E+043
  -1.9622724632978597E+043
  -2.2760697721823352E+043
  -2.6399031384450601E+043
  -3.0617247778778211E+043
  -3.5507459881114185E+043
  -4.1176356303682512E+043
  -4.7747497399972674E+043
  -5.5363971182586576E+043
  -6.4191465087219662E+043
  -7.4421818276945509E+043
  -8.6277129167696140E+043
  -1.0001450436946106E+044
  -1.1593154850890523E+044
  -1.3437270969275902E+044
  -1.5573661299167409E+044
  -1.8048453462045573E+044
  -2.0915019286333584E+044
  -2.4235105870177114E+044
  -2.8080142007397403E+044
  -3.2532746933371900E+044
  -3.7688472447241954E+044
  -4.3657814181469722E+044
  -5.0568533209950572E+044
  -5.8568335415229571E+044
  -6.7827963192274967E+044
  -7.8544762285979577E+044
  -9.0946795996485175E+044
  -1.0529758981667868E+045
  -1.2190160199055917E+045
  -1.4111052972830278E+045
  -1.6333057714402121E+045
  -1.8903082969136118E+045
  -2.1875290129642741E+045
  -2.5312204490857373E+045
  -2.9285994523992838E+045
  -3.3879944453385692E+045
  -3.9190148884477846E+045
  -4.5327462415228798E+045
  -5.2419741937670334E+045
  -6.0614424780489644E+045
  -7.0081492046681605E+045
  -8.1016873562505933E+045
  -9.3646358887192602E+045
  -1.0823008796205377E+046
  -1.2506770534203203E+046
  -1.4450427370667752E+046
  -1.6693705566189740E+046
  -1.9282328790670837E+046
  -2.2268908885694948E+046
  -2.5713966001549997E+046
  -2.9687096299987245E+046
  -3.4268307844548102E+046
  -3.9549548027608993E+046
  -4.5636448936675241E+046
  -5.2650320472533314E+046
  -6.0730424829904140E+046
  -7.0036570168326528E+046
  -8.0752065966989484E+046
  -9.3087087699239205E+046
  -1.0728250410287933E+047
  -1.2361422647611535E+047
  -1.4239814610007855E+047
  -1.6399573306577888E+047
  -1.8882037743301998E+047
  -2.1734456170894462E+047
  -2.5010796200290352E+047
  -2.8772658373865403E+047
  -3.3090304626248014E+047
  -3.8043813876528332E+047
  -4.3724377721056056E+047
  -5.0235749785086068E+047
  -5.7695862665173779E+047
  -6.6238626450473530E+047
  -7.6015922416106424E+047
  -8.7199804460886950E+047
  -9.9984918988103069E+047
  -1.1459115090826065E+048
  -1.3126649889816074E+048
  -1.5029017649417863E+048
  -1.7197592640325908E+048
  -1.9667552277989184E+048
  -2.2478241911173795E+048
  -2.5673547646159476E+048
  -2.9302267643913187E+048
  -3.3418468325695176E+048
  -3.8081806678618438E+048
  -4.3357793010601121E+048
  -4.9317959606663543E+048
  -5.6039889197779503E+048
  -6.3607042212716421E+048
  -7.2108302466693970E+048
  -8.1637135987827226E+048
  -9.2290225461963709E+048
  -1.0416540117309671E+049
  -1.1735863558014558E+049
  -1.3195979921857710E+049
  -1.4804678576694900E+049
  -1.6567749774456634E+049
  -1.8487903335767906E+049
  -2.0563321888769161E+049
  -2.2785737571636477E+049
  -2.5137887806941771E+049
  -2.7590162220925467E+049
  -3.0096195733959030E+049
  -3.2587087917002505E+049
  -3.4963830052936262E+049
  -3.7087391169634404E+049
  -3.8765742280263936E+049
  -3.9736870647316998E+049
  -3.9646536104110986E+049
  -3.8019130724981069E+049
  -3.4219513123465070E+049
  -2.7403170288547624E+049
  -1.6452240533146045E+049
  -1.4940269853196045E+045
