   0.0000000000000000     
  -1.1011010049952404E-016
  -2.2179919223739308E-016
  -3.3666886421094953E-016
  -4.5636626423508215E-016
  -5.8260771591230761E-016
  -7.1720332605181733E-016
  -8.6208293529930030E-016
  -1.0193237839657861E-015
  -1.1911802896016188E-015
  -1.3801163631024149E-015
  -1.5888407264903119E-015
  -1.8203457385064757E-015
  -2.0779502843952361E-015
  -2.3653473444757674E-015
  -2.6866569231175419E-015
  -3.0464850965205172E-015
  -3.4499900253497429E-015
  -3.9029558780418900E-015
  -4.4118757239167751E-015
  -4.9840445837129620E-015
  -5.6276639706628732E-015
  -6.3519594198129493E-015
  -7.1673126893351973E-015
  -8.0854105277318747E-015
  -9.1194121381144110E-015
  -1.0284137738538430E-014
  -1.1596280919533703E-014
  -1.3074647840807212E-014
  -1.4740426693499705E-014
  -1.6617491287844912E-014
  -1.8732743114822335E-014
  -2.1116496781406898E-014
  -2.3802914340190440E-014
  -2.6830494734374873E-014
  -3.0242625368439152E-014
  -3.4088203704462688E-014
  -3.8422337786882680E-014
  -4.3307135728728713E-014
  -4.8812595466294610E-014
  -5.5017607525012350E-014
  -6.2011085157538962E-014
  -6.9893238038920091E-014
  -7.8777007759260871E-014
  -8.8789685671039751E-014
  -1.0007473625920608E-013
  -1.1279385214487926E-013
  -1.2712927014993883E-013
  -1.4328638158752664E-013
  -1.6149667415597557E-013
  -1.8202104756122418E-013
  -2.0515355034332130E-013
  -2.3122559141274872E-013
  -2.6061068659829233E-013
  -2.9372980816733735E-013
  -3.3105741391135923E-013
  -3.7312824211756239E-013
  -4.2054496971130058E-013
  -4.7398684320998644E-013
  -5.3421940605448496E-013
  -6.0210546157775264E-013
  -6.7861742855729701E-013
  -7.6485126623098476E-013
  -8.6204216812002893E-013
  -9.7158224932007841E-013
  -1.0950404804534586E-012
  -1.2341851536310182E-012
  -1.3910092020107774E-012
  -1.5677587353811589E-012
  -1.7669652002233096E-012
  -1.9914816245783952E-012
  -2.2445234665038771E-012
  -2.5297146507839778E-012
  -2.8511394528063124E-012
  -3.2134009721911565E-012
  -3.6216870330590353E-012
  -4.0818444540952360E-012
  -4.6004627513366410E-012
  -5.1849684715802195E-012
  -5.8437315064242544E-012
  -6.5861849083787270E-012
  -7.4229599236722625E-012
  -8.3660381741029169E-012
  -9.4289231656428760E-012
  -1.0626833578022313E-011
  -1.1976921101139926E-011
  -1.3498515935333932E-011
  -1.5213403468320296E-011
  -1.7146136087624611E-011
  -1.9324384589979151E-011
  -2.1779334215615388E-011
  -2.4546130973755454E-011
  -2.7664384645022419E-011
  -3.1178735657236707E-011
  -3.5139493944737691E-011
  -3.9603358931030590E-011
  -4.4634230934932356E-011
  -5.0304125608067939E-011
  -5.6694204485248508E-011
  -6.3895936390015737E-011
  -7.2012406309207659E-011
  -8.1159790459548554E-011
  -9.1469018646145425E-011
  -1.0308764769136585E-010
  -1.1618197273117311E-010
  -1.3093940657775830E-010
  -1.4757116118086610E-010
  -1.6631526954036610E-010
  -1.8743999129112981E-010
  -2.1124765066773219E-010
  -2.3807896173933236E-010
  -2.6831790277267722E-010
  -3.0239720943311430E-010
  -3.4080456538202268E-010
  -3.8408957880065310E-010
  -4.3287164460753156E-010
  -4.8784880479993466E-010
  -5.4980773362047752E-010
  -6.1963499033152423E-010
  -6.9832970050276370E-010
  -7.8701784713989914E-010
  -8.8696837599681942E-010
  -9.9961134534877152E-010
  -1.1265583797305260E-009
  -1.2696257200790076E-009
  -1.4308601998349483E-009
  -1.6125685183831942E-009
  -1.8173502303439786E-009
  -2.0481349223412396E-009
  -2.3082241087278033E-009
  -2.6013384451961887E-009
  -2.9316709352115727E-009
  -3.3039468898560643E-009
  -3.7234914981945811E-009
  -4.1963059740412417E-009
  -4.7291533675752295E-009
  -5.3296552683775342E-009
  -6.0064007821080541E-009
  -6.7690693384396289E-009
  -7.6285690855173314E-009
  -8.5971928489410469E-009
  -9.6887938842585482E-009
  -1.0918983934790143E-008
  -1.2305356425324169E-008
  -1.3867737981377754E-008
  -1.5628471868438797E-008
  -1.7612737401673717E-008
  -1.9848909890514717E-008
  -2.2368966261669808E-008
  -2.5208942156699751E-008
  -2.8409447035697869E-008
  -3.2016244647293504E-008
  -3.6080907159011732E-008
  -4.0661552294295238E-008
  -4.5823674008255662E-008
  -5.1641078570402486E-008
  -5.8196939428277360E-008
  -6.5584985922599112E-008
  -7.3910842836425635E-008
  -8.3293539915260432E-008
  -9.3867212922734364E-008
  -1.0578302053213686E-007
  -1.1921130443671207E-007
  -1.3434402353528306E-007
  -1.5139749696401033E-007
  -1.7061549515580924E-007
  -1.9227272307910707E-007
  -2.1667874540816358E-007
  -2.4418240968805435E-007
  -2.7517683066870561E-007
  -3.1010500699557781E-007
  -3.4946615047409877E-007
  -3.9382281829962400E-007
  -4.4380895010977082E-007
  -5.0013892463506670E-007
  -5.6361776528135275E-007
  -6.3515264038104371E-007
  -7.1576582233426704E-007
  -8.0660929068886888E-007
  -9.0898118767749861E-007
  -1.0243443611753739E-006
  -1.1543472598412597E-006
  -1.3008474787818514E-006
  -1.4659382919152825E-006
  -1.6519785498426864E-006
  -1.8616263700759800E-006
  -2.0978771006006529E-006
  -2.3641060987466894E-006
  -2.6641169360689629E-006
  -3.0021957173810927E-006
  -3.3831722893485894E-006
  -3.8124892123730360E-006
  -4.2962794802916486E-006
  -4.8414540972563376E-006
  -5.4558007618240852E-006
  -6.1480950667925511E-006
  -6.9282258019122146E-006
  -7.8073361478463118E-006
  -8.7979827765027586E-006
  -9.9143151283620684E-006
  -1.1172277425316033E-005
  -1.2589836301919408E-005
  -1.4187237303467190E-005
  -1.5987293911155817E-005
  -1.8015713218640806E-005
  -2.0301462907183472E-005
  -2.2877184755741482E-005
  -2.5779660586202985E-005
  -2.9050337291957806E-005
  -3.2735918440806410E-005
  -3.6889030892845538E-005
  -4.1568975943976884E-005
  -4.6842575711318641E-005
  -5.2785126835246140E-005
  -5.9481475103414626E-005
  -6.7027226326744124E-005
  -7.5530110740559006E-005
  -8.5111520393574091E-005
  -9.5908241454414233E-005
  -1.0807440614501167E-004
  -1.2178369214216503E-004
  -1.3723180081740455E-004
  -1.5463924966139042E-004
  -1.7425451871903782E-004
  -1.9635759590926898E-004
  -2.2126397179067058E-004
  -2.4932914074243996E-004
  -2.8095367275015454E-004
  -3.1658892812098471E-004
  -3.5674349661891279E-004
  -4.0199045283793492E-004
  -4.5297553126725365E-004
  -5.1042633761292332E-004
  -5.7516272771207814E-004
  -6.4810850201921840E-004
  -7.3030458239617944E-004
  -8.2292385906550236E-004
  -9.2728791939198187E-004
  -1.0448858969782911E-003
  -1.1773957097798570E-003
  -1.3267079899920650E-003
  -1.4949530468243786E-003
  -1.6845312464975188E-003
  -1.8981472424970626E-003
  -2.1388485439833029E-003
  -2.4100689720744071E-003
  -2.7156776233682204E-003
  -3.0600340385393940E-003
  -3.4480503622604376E-003
  -3.8852613803067818E-003
  -4.3779034319355974E-003
  -4.9330033220739622E-003
  -5.5584785003146200E-003
  -6.2632499342254802E-003
  -7.0573692853175257E-003
  -7.9521621997598324E-003
  -8.9603897554805453E-003
  -1.0096430365917243E-002
  -1.1376484732060899E-002
  -1.2818806762722802E-002
  -1.4443963752816681E-002
  -1.6275129526153842E-002
  -1.8338414718729119E-002
  -2.0663238907412396E-002
  -2.3282749884883151E-002
  -2.6234296053035757E-002
  -2.9559958663496758E-002
  -3.3307151486097558E-002
  -3.7529296446265022E-002
  -4.2286584853992212E-002
  -4.7646835065725160E-002
  -5.3686458793490835E-002
  -6.0491549822434522E-002
  -6.8159110640640494E-002
  -7.6798434448476213E-002
  -8.6532662226661380E-002
  -9.7500537034290360E-002
 -0.10985838051558489     
 -0.12378231975716512     
 -0.13947079620109812     
 -0.15714739233360844     
 -0.17706401639222169     
 -0.19950449042959717     
 -0.22478859281286839     
 -0.25327661270460172     
 -0.28537448135748750     
 -0.32153955326322448     
 -0.36228711944348035     
 -0.40819774558882821     
 -0.45992553948832082     
 -0.51820746541477491     
 -0.58387383802692061     
 -0.65786014513114166     
 -0.74122036755119325     
 -0.83514198565287057     
 -0.94096288606489720     
  -1.0601904091684757     
  -1.1945228083802668     
  -1.3458734265599628     
  -1.5163979335217901     
  -1.7085250121685920     
  -1.9249909298165120     
  -2.1688784865349038     
  -2.4436608945753266     
  -2.7532512130901003     
  -3.1020580413415293     
  -3.4950482626003723     
  -3.9378177311911013     
  -4.4366709080868327     
  -4.9987105776933989     
  -5.6319389217978877     
  -6.3453713881288474     
  -7.1491649728772861     
  -8.0547627414444118     
  -9.0750566425246522     
  -10.224570930680782     
  -11.519668805516053     
  -12.978785205557616     
  -14.622689066724190     
  -16.474778774039329     
  -18.561415007018365     
  -20.912295710602773     
  -23.560878522188233     
  -26.544856659694783     
  -29.906695035336384     
  -33.694234215551845     
  -37.961370811612284     
  -42.768823971411095     
  -48.184998866291444     
  -54.286959444843447     
  -61.161524277974088     
  -68.906501068257811     
  -77.632077366440285     
  -87.462387256957086     
  -98.537276273942609     
  -111.01428962492513     
  -125.07091197119814     
  -140.90709058674724     
  -158.74807774230476     
  -178.84763269472433     
  -201.49162876875278     
  -227.00211677090360     
  -255.74190245513694     
  -288.11970305937757     
  -324.59595615413053     
  -365.68936330624399     
  -411.98426149363468     
  -464.13892695854059     
  -522.89492942433219     
  -589.08766951187249     
  -663.65824898740777     
  -747.66684239323070     
  -842.30775992325709     
  -948.92641541045350     
  -1069.0384403322239     
  -1204.3512151968739     
  -1356.7881239810699     
  -1528.5158759312997     
  -1721.9752825697158     
  -1939.9159267735758     
  -2185.4352160230364     
  -2462.0223741172563     
  -2773.6079957256188     
  -3124.6198670626936     
  -3520.0458448712043     
  -3965.5046860268931     
  -4467.3258328621396     
  -5032.6392863401588     
  -5669.4768422990892     
  -6386.8861271534051     
  -7195.0590509728017     
  -8105.4765003288940     
  -9131.0713236050360     
  -10286.411920868108     
  -11587.909042578598     
  -13054.048730506860     
  -14705.654704891598     
  -16566.183919372794     
  -18662.059475470382     
  -21023.045618023127     
  -23682.670129552345     
  -26678.700113422030     
  -30053.677912447816     
  -33855.524761980480     
  -38138.220736526942     
  -42962.570630269489     
  -48397.066629714063     
  -54518.860008386968     
  -61414.855618428708     
  -69182.944693978949     
  -77933.393441042746     
  -87790.407095823059     
  -98893.891619543763     
  -111401.43799776575     
  -125490.55726574923     
  -141361.19793317607     
  -159238.58148178671     
  -179376.39611482370     
  -202060.39401136895     
  -227612.44305351947     
  -256395.09043074181     
  -288816.70277474588     
  -325337.25564240076     
  -366474.85435908078     
  -412813.07859047258     
  -465009.25467378984     
  -523803.77287451475     
  -590030.58152802405     
  -664629.00668599643     
  -748657.06465098588     
  -843306.45591435616     
  -949919.45281174523     
  -1070007.9200129323     
  -1205274.7371483957     
  -1357637.9268698297     
  -1529257.8299270344     
  -1722567.7119602514     
  -1940308.2352646790     
  -2185566.2834690618     
  -2461818.6886558719     
  -2772981.4798072348     
  -3123465.3495686646     
  -3518238.1242857897     
  -3962895.1213307120     
  -4463738.3892943114     
  -5027865.9522551745     
  -5663272.3208199898     
  -6378961.6919633774     
  -7185075.4391281484     
  -8093035.6961150253     
  -9115707.0658481754     
  -10267578.741364187     
  -11564969.614956724     
  -13026259.276393140     
  -14672148.167092590     
  -16525950.569285823     
  -18613924.573284935     
  -20965643.688630130     
  -23614415.353429385     
  -26597752.258975673     
  -29957903.153071351     
  -33742450.625947021     
  -38004984.329096317     
  -42805859.143117577     
  -48213049.010800712     
  -54303108.503161080     
  -61162255.707973622     
  -68887591.744075850     
  -77588474.134468958     
  -87388063.444280073     
  -98425065.036614493     
  -110855690.55474590     
  -124855866.84183495     
  -140623723.50319895     
  -158382394.25035891     
  -178383171.59615135     
  -200909059.45859042     
  -226278773.84824505     
  -254851248.13886666     
  -287030706.54304504     
  -323272377.43420184     
  -364088927.18631035     
  -410057705.37065977     
  -461828903.59809005     
  -520134743.18678856     
  -585799821.35165977     
  -659752761.95603752     
  -743039335.27043235     
  -836837231.90544021     
  -942472699.41885960     
  -1061439276.3692253     
  -1195418888.1694932     
  -1346305602.4022288     
  -1516232378.7605410     
  -1707601191.0053988     
  -1923116945.8746071     
  -2165825677.4111576     
  -2439157555.4527922     
  -2746975314.8891253     
  -3093628788.7031088     
  -3484016313.8457727     
  -3923653875.8582101     
  -4418752967.2162228     
  -4976308257.1660500     
  -5604196309.0724850     
  -6311286736.9590788     
  -7107567368.1746807     
  -8004285176.4372444     
  -9014104971.6610909     
  -10151288083.093084     
  -11431893553.885410     
  -12874004682.278915     
  -14497984101.521097     
  -16326760992.517139     
  -18386154475.662800     
  -20705237737.697174     
  -23316748022.904133     
  -26257548263.647018     
  -29569146852.119686     
  -33298282873.556602     
  -37497585042.469612     
  -42226313620.718651     
  -47551195763.956787     
  -53547366057.626198     
  -60299425483.696442     
  -67902633725.523392     
  -76464251593.978394     
  -86105052469.703751     
  -96961024033.656464     
  -109185284234.40204     
  -122950238453.50006     
  -138450008222.09885     
  -155903165660.15585     
  -175555812108.13943     
  -197685044259.99680     
  -222602856553.52805     
  -250660534706.55292     
  -282253602190.47662     
  -317827389203.93738     
  -357883302457.21356     
  -402985883925.74420     
  -453770757816.64624     
  -510953577471.03210     
  -575340097972.30908     
  -647837516043.52759     
  -729467236617.04053     
  -821379245496.88672     
  -924868290089.41968     
  -1041392095567.0466     
  -1172591872409.5066     
  -1320315403437.5896     
  -1486643034666.5601     
  -1673916935068.3962     
  -1884774036214.5933     
  -2122183114417.7544     
  -2389486536124.1953     
  -2690447252745.9224     
  -3029301704775.3657     
  -3410819377932.0117     
  -3840369847407.8867     
  -4323998251315.7446     
  -4868510252670.8125     
  -5481567682309.6650     
  -6171796204931.4785     
  -6948906519034.6631     
  -7823830791275.6846     
  -8808876239353.0039     
  -9917898017906.6641     
  -11166493832487.416     
  -12572223011174.418     
  -14154853106168.471     
  -15936637483453.574     
  -17942627792799.824     
  -20201025699048.465     
  -22743578805609.672     
  -25606026320106.848     
  -28828600708773.219     
  -32456592370288.027     
  -36540985242191.875     
  -41139172246179.258     
  -46315760596311.977     
  -52143478252151.273     
  -58704194214547.188     
  -66090066955131.688     
  -74404837063697.797     
  -83765282215657.578     
  -94302854832844.938     
  -106165525366781.33     
  -119519857009844.83     
  -134553340876736.48     
  -151477024341412.47     
  -170528469314099.78     
  -191975081856351.53     
  -216117859723715.47     
  -243295610267924.28     
  -273889697705092.91     
  -308329386154943.50     
  -347097853181778.38     
  -390738957936910.00     
  -439864858545196.56     
  -495164585242226.62     
  -557413689118971.44     
  -627485101353477.88     
  -706361354713824.50     
  -795148338138696.88     
  -895090776606656.38     
  -1007589652590704.8     
  -1134221812496665.2     
  -1276762031979720.5     
  -1437207848347938.2     
  -1617807506872651.5     
  -1821091411270780.2     
  -2049907517508487.8     
  -2307461165079424.0     
  -2597359901799906.5     
  -2923663927798936.0     
  -3290942862732073.0     
  -3704339628404918.0     
  -4169642338180745.0     
  -4693365196147320.0     
  -5282839534582286.0     
  -5946316259530706.0     
  -6693081133256691.0     
  -7533584501163233.0     
  -8479587271976040.0     
  -9544325186354716.0     
  -10742693663773544.     
  -12091455804042918.     
  -13609476442201528.     
  -15317985518176238.     
  -17240874430617806.     
  -19405029503341772.     
  -21840707209207724.     
  -24581956377225328.     
  -27667093262245312.     
  -31139236091847640.     
  -35046906532179436.     
  -39444706444996624.     
  -44394079354932584.     
  -49964167223571960.     
  -56232774451576448.     
  -63287452520257872.     
  -71226720360278512.     
  -80161437420813168.     
  -90216348533661744.     
  -1.0153182205284630E+017
  -1.1426580543421445E+017
  -1.2859602543868064E+017
  -1.4472246353877542E+017
  -1.6287014092816470E+017
  -1.8329225183063085E+017
  -2.0627368863814720E+017
  -2.3213500784401978E+017
  -2.6123689185183011E+017
  -2.9398516861869331E+017
  -3.3083645882727392E+017
  -3.7230452898206925E+017
  -4.1896743861198406E+017
  -4.7147558076848307E+017
  -5.3056072738876083E+017
  -5.9704620501750797E+017
  -6.7185834204137242E+017
  -7.5603934620346355E+017
  -8.5076179097450586E+017
  -9.5734491163607693E+017
  -1.0772729369873802E+018
  -1.2122157107660803E+018
  -1.3640518885648133E+018
  -1.5348950316653888E+018
  -1.7271229592941384E+018
  -1.9434107658772557E+018
  -2.1867679605659226E+018
  -2.4605802433065554E+018
  -2.7686564958374538E+018
  -3.1152816380831299E+018
  -3.5052760814850575E+018
  -3.9440626019694669E+018
  -4.4377415577648323E+018
  -4.9931754925557330E+018
  -5.6180842940830331E+018
  -6.3211522240572672E+018
  -7.1121482991489638E+018
  -8.0020616871116247E+018
  -9.0032539893157724E+018
  -1.0129630513976177E+019
  -1.1396832906343287E+019
  -1.2822455796706241E+019
  -1.4426290458267664E+019
  -1.6230598839351902E+019
  -1.8260421753114835E+019
  -2.0543925478687019E+019
  -2.3112791556967731E+019
  -2.6002655159363031E+019
  -2.9253598076795482E+019
  -3.2910703128487973E+019
  -3.7024677635660939E+019
  -4.1652554555980784E+019
  -4.6858480943396299E+019
  -5.2714604599554695E+019
  -5.9302071133769654E+019
  -6.6712145167034163E+019
  -7.5047471122635637E+019
  -8.4423490964924989E+019
  -9.4970038404994122E+019
  -1.0683313151696357E+020
  -1.2017698843446616E+020
  -1.3518629386103621E+020
  -1.5206874757239665E+020
  -1.7105792996018858E+020
  -1.9241652401844837E+020
  -2.1643993806559550E+020
  -2.4346037899270255E+020
  -2.7385143200849442E+020
  -3.0803320979728138E+020
  -3.4647814181271490E+020
  -3.8971748320444835E+020
  -4.3834863273623663E+020
  -4.9304336013727400E+020
  -5.5455705578482958E+020
  -6.2373912961536767E+020
  -7.0154470189416592E+020
  -7.8904774615441565E+020
  -8.8745586448678637E+020
  -9.9812689769012619E+020
  -1.1225875978874153E+021
  -1.2625546194098746E+021
  -1.4199581154400338E+021
  -1.5969682635126627E+021
  -1.7960250829850893E+021
  -2.0198719525495639E+021
  -2.2715932863811362E+021
  -2.5546568842814297E+021
  -2.8729615349628645E+021
  -3.2308905232853909E+021
  -3.6333717727815921E+021
  -4.0859454452787697E+021
  -4.5948399210757672E+021
  -5.1670571973362676E+021
  -5.8104688706674208E+021
  -6.5339240140017720E+021
  -7.3473704198444459E+021
  -8.2619908638796509E+021
  -9.2903562473138616E+021
  -1.0446597705933456E+022
  -1.1746600031778599E+022
  -1.3208219043070554E+022
  -1.4851525863493729E+022
  -1.6699081437524619E+022
  -1.8776245019156467E+022
  -2.1111520832636374E+022
  -2.3736947621937380E+022
  -2.6688536387623045E+022
  -3.0006762263375801E+022
  -3.3737117218565727E+022
  -3.7930731097728152E+022
  -4.2645069433804134E+022
  -4.7944717511949279E+022
  -5.3902261328631858E+022
  -6.0599277402338649E+022
  -6.8127444865126540E+022
  -7.6589794918305980E+022
  -8.6102114592946509E+022
  -9.6794523841608997E+022
  -1.0881324732973991E+023
  -1.2232260492494677E+023
  -1.3750724783519197E+023
  -1.5457467066239465E+023
  -1.7375803336045725E+023
  -1.9531933126621338E+023
  -2.1955295606419648E+023
  -2.4678969581426826E+023
  -2.7740122808551036E+023
  -3.1180516687946209E+023
  -3.5047073147954076E+023
  -3.9392511373088828E+023
  -4.4276062964769032E+023
  -4.9764275178858056E+023
  -5.5931913067572503E+023
  -6.2862972681739502E+023
  -7.0651818980430873E+023
  -7.9404463768536814E+023
  -8.9240000861143369E+023
  -1.0029221778163841E+024
  -1.1271140566632644E+024
  -1.2666639170342698E+024
  -1.4234682141393656E+024
  -1.5996572142551001E+024
  -1.7976237714262979E+024
  -2.0200556392664269E+024
  -2.2699717512355463E+024
  -2.5507629557836421E+024
  -2.8662377522236117E+024
  -3.2206736399290431E+024
  -3.6188747683195912E+024
  -4.0662366590904992E+024
  -4.5688188663718433E+024
  -5.1334265462109998E+024
  -5.7677020253527993E+024
  -6.4802275923088568E+024
  -7.2806408829126448E+024
  -8.1797643999140418E+024
  -9.1897508938777970E+024
  -1.0324246543182013E+025
  -1.1598574107030949E+025
  -1.3029938490200630E+025
  -1.4637657455199457E+025
  -1.6443420550541774E+025
  -1.8471579697262115E+025
  -2.0749475294529231E+025
  -2.3307802174728539E+025
  -2.6181020264804882E+025
  -2.9407815400869187E+025
  -3.3031616404773508E+025
  -3.7101175273176423E+025
  -4.1671218161218530E+025
  -4.6803175775130608E+025
  -5.2566002833027813E+025
  -5.9037097424382473E+025
  -6.6303332411419732E+025
  -7.4462212486976273E+025
  -8.3623172152269199E+025
  -9.3909031725893435E+025
  -1.0545763056610636E+026
  -1.1842365900883285E+026
  -1.3298071312379573E+026
  -1.4932359930428617E+026
  -1.6767091896987954E+026
  -1.8826796731789813E+026
  -2.1138998415565270E+026
  -2.3734579943409221E+026
  -2.6648192124335581E+026
  -2.9918711978775641E+026
  -3.3589756730566795E+026
  -3.7710260112114008E+026
  -4.2335118510111327E+026
  -4.7525915384808888E+026
  -5.3351733409850436E+026
  -5.9890064915101169E+026
  -6.7227832486080268E+026
  -7.5462532996757328E+026
  -8.4703519945626525E+026
  -9.5073440748328962E+026
  -1.0670984763622486E+027
  -1.1976700304445651E+027
  -1.3441790287339542E+027
  -1.5085654380545502E+027
  -1.6930046399030165E+027
  -1.8999358991487559E+027
  -2.1320942619432239E+027
  -2.3925462940506917E+027
  -2.6847301198675123E+027
  -3.0125002772680887E+027
  -3.3801779647880499E+027
  -3.7926073262932625E+027
  -4.2552184950409755E+027
  -4.7740982048698673E+027
  -5.3560688722230468E+027
  -6.0087771599998827E+027
  -6.7407931541744075E+027
  -7.5617214181890533E+027
  -8.4823253399829860E+027
  -9.5146663539854134E+027
  -1.0672259807549596E+028
  -1.1970249450413231E+028
  -1.3425602759399581E+028
  -1.5057329571568678E+028
  -1.6886726790563929E+028
  -1.8937652256514622E+028
  -2.1236831233492494E+028
  -2.3814199374574640E+028
  -2.6703286477930241E+028
  -2.9941645853477091E+028
  -3.3571334684618266E+028
  -3.7639451400129076E+028
  -4.2198736774947975E+028
  -4.7308246263807279E+028
  -5.3034101947645002E+028
  -5.9450333449936921E+028
  -6.6639818270016853E+028
  -7.4695333195941068E+028
  -8.3720729814766096E+028
  -9.3832248649101771E+028
  -1.0515998813309730E+029
  -1.1784954651819093E+029
  -1.3206385689075380E+029
  -1.4798523781432744E+029
  -1.6581768470530432E+029
  -1.8578942994237781E+029
  -2.0815580292990239E+029
  -2.3320242492006796E+029
  -2.6124877738909456E+029
  -2.9265218720349515E+029
  -3.2781227675368812E+029
  -3.6717593272909251E+029
  -4.1124285332245601E+029
  -4.6057174044922349E+029
  -5.1578721112512873E+029
  -5.7758751054469092E+029
  -6.4675311873645395E+029
  -7.2415635303875498E+029
  -8.1077208015424757E+029
  -9.0768966432562021E+029
  -1.0161262923649637E+030
  -1.1374418320150302E+030
  -1.2731553975874734E+030
  -1.4249638161930808E+030
  -1.5947622093523596E+030
  -1.7846669285719477E+030
  -1.9970411098354101E+030
  -2.2345231411519916E+030
  -2.5000583696257613E+030
  -2.7969344102703357E+030
  -3.1288204583515960E+030
  -3.4998110507762596E+030
  -3.9144747703773389E+030
  -4.3779084403365709E+030
  -4.8957974149286532E+030
  -5.4744826378170415E+030
  -6.1210352108686147E+030
  -6.8433392955283126E+030
  -7.6501842559030473E+030
  -8.5513670486027359E+030
  -9.5578059698923859E+030
  -1.0681666986703962E+031
  -1.1936504005488898E+031
  -1.3337414572779659E+031
  -1.4901212654761911E+031
  -1.6646620311300830E+031
  -1.8594480263953454E+031
  -2.0767991558844581E+031
  -2.3192970745269360E+031
  -2.5898141230962291E+031
  -2.8915453736653560E+031
  -3.2280441057387336E+031
  -3.6032610647713169E+031
  -4.0215878883919102E+031
  -4.4879051220597698E+031
  -5.0076352852649587E+031
  -5.5868014918905226E+031
  -6.2320921741364632E+031
  -6.9509325085947651E+031
  -7.7515631957740354E+031
  -8.6431273006850274E+031
  -9.6357659220602039E+031
  -1.0740723521387044E+032
  -1.1970463810118507E+032
  -1.3338797164036661E+032
  -1.4861020607538793E+032
  -1.6554071487216711E+032
  -1.8436696032984013E+032
  -2.0529634085460880E+032
  -2.2855821349411620E+032
  -2.5440610613532720E+032
  -2.8312013455261180E+032
  -3.1500964023569443E+032
  -3.5041606560509254E+032
  -3.8971608380565759E+032
  -4.3332500072005659E+032
  -4.8170044711856660E+032
  -5.3534637890479928E+032
  -5.9481740316287904E+032
  -6.6072344708049717E+032
  -7.3373478571841207E+032
  -8.1458744290558281E+032
  -9.0408897712294346E+032
  -1.0031246609340288E+033
  -1.1126640581321420E+033
  -1.2337679970693994E+033
  -1.3675959313372404E+033
  -1.5154136697538740E+033
  -1.6786014460943063E+033
  -1.8586622847143739E+033
  -2.0572306006290732E+033
  -2.2760809510658348E+033
  -2.5171368292671573E+033
  -2.7824793594684602E+033
  -3.0743557134681616E+033
  -3.3951870227882713E+033
  -3.7475755046193357E+033
  -4.1343104528098164E+033
  -4.5583726650367507E+033
  -5.0229367815464431E+033
  -5.5313708966005845E+033
  -6.0872326675959071E+033
  -6.6942609847072234E+033
  -7.3563620710492958E+033
  -8.0775886540848789E+033
  -8.8621105765808925E+033
  -9.7141748918124066E+033
  -1.0638053103385584E+034
  -1.1637972753608155E+034
  -1.2718030022179053E+034
  -1.3882079352826803E+034
  -1.5133595359900095E+034
  -1.6475501356391722E+034
  -1.7909957761292989E+034
  -1.9438102353575554E+034
  -2.1059732801460262E+034
  -2.2772920059289091E+034
  -2.4573539029989148E+034
  -2.6454700265482074E+034
  -2.8406063331041575E+034
  -3.0413008683259951E+034
  -3.2455640371076431E+034
  -3.4507586400866193E+034
  -3.6534557007634173E+034
  -3.8492613095614427E+034
  -4.0326087445429828E+034
  -4.1965089551793762E+034
  -4.3322510687904109E+034
  -4.4290428417377023E+034
  -4.4735788599619257E+034
  -4.4495217150180856E+034
  -4.3368782554422815E+034
  -4.1112492708237562E+034
  -3.7429266505236728E+034
  -3.1958077044983384E+034
  -2.4260949114141285E+034
  -1.3807723099253542E+034
  -1.2538785142694077E+030
