   0.0000000000000000     
  -1.1011010049952404E-016
  -2.2241475320883322E-016
  -3.3915220358352781E-016
  -4.6264899315105136E-016
  -5.9536632412015209E-016
  -7.3994910564021238E-016
  -8.9927865901395161E-016
  -1.0765301320200883E-015
  -1.2752357662779598E-015
  -1.4993552781507413E-015
  -1.7533547553585954E-015
  -2.0422956410788111E-015
  -2.3719355782240406E-015
  -2.7488431228128998E-015
  -3.1805286115835376E-015
  -3.6755937907510417E-015
  -4.2439031864810765E-015
  -4.8967806306859640E-015
  -5.6472348567688044E-015
  -6.5102186589231833E-015
  -7.5029267770698594E-015
  -8.6451384407889423E-015
  -9.9596113950447638E-015
  -1.1472535255811941E-014
  -1.3214053225311365E-014
  -1.5218862557982271E-014
  -1.7526905736659538E-014
  -2.0184166124922116E-014
  -2.3243583942199006E-014
  -2.6766110804390922E-014
  -3.0821923832198540E-014
  -3.5491823506984176E-014
  -4.0868843113100572E-014
  -4.7060101819051544E-014
  -5.4188938301493218E-014
  -6.2397367402535227E-014
  -7.1848908743281884E-014
  -8.2731843623127004E-014
  -9.5262965062440201E-014
  -1.0969189566573771E-013
  -1.2630605928870631E-013
  -1.4543640551062928E-013
  -1.6746400090301023E-013
  -1.9282761834390156E-013
  -2.2203247549919240E-013
  -2.5566029647247734E-013
  -2.9438089696958754E-013
  -3.3896552365683747E-013
  -3.9030221331733500E-013
  -4.4941347762253805E-013
  -5.1747666563707048E-013
  -5.9584740948526539E-013
  -6.8608661998912900E-013
  -7.8999156976118594E-013
  -9.0963168260869383E-013
  -1.0473897417976709E-012
  -1.2060093376008840E-012
  -1.3886494987605194E-012
  -1.5989475955058171E-012
  -1.8410917664248234E-012
  -2.1199043110747532E-012
  -2.4409377085004894E-012
  -2.8105851731598023E-012
  -3.2362079491288981E-012
  -3.7262818766419095E-012
  -4.2905661486336618E-012
  -4.9402976166408214E-012
  -5.6884145139622709E-012
  -6.5498140495055102E-012
  -7.5416489999041756E-012
  -8.6836692036980493E-012
  -9.9986147550674194E-012
  -1.1512668723592356E-011
  -1.3255978411240092E-011
  -1.5263255521844961E-011
  -1.7574467188877772E-011
  -2.0235631615556202E-011
  -2.3299734163304563E-011
  -2.6827782121656721E-011
  -3.0890019152604982E-011
  -3.5567323580044422E-011
  -4.0952818353571454E-011
  -4.7153724728259696E-011
  -5.4293496551966258E-011
  -6.2514277635709374E-011
  -7.1979731111801227E-011
  -8.2878297086626472E-011
  -9.5426943417493254E-011
  -1.0987548425540349E-010
  -1.2651155229310171E-010
  -1.4566632366512254E-010
  -1.6772110942252823E-010
  -1.9311494474753354E-010
  -2.2235332692526447E-010
  -2.5601827594639774E-010
  -2.9477991793006013E-010
  -3.3940982185459667E-010
  -3.9079635496734496E-010
  -4.4996236240725459E-010
  -5.1808552281496657E-010
  -5.9652178494358082E-010
  -6.8683235157874691E-010
  -7.9081474764809954E-010
  -9.1053859065109513E-010
  -1.0483867750870444E-009
  -1.2071028902621779E-009
  -1.3898458148580312E-009
  -1.6002525744095470E-009
  -1.8425107122114528E-009
  -2.1214416134147012E-009
  -2.4425964399547182E-009
  -2.8123665848029526E-009
  -3.2381108428415045E-009
  -3.7283018281708656E-009
  -4.2926945504856164E-009
  -4.9425205039051438E-009
  -5.6907111290908999E-009
  -6.5521550937093067E-009
  -7.5439945089274918E-009
  -8.6859659740330700E-009
  -1.0000793232847625E-008
  -1.1514639252085168E-008
  -1.3257626713601751E-008
  -1.5264437273089686E-008
  -1.7575001504242109E-008
  -2.0235293250897875E-008
  -2.3298244186030610E-008
  -2.6824796766952184E-008
  -3.0885116528288115E-008
  -3.5559987822868581E-008
  -4.0942420768659515E-008
  -4.7139501359759821E-008
  -5.4274521534809454E-008
  -6.2489431563017625E-008
  -7.1947663517099637E-008
  -8.2837381981116074E-008
  -9.5375226636222611E-008
  -1.0981062114753593E-007
  -1.2643073403511882E-007
  -1.4556619017531059E-007
  -1.6759764650296277E-007
  -1.9296336266724416E-007
  -2.2216791717508870E-007
  -2.5579224233027029E-007
  -2.9450517749516846E-007
  -3.3907677038767737E-007
  -3.9039359087737202E-007
  -4.4947636175368939E-007
  -5.1750025699969507E-007
  -5.9581827113343593E-007
  -6.8598812422885728E-007
  -7.8980323751309405E-007
  -9.0932839535347850E-007
  -1.0469408026039299E-006
  -1.2053773535278178E-006
  -1.3877890519842371E-006
  -1.5978036647105437E-006
  -1.8395978531807260E-006
  -2.1179802179186598E-006
  -2.4384869060413172E-006
  -2.8074916825094661E-006
  -3.2323326530341440E-006
  -3.7214581575382894E-006
  -4.2845947340804107E-006
  -4.9329404917815118E-006
  -5.6793877362730485E-006
  -6.5387792725357316E-006
  -7.5282034792772294E-006
  -8.6673340194984686E-006
  -9.9788209389316054E-006
  -1.1488740925220809E-005
  -1.3227115676347828E-005
  -1.5228508680233876E-005
  -1.7532712265565241E-005
  -2.0185538577645813E-005
  -2.3239730198109303E-005
  -2.6756008504649895E-005
  -3.0804280603777158E-005
  -3.5465028820335902E-005
  -4.0830910354740268E-005
  -4.7008598894604070E-005
  -5.4120904774649994E-005
  -6.2309215812934082E-005
  -7.1736307322452079E-005
  -8.2589577131642584E-005
  -9.5084769890845371E-005
  -1.0947026466211195E-004
  -1.2603201097995578E-004
  -1.4509921145291761E-004
  -1.6705086380605142E-004
  -1.9232329233713803E-004
  -2.2141881841366041E-004
  -2.5491574226364468E-004
  -2.9347983436070902E-004
  -3.3787756468932480E-004
  -3.8899133269583533E-004
  -4.4783700046967240E-004
  -5.1558407744656135E-004
  -5.9357895758971031E-004
  -6.8337167063176030E-004
  -7.8674667875342679E-004
  -9.0575833042009981E-004
  -1.0427716755904294E-003
  -1.2005094529875674E-003
  -1.3821061826982675E-003
  -1.5911704384710863E-003
  -1.8318565365239188E-003
  -2.1089470646680035E-003
  -2.4279478908227309E-003
  -2.7951975378066921E-003
  -3.2179930965649016E-003
  -3.7047351783932548E-003
  -4.2650947847680740E-003
  -4.9102054085857121E-003
  -5.6528841816032883E-003
  -6.5078864595914197E-003
  -7.4921989006108067E-003
  -8.6253768560845788E-003
  -9.9299327741270895E-003
  -1.1431783327369473E-002
  -1.3160764143394515E-002
  -1.5151222357997521E-002
  -1.7442698756462992E-002
  -2.0080713046551277E-002
  -2.3117667854221580E-002
  -2.6613889389908656E-002
  -3.0638825446191467E-002
  -3.5272424510782781E-002
  -4.0606723373904960E-002
  -4.6747674747641875E-002
  -5.3817251178891870E-002
  -6.1955867021627913E-002
  -7.1325166547114960E-002
  -8.2111233537807665E-002
  -9.4528286076043633E-002
 -0.10882292986834238     
 -0.12527905453117927     
 -0.14422347002446184     
 -0.16603239510776044     
 -0.19113892660305790     
 -0.22004163771183977     
 -0.25331447603989299     
 -0.29161815777470373     
 -0.33571328414949941     
 -0.38647544050371663     
 -0.44491257758994951     
 -0.51218502006261279     
 -0.58962849921192362     
 -0.67878066701237327     
 -0.78141161762783962     
 -0.89955902202593951     
  -1.0355685728791688     
  -1.1921405422851132     
  -1.3723833761120987     
  -1.5798753883752745     
  -1.8187357797399135     
  -2.0937063892204768     
  -2.4102458010640304     
  -2.7746376738973360     
  -3.1941154413386874     
  -3.6770058580228300     
  -4.2328942387997275     
  -4.8728146691579379     
  -5.6094689602230421     
  -6.4574786918118408     
  -7.4336753432883897     
  -8.5574342673802732     
  -9.8510591316503611     
  -11.340224453220333     
  -13.054485004451218     
  -15.027862193444271     
  -17.299519049723411     
  -19.914537202560339     
  -22.924811261937883     
  -26.390078340209882     
  -30.379103132255761     
  -34.971042056464434     
  -40.257013509356632     
  -46.341905373442948     
  -53.346455622021146     
  -61.409647279278232     
  -70.691465226599163     
  -81.376069519920762     
  -93.675448140485997     
  -107.83362160610345     
  -124.13148281036258     
  -142.89236805000954     
  -164.48846969539957     
  -189.34821764284612     
  -217.96477589138922     
  -250.90582269054025     
  -288.82480814791239     
  -332.47391247044567     
  -382.71896172042580     
  -440.55659676554069     
  -507.13403575951315     
  -583.77182189116388     
  -671.99000730344619     
  -773.53829218216606     
  -890.43071639583400     
  -1024.9855912861460     
  -1179.8714630501727     
  -1358.1600186774351     
  -1563.3869829752718     
  -1799.6222135592309     
  -2071.5503829380764     
  -2384.5638465952593     
  -2744.8695374152312     
  -3159.6120047058557     
  -3637.0150359313957     
  -4186.5446674289533     
  -4819.0968141259755     
  -5547.2132359992611     
  -6385.3301203752890     
  -7350.0642052840685     
  -8460.5421127385325     
  -9738.7794167443462     
  -11210.116955999256     
  -12903.723035123288     
  -14853.171463322024     
  -17097.106881464060     
  -19680.010557390084     
  -22653.081819092669     
  -26075.252585606402     
  -30014.355091367161     
  -34548.465933618638     
  -39767.453064221474     
  -45774.756366075912     
  -52689.437079856150     
  -60648.536670430236     
  -69809.791849579138     
  -80354.759523709377     
  -92492.413551752237     
  -106463.28454000181     
  -122544.22465214334     
  -141053.89178694412     
  -162359.06171790769     
  -186881.89318046762     
  -215108.28975738477     
  -247597.52412522206     
  -284993.31521373632     
  -328036.57759020833     
  -377580.09548119578     
  -434605.41193985799     
  -500242.26751160761     
  -575790.97321183432     
  -662748.16070516023     
  -762836.41941504530     
  -878038.40721785638     
  -1010636.1099084885     
  -1163256.0265166112     
  -1338921.1748191346     
  -1541110.9463551184     
  -1773829.9955735800     
  -2041687.5265046658     
  -2349988.5460760356     
  -2704838.8899680069     
  -3113266.0993956961     
  -3583358.5408131052     
  -4124425.5214546821     
  -4747181.5690016774     
  -5463958.5216974532     
  -6288949.6253904849     
  -7238490.4671345633     
  -8331382.3036417207     
  -9589264.1814719979     
  -11037041.210935352     
  -12703377.466355387     
  -14621263.263560316     
  -16828668.036493372     
  -19369291.727752887     
  -22293429.556147657     
  -25658967.266498048     
  -29532526.547247961     
  -33990783.270979896     
  -39121984.630339637     
  -45027695.174722128     
  -51824806.279075652     
  -59647848.784795918     
  -68651654.546842575     
  -79014419.519373417     
  -90941228.950673744     
  -104668114.39383027     
  -120466722.75297858     
  -138649689.68378034     
  -159576823.59011334     
  -183662222.48188138     
  -211382464.39793739     
  -243286033.31765535     
  -280004166.90388757     
  -322263340.52131188     
  -370899634.31262290     
  -426875267.32945645     
  -491297625.54045135     
  -565441159.82133353     
  -650772586.74476933     
  -748979890.25107753     
  -862005697.38367856     
  -992085687.69860733     
  -1141792795.4122963     
  -1314088077.8001659     
  -1512379255.0603442     
  -1740588078.4127054     
  -2003227857.6059101     
  -2305492679.6977973     
  -2653360081.9197955     
  -3053709207.1936002     
  -3514456776.6849446     
  -4044713565.6922235     
  -4654964474.1241045     
  -5357275748.8140602     
  -6165533451.1493874     
  -7095717880.5422611     
  -8166219374.3199587     
  -9398201721.6749420     
  -10816020369.518864     
  -12447703679.983213     
  -14325506744.254280     
  -16486548689.989197     
  -18973546068.001869     
  -21835656800.760544     
  -25129451357.930470     
  -28920030335.791798     
  -33282310507.418560     
  -38302504736.037697     
  -44079824970.604858     
  -50728441945.826576     
  -58379740275.486343     
  -67184913457.940132     
  -77317950021.031540     
  -88979069752.757187     
  -102398677846.03548     
  -117841915006.07402     
  -135613893328.65154     
  -156065721289.04507     
  -179601436751.18307     
  -206685984821.91556     
  -237854397989.32672     
  -273722359703.23059     
  -314998359848.05255     
  -362497681961.29462     
  -417158498183.82196     
  -480060389503.62000     
  -552445656692.04761     
  -635743842373.93640     
  -731599948005.13464     
  -841906902401.56787     
  -968842922308.87439     
  -1114914501973.6353     
  -1283005879677.4304     
  -1476435956910.9211     
  -1699023792813.6501     
  -1955163965581.9548     
  -2249913287083.8306     
  -2589090580748.8384     
  -2979391490333.1812     
  -3428520583468.7476     
  -3945343354827.6777     
  -4540061125986.9707     
  -5224412290387.8135     
  -6011903871041.4551     
  -6918077956065.5010     
  -7960818264508.4443     
  -9160702885774.0137     
  -10541410145865.799     
  -12130185600555.494     
  -13958379360050.756     
  -16062064335518.377     
  -18482747592192.199     
  -21268188828154.766     
  -24473342108343.008     
  -28161439411440.895     
  -32405237340886.734     
  -37288451565232.648     
  -42907407250814.562     
  -49372938003907.258     
  -56812570733983.906     
  -65373039480704.008     
  -75223177725637.281     
  -86557246162987.391     
  -99598761478375.016     
  -114604901549806.62     
  -131871573834402.80     
  -151739246761592.03     
  -174599658975186.22     
  -200903538548567.25     
  -231169484179107.53     
  -265994183241018.50     
  -306064167889994.81     
  -352169340685870.44     
  -405218536026441.88     
  -466257423751583.12     
  -536489107369717.62     
  -617297822385033.75     
  -710276201206245.62     
  -817256641295666.88     
  -940347393950727.50     
  -1081974083986057.9     
  -1244927477428817.2     
  -1432418437253420.8     
  -1648141148580390.8     
  -1896345857427076.5     
  -2181922554222587.5     
  -2510497248563242.5     
  -2888542729318669.5     
  -3323505989068843.5     
  -3823954819556663.5     
  -4399746461818394.5     
  -5062221628312319.0     
  -5824427713224515.0     
  -6701375580990234.0     
  -7710334983203388.0     
  -8871174413462506.0     
  -10206752083235324.     
  -11743365706673158.     
  -13511269938205840.     
  -15545271636398858.     
  -17885414657067778.     
  -20577767638055416.     
  -23675330261931164.     
  -27239075810906056.     
  -31339150506177496.     
  -36056253204296472.     
  -41483222566456368.     
  -47726862892389128.     
  -54910044498820528.     
  -63174119915197312.     
  -72681703372490464.     
  -83619868196032272.     
  -96203824920572432.     
  -1.1068115238608022E+017
  -1.2733666493150040E+017
  -1.4649801129372570E+017
  -1.6854211518551034E+017
  -1.9390258405073293E+017
  -2.2307823150246589E+017
  -2.5664288081151776E+017
  -2.9525664195926976E+017
  -3.3967888369186848E+017
  -3.9078315528035757E+017
  -4.4957435095545542E+017
  -5.1720845399667923E+017
  -5.9501524807625178E+017
  -6.8452444168110874E+017
  -7.8749571840271680E+017
  -9.0595330290697152E+017
  -1.0422257209848758E+018
  -1.1989915339752376E+018
  -1.3793319450401270E+018
  -1.5867913095587558E+018
  -1.8254467369269386E+018
  -2.0999881493447427E+018
  -2.4158103682375675E+018
  -2.7791190348030372E+018
  -3.1970524424277852E+018
  -3.6778216706877942E+018
  -4.2308717694436997E+018
  -4.8670671541954898E+018
  -5.5989048484505385E+018
  -6.4407597546782986E+018
  -7.4091667631617700E+018
  -8.5231452300005345E+018
  -9.8045721858067640E+018
  -1.1278611591517796E+019
  -1.2974208055918318E+019
  -1.4924654692416322E+019
  -1.7168246245067803E+019
  -1.9749030284220371E+019
  -2.2717671193132102E+019
  -2.6132443876107162E+019
  -3.0060376659297645E+019
  -3.4578565777055732E+019
  -3.9775687196737683E+019
  -4.5753735398885695E+019
  -5.2630023173322383E+019
  -6.0539481601791508E+019
  -6.9637305274300588E+019
  -8.0101994544177922E+019
  -9.2138854398182212E+019
  -1.0598401845473596E+020
  -1.2190907688020215E+020
  -1.4022639883097716E+020
  -1.6129525361902492E+020
  -1.8552885042593566E+020
  -2.1340243436106000E+020
  -2.4546259732391087E+020
  -2.8233798589361573E+020
  -3.2475161579300893E+020
  -3.7353503389579372E+020
  -4.2964460487586552E+020
  -4.9418024114409013E+020
  -5.6840694249101165E+020
  -6.5377956678708730E+020
  -7.5197131625780924E+020
  -8.6490649648282350E+020
  -9.9479818878393595E+020
  -1.1441915726971108E+021
  -1.3160137456427254E+021
  -1.5136310138716752E+021
  -1.7409147747502900E+021
  -2.0023172783032998E+021
  -2.3029587489366472E+021
  -2.6487275701764395E+021
  -3.0463954904161562E+021
  -3.5037501010387670E+021
  -4.0297471755960624E+021
  -4.6346858465631068E+021
  -5.3304100421046811E+021
  -6.1305401179882127E+021
  -7.0507392092504179E+021
  -8.1090195039649551E+021
  -9.3260944206776217E+021
  -1.0725783566962456E+022
  -1.2335478386567263E+022
  -1.4186677586833544E+022
  -1.6315602799569039E+022
  -1.8763906493848324E+022
  -2.1579485958813283E+022
  -2.4817419243496342E+022
  -2.8541041319294183E+022
  -3.2823181465303011E+022
  -3.7747586020540970E+022
  -4.3410554261343943E+022
  -4.9922819317295577E+022
  -5.7411710815829378E+022
  -6.6023641437101527E+022
  -7.5926965873757932E+022
  -8.7315267947666474E+022
  -1.0041113997877597E+023
  -1.1547052809232526E+023
  -1.3278772817624830E+023
  -1.5270112987527692E+023
  -1.7559982057845243E+023
  -2.0193117810588168E+023
  -2.3220960005430434E+023
  -2.6702653989373352E+023
  -3.0706204534937165E+023
  -3.5309802384874458E+023
  -4.0603349343197332E+023
  -4.6690211616664152E+023
  -5.3689235552873848E+023
  -6.1737065027069867E+023
  -7.0990805598857198E+023
  -8.1631087306287520E+023
  -9.3865585719197719E+023
  -1.0793306978688478E+024
  -1.2410805526023592E+024
  -1.4270615424421349E+024
  -1.6409022497171616E+024
  -1.8867744144701711E+024
  -2.1694742048814303E+024
  -2.4945156424968437E+024
  -2.8682379992938420E+024
  -3.2979292551169477E+024
  -3.7919680160595432E+024
  -4.3599866530112529E+024
  -5.0130588317862925E+024
  -5.7639150799894281E+024
  -6.6271905802471986E+024
  -7.6197100051868733E+024
  -8.7608149287124051E+024
  -1.0072740174641933E+025
  -1.1581046413649871E+025
  -1.3315117411100759E+025
  -1.5308731582917491E+025
  -1.7600718958391583E+025
  -2.0235716305737513E+025
  -2.3265035080298211E+025
  -2.6747659043486854E+025
  -3.0751390915157033E+025
  -3.5354170311795801E+025
  -4.0645588543650760E+025
  -4.6728629659881643E+025
  -5.3721671515889258E+025
  -6.1760785675935766E+025
  -7.1002380754479820E+025
  -8.1626240453268277E+025
  -9.3839015196789118E+025
  -1.0787823505398646E+026
  -1.2401692172895916E+026
  -1.4256888900278361E+026
  -1.6389483433672411E+026
  -1.8840933966139149E+026
  -2.1658891697266795E+026
  -2.4898125457323783E+026
  -2.8621584302872478E+026
  -3.2901618659818438E+026
  -3.7821383656521549E+026
  -4.3476451813004135E+026
  -4.9976666300441423E+026
  -5.7448270636107096E+026
  -6.6036356022480579E+026
  -7.5907673678352377E+026
  -8.7253866562861519E+026
  -1.0029518299643393E+027
  -1.1528474399174567E+027
  -1.3251344680250805E+027
  -1.5231559948412187E+027
  -1.7507539537475981E+027
  -2.0123435262005975E+027
  -2.3129986249158876E+027
  -2.6585501164720118E+027
  -3.0556986806225759E+027
  -3.5121444859748247E+027
  -4.0367361860534404E+027
  -4.6396421123626663E+027
  -5.3325469690539119E+027
  -6.1288778254306226E+027
  -7.0440637672296699E+027
  -8.0958342162643003E+027
  -9.3045616730641848E+027
  -1.0693655492919458E+028
  -1.2290014288668346E+028
  -1.4124545682541315E+028
  -1.6232763426068347E+028
  -1.8655473396365387E+028
  -2.1439561687628081E+028
  -2.4638899981201912E+028
  -2.8315385633860126E+028
  -3.2540136515185108E+028
  -3.7394863600910345E+028
  -4.2973447746798789E+028
  -4.9383750992625625E+028
  -5.6749697253320970E+028
  -6.5213662430677193E+028
  -7.4939219923395763E+028
  -8.6114294339483073E+028
  -9.8954784053807105E+028
  -1.1370872225505091E+029
  -1.3066105646261299E+029
  -1.5013913836297538E+029
  -1.7251902944372417E+029
  -1.9823274355239383E+029
  -2.2777656547581014E+029
  -2.6172060526707763E+029
  -3.0071977173604663E+029
  -3.4552637571756059E+029
  -3.9700460495949406E+029
  -4.5614714832582092E+029
  -5.2409428817310339E+029
  -6.0215582701743435E+029
  -6.9183626886463419E+029
  -7.9486373786425362E+029
  -9.1322318845540766E+029
  -1.0491945432627868E+030
  -1.2053964892388423E+030
  -1.3848367707285368E+030
  -1.5909699423166879E+030
  -1.8277636868694073E+030
  -2.0997749678140241E+030
  -2.4122374725300764E+030
  -2.7711620193207740E+030
  -3.1834518479000783E+030
  -3.6570349973702075E+030
  -4.2010163016765976E+030
  -4.8258519067066527E+030
  -5.5435496426524275E+030
  -6.3678990781404633E+030
  -7.3147356483005629E+030
  -8.4022438981336272E+030
  -9.6513056275618800E+030
  -1.1085899579531488E+031
  -1.2733560293695694E+031
  -1.4625904874130200E+031
  -1.6799237711551293E+031
  -1.9295244683088937E+031
  -2.2161790053878649E+031
  -2.5453831256771239E+031
  -2.9234468966246101E+031
  -3.3576152452506744E+031
  -3.8562063150316854E+031
  -4.4287702760118487E+031
  -5.0862716080263077E+031
  -5.8412983222067399E+031
  -6.7083020967926775E+031
  -7.7038738893260169E+031
  -8.8470602596156143E+031
  -1.0159726409097737E+032
  -1.1666972826920373E+032
  -1.3397613447909670E+032
  -1.5384724391643296E+032
  -1.7666273687067204E+032
  -2.0285843918568178E+032
  -2.3293461485953889E+032
  -2.6746548185411594E+032
  -3.0711013129067445E+032
  -3.5262505670641784E+032
  -4.0487853043633440E+032
  -4.6486709903485836E+032
  -5.3373450961647164E+032
  -6.1279342482248960E+032
  -7.0355033667155585E+032
  -8.0773414980790933E+032
  -9.2732897375214239E+032
  -1.0646117429765038E+033
  -1.2221953744520849E+033
  -1.4030782764459086E+033
  -1.6107011417271368E+033
  -1.8490120952021099E+033
  -2.1225414228915248E+033
  -2.4364872890157138E+033
  -2.7968140541180693E+033
  -3.2103650434727412E+033
  -3.6849918858906944E+033
  -4.2297028534982016E+033
  -4.8548329888875861E+033
  -5.5722392138446684E+033
  -6.3955240812160340E+033
  -7.3402923670674672E+033
  -8.4244453140391785E+033
  -9.6685180401028406E+033
  -1.1096066432801267E+034
  -1.2734110772425786E+034
  -1.4613644385545753E+034
  -1.6770216842412951E+034
  -1.9244602600420485E+034
  -2.2083567586645321E+034
  -2.5340748034903540E+034
  -2.9077657980304773E+034
  -3.3364844205475729E+034
  -3.8283210171464452E+034
  -4.3925533603232662E+034
  -5.0398205992270275E+034
  -5.7823226393229350E+034
  -6.6340486603105928E+034
  -7.6110390206824957E+034
  -8.7316854150995411E+034
  -1.0017074858123761E+035
  -1.1491383877727978E+035
  -1.3182330229203930E+035
  -1.5121690501551976E+035
  -1.7345893203528698E+035
  -1.9896698307409940E+035
  -2.2821975820534528E+035
  -2.6176597776803238E+035
  -3.0023460125650500E+035
  -3.4434653382464177E+035
  -3.9492803635310766E+035
  -4.5292608627638342E+035
  -5.1942597211971221E+035
  -5.9567144560164271E+035
  -6.8308780195476864E+035
  -7.8330831265042566E+035
  -8.9820449594784967E+035
  -1.0299207807276560E+036
  -1.1809141991736046E+036
  -1.3539998354750097E+036
  -1.5524028624791480E+036
  -1.7798181180065935E+036
  -2.0404783094973051E+036
  -2.3392320922304572E+036
  -2.6816334453527127E+036
  -3.0740439745500556E+036
  -3.5237500040514867E+036
  -4.0390965879179595E+036
  -4.6296408759935565E+036
  -5.3063276188944125E+036
  -6.0816899951642674E+036
  -6.9700793992837677E+036
  -7.9879283496257096E+036
  -9.1540512698720238E+036
  -1.0489988576309584E+037
  -1.2020400278726388E+037
  -1.3773516187932430E+037
  -1.5781650833727492E+037
  -1.8081792351092310E+037
  -2.0716275909615199E+037
  -2.3733553764611809E+037
  -2.7189075724170249E+037
  -3.1146295784204260E+037
  -3.5677822917397632E+037
  -4.0866736550239691E+037
  -4.6808090169084569E+037
  -5.3610629811277004E+037
  -6.1398757977724939E+037
  -7.0314777813534717E+037
  -8.0521457317017113E+037
  -9.2204958938162267E+037
  -1.0557818631066200E+038
  -1.2088460713480552E+038
  -1.3840261951490443E+038
  -1.5845053849383057E+038
  -1.8139229027723336E+038
  -2.0764391388095340E+038
  -2.3768098387128598E+038
  -2.7204708373081702E+038
  -3.1136347743544150E+038
  -3.5634014736902787E+038
  -4.0778839006899815E+038
  -4.6663518787191139E+038
  -5.3393960474691816E+038
  -6.1091148895815170E+038
  -6.9893280424105530E+038
  -7.9958195554186424E+038
  -9.1466152576600872E+038
  -1.0462298972151304E+039
  -1.1966372963734667E+039
  -1.3685668744601057E+039
  -1.5650815198541260E+039
  -1.7896771934337899E+039
  -2.0463436855247924E+039
  -2.3396338151895381E+039
  -2.6747422308830792E+039
  -3.0575951281603857E+039
  -3.4949523775158050E+039
  -3.9945237562344484E+039
  -4.5651012053301410E+039
  -5.2167092895942125E+039
  -5.9607763292487708E+039
  -6.8103289999037726E+039
  -7.7802135681764753E+039
  -8.8873473487162656E+039
  -1.0151004440371357E+040
  -1.1593140331395212E+040
  -1.3238760563220799E+040
  -1.5116339317544275E+040
  -1.7258294551260630E+040
  -1.9701527158154026E+040
  -2.2488032596188930E+040
  -2.5665594496931478E+040
  -2.9288570982430707E+040
  -3.3418785769482743E+040
  -3.8126537657642572E+040
  -4.3491743693139682E+040
  -4.9605233194999166E+040
  -5.6570211942713448E+040
  -6.4503918178842833E+040
  -7.3539494698560280E+040
  -8.3828104206455432E+040
  -9.5541318345238313E+040
  -1.0887381436877632E+041
  -1.2404641737134766E+041
  -1.4130953032456437E+041
  -1.6094699894120263E+041
  -1.8328046360803615E+041
  -2.0867425633218100E+041
  -2.3754090684803703E+041
  -2.7034732874948164E+041
  -3.0762176375110364E+041
  -3.4996156993816759E+041
  -3.9804194811753776E+041
  -4.5262570909053732E+041
  -5.1457419376668256E+041
  -5.8485946742308721E+041
  -6.6457791894263665E+041
  -7.5496540533316818E+041
  -8.5741409096698398E+041
  -9.7349113942224881E+041
  -1.1049594230793759E+042
  -1.2538004211087943E+042
  -1.4222394793868770E+042
  -1.6127736051785799E+042
  -1.8282019638375825E+042
  -2.0716592326641223E+042
  -2.3466519463685132E+042
  -2.6570979367274636E+042
  -3.0073689227478991E+042
  -3.4023362429122869E+042
  -3.8474196328036449E+042
  -4.3486388332765875E+042
  -4.9126676584745521E+042
  -5.5468899495784778E+042
  -6.2594565769865250E+042
  -7.0593423154471730E+042
  -7.9564009845407060E+042
  -8.9614166972017702E+042
  -1.0086148362239923E+043
  -1.1343363706282444E+043
  -1.2746857970306834E+043
  -1.4311451038505191E+043
  -1.6052955000680199E+043
  -1.7988101943458648E+043
  -2.0134418996914954E+043
  -2.2510034188957732E+043
  -2.5133392299969265E+043
  -2.8022854437077428E+043
  -3.1196148172718785E+043
  -3.4669626449647323E+043
  -3.8457282578133685E+043
  -4.2569454945915155E+043
  -4.7011137766307522E+043
  -5.1779792328122868E+043
  -5.6862525526071978E+043
  -6.2232467320907449E+043
  -6.7844134107094530E+043
  -7.3627508031069651E+043
  -7.9480489566008301E+043
  -8.5259287496569098E+043
  -9.0766190878035883E+043
  -9.5734013648024766E+043
  -9.9806304150021072E+043
  -1.0251215566057380E+044
  -1.0323412341160695E+044
  -1.0116732878724535E+044
  -9.5267293676277688E+043
  -8.4183401267405991E+043
  -6.6174267764180793E+043
  -3.9001990153261292E+043
  -3.5417684085485620E+039
