   0.0000000000000000     
  -1.1011010049952404E-016
  -2.2268543155023095E-016
  -3.4024637178845128E-016
  -4.6542486925122929E-016
  -6.0102336232309354E-016
  -7.5007751523846122E-016
  -9.1592417244025438E-016
  -1.1022760528465667E-015
  -1.3133048558718358E-015
  -1.5537346392599468E-015
  -1.8289475586243811E-015
  -2.1451043351966998E-015
  -2.5092821478475978E-015
  -2.9296330353376460E-015
  -3.4155663537006501E-015
  -3.9779593719292167E-015
  -4.6294007187622217E-015
  -5.3844721284540126E-015
  -6.2600747903810276E-015
  -7.2758076053858159E-015
  -8.4544058131998376E-015
  -9.8222498061086721E-015
  -1.1409955514447106E-014
  -1.3253059574669774E-014
  -1.5392814611467326E-014
  -1.7877112429131394E-014
  -2.0761555769230258E-014
  -2.4110702615662821E-014
  -2.7999510888670787E-014
  -3.2515015852768374E-014
  -3.7758277770088505E-014
  -4.3846643376812685E-014
  -5.0916371781398384E-014
  -5.9125683536297517E-014
  -6.8658301102145538E-014
  -7.9727559916764448E-014
  -9.2581182046665689E-014
  -1.0750681922160120E-013
  -1.2483848926464412E-013
  -1.4496404991627791E-013
  -1.6833387725806458E-013
  -1.9547094288872529E-013
  -2.2698251529562285E-013
  -2.6357374719753677E-013
  -3.0606345282290034E-013
  -3.5540242807490561E-013
  -4.1269472341671096E-013
  -4.7922234535859678E-013
  -5.5647393912149079E-013
  -6.4617809410305435E-013
  -7.5034201717508473E-013
  -8.7129643890688670E-013
  -1.0117477572236545E-012
  -1.1748385848896252E-012
  -1.3642180551730301E-012
  -1.5841234583072566E-012
  -1.8394750347910054E-012
  -2.1359860458369444E-012
  -2.4802905829639193E-012
  -2.8800919754730334E-012
  -3.3443351152247720E-012
  -3.8834065530443227E-012
  -4.5093668421866147E-012
  -5.2362203254798442E-012
  -6.0802284001627447E-012
  -7.0602732667610513E-012
  -8.1982802973540987E-012
  -9.5197084695075873E-012
  -1.1054119834305167E-011
  -1.2835840754333892E-011
  -1.4904729699684700E-011
  -1.7307068772903712E-011
  -2.0096598900650595E-011
  -2.3335721842447697E-011
  -2.7096895897165630E-011
  -3.1464256519187241E-011
  -3.6535498085358444E-011
  -4.2424058893308666E-011
  -4.9261658252057081E-011
  -5.7201242398597128E-011
  -6.6420405115377152E-011
  -7.7125359537627628E-011
  -8.9555549963609458E-011
  -1.0398900679058205E-010
  -1.2074856431450647E-010
  -1.4020908042363875E-010
  -1.6280581961649146E-010
  -1.8904418678389045E-010
  -2.1951102939443086E-010
  -2.5488776078760921E-010
  -2.9596559799309068E-010
  -3.4366325476804331E-010
  -3.9904748543391444E-010
  -4.6335693882635242E-010
  -5.3802985567172228E-010
  -6.2473622862485774E-010
  -7.2541514396578192E-010
  -8.4231813978793605E-010
  -9.7805955000597482E-010
  -1.1356749596734542E-009
  -1.3186890784200107E-009
  -1.5311945493463693E-009
  -1.7779434551589423E-009
  -2.0644535671470196E-009
  -2.3971317121477128E-009
  -2.7834170152717023E-009
  -3.2319472204275529E-009
  -3.7527518065123417E-009
  -4.3574762160591542E-009
  -5.0596422085321037E-009
  -5.8749501578769344E-009
  -6.8216300514132746E-009
  -7.9208490356424219E-009
  -9.1971846183656898E-009
  -1.0679174103903942E-008
  -1.2399952541968633E-008
  -1.4397993448929312E-008
  -1.6717968857054595E-008
  -1.9411747914094687E-008
  -2.2539556351911133E-008
  -2.6171322737927599E-008
  -3.0388241597301159E-008
  -3.5284588340160030E-008
  -4.0969826555304973E-008
  -4.7571054765150584E-008
  -5.5235847322360120E-008
  -6.4135552936082092E-008
  -7.4469124541701727E-008
  -8.6467566101037774E-008
  -1.0039909570519952E-007
  -1.1657514035784343E-007
  -1.3535729639990038E-007
  -1.5716541111313687E-007
  -1.8248696609117129E-007
  -2.1188797205241972E-007
  -2.4602561853964181E-007
  -2.8566296115967892E-007
  -3.3168597454048398E-007
  -3.8512335203753905E-007
  -4.4716949458890169E-007
  -5.1921120236818968E-007
  -6.0285866560931703E-007
  -6.9998144702352370E-007
  -8.1275025974352188E-007
  -9.4368547420219269E-007
  -1.0957134376760677E-006
  -1.2722318647543060E-006
  -1.4771857596301782E-006
  -1.7151555663799733E-006
  -1.9914595165483010E-006
  -2.3122724604995634E-006
  -2.6847638372057906E-006
  -3.1172578646444119E-006
  -3.6194195293232401E-006
  -4.2024705297185653E-006
  -4.8794399974751588E-006
  -5.6654555970155100E-006
  -6.5780815060868761E-006
  -7.6377108268786491E-006
  -8.8680211930518763E-006
  -1.0296503749484662E-005
  -1.1955077320269766E-005
  -1.3880801483096309E-005
  -1.6116704477089924E-005
  -1.8712744435798202E-005
  -2.1726925414555365E-005
  -2.5226593138424998E-005
  -2.9289939410489465E-005
  -3.4007748780042027E-005
  -3.9485426480283189E-005
  -4.5845352926214816E-005
  -5.3229617355799512E-005
  -6.1803191663917733E-005
  -7.1757615308232098E-005
  -8.3315273578205660E-005
  -9.6734364767994197E-005
  -1.1231466717653220E-004
  -1.3040423471726148E-004
  -1.5140717065429809E-004
  -1.7579265305425721E-004
  -2.0410541349083277E-004
  -2.3697790298642899E-004
  -2.7514441684596731E-004
  -3.1945749377332918E-004
  -3.7090695543699173E-004
  -4.3064201160165081E-004
  -4.9999692438283097E-004
  -5.8052080463926793E-004
  -6.7401220576673165E-004
  -7.8255928725589870E-004
  -9.0858644471627039E-004
  -1.0549084474230884E-003
  -1.2247932920365220E-003
  -1.4220351757124620E-003
  -1.6510392177144105E-003
  -1.9169198208875207E-003
  -2.2256148688214708E-003
  -2.5840183080032206E-003
  -3.0001340746320191E-003
  -3.4832548021950949E-003
  -4.0441692990149571E-003
  -4.6954034271208941E-003
  -5.4514997592973093E-003
  -6.3293422566552170E-003
  -7.3485332138731700E-003
  -8.5318308857806110E-003
  -9.9056575632390075E-003
  -1.1500689438531884E-002
  -1.3352541425784490E-002
  -1.5502562221023711E-002
  -1.7998757346638684E-002
  -2.0896860781101412E-002
  -2.4261579090575556E-002
  -2.8168035828456683E-002
  -3.2703448437828325E-002
  -3.7969075079984579E-002
  -4.4082474835305578E-002
  -5.1180131715243840E-002
  -5.9420501041977915E-002
  -6.8987546176504599E-002
  -8.0094844516802072E-002
  -9.2990354389261703E-002
 -0.10796194920218338     
 -0.12534384234867699     
 -0.14552404621965054     
 -0.16895303175897772     
 -0.19615378177702478     
 -0.22773346233289024     
 -0.26439697259348799     
 -0.30696267548410505     
 -0.35638066009493163     
 -0.41375394328632104     
 -0.48036308350179241     
 -0.55769475591428330     
 -0.64747492639541382     
 -0.75170736438014041     
 -0.87271835378782670     
  -1.0132085994111222     
  -1.1763134866790788     
  -1.3656730390195673     
  -1.5855131333429797     
  -1.8407397852675023     
  -2.1370486072048971     
  -2.4810518808244462     
  -2.8804260782568081     
  -3.3440831224481005     
  -3.8823692064957323     
  -4.5072956063952248     
  -5.2328066351040556     
  -6.0750907140914547     
  -7.0529415000575177     
  -8.1881771207071363     
  -9.5061268692380185     
  -11.036196211434255     
  -12.812522705480820     
  -14.874737461757018     
  -17.268849123116702     
  -20.048270077976930     
  -23.275007789808765     
  -27.021047808042706     
  -31.369959299025300     
  -36.418758896748599     
  -42.280074432198276     
  -49.084656785690484     
  -56.984295867499284     
  -66.155205741387050     
  -76.801954364130452     
  -89.162025554868450     
  -103.51111490165444     
  -120.16927767305658     
  -139.50806579461323     
  -161.95881299664299     
  -188.02225283262280     
  -218.27968397638583     
  -253.40593169375953     
  -294.18439441844413     
  -341.52451083496504     
  -396.48203681892596     
  -460.28258420855366     
  -534.34894607697004     
  -620.33281756142151     
  -720.15161926396036     
  -836.03124395025498     
  -970.55567927265577     
  -1126.7246124711098     
  -1308.0203008745400     
  -1518.4851984983504     
  -1762.8120687103169     
  -2046.4485911564045     
  -2375.7187940975355     
  -2757.9640182020630     
  -3201.7065530173145     
  -3716.8395925003579     
  -4314.8477423748445     
  -5009.0629927580931     
  -5814.9618596310611     
  -6750.5103159013624     
  -7836.5641974631735     
  -9097.3340054986784     
  -10560.924460816783     
  -12259.960831233569     
  -14232.315985949070     
  -16521.954374611327     
  -19179.911733246030     
  -22265.432342465167     
  -25847.289172670819     
  -30005.316324481850     
  -34832.187901034529     
  -40435.482937425055     
  -46940.082383579196     
  -54490.951532100364     
  -63256.369866813002     
  -73431.680271898920     
  -85243.641107553180     
  -98955.478083455353     
  -114872.74844493577     
  -133350.14807543156     
  -154799.41311534401     
  -179698.49206912046     
  -208602.19266179946     
  -242154.54054308307     
  -281103.12505213864     
  -326315.75149816088     
  -378799.77076496021     
  -439724.51665545988     
  -510447.35058063496     
  -592543.89350697631     
  -687843.11829432286     
  -798468.08375642647     
  -926883.21736780182     
  -1075949.1993171526     
  -1248986.6698139063     
  -1449850.1779554256     
  -1683014.0184285657     
  -1953671.8669229932     
  -2267852.4322626661     
  -2632553.6997498185     
  -3055898.7539943508     
  -3547316.6497768881     
  -4117752.3569512838     
  -4779910.4524341980     
  -5548537.9833504781     
  -6440752.7971110689     
  -7476424.6459870897     
  -8678617.5481171981     
  -10074103.249969084     
  -11693957.217390615     
  -13574250.418723760     
  -15756852.294860482     
  -18290362.785001934     
  -21231194.148264006     
  -24644826.654016286     
  -28607266.082069896     
  -33206735.463571500     
  -38545638.704564609     
  -44742839.782533176     
  -51936308.226350084     
  -60286189.738023080     
  -69978370.271647900     
  -81228612.861330777     
  -94287359.229593918     
  -109445302.99419604     
  -127039858.45314980     
  -147462668.84656805     
  -171168321.11267763     
  -198684460.98788399     
  -230623533.44368386     
  -267696409.59884822     
  -310728203.19715911     
  -360676628.43166351     
  -418653307.40825260     
  -485948501.13054842     
  -564059814.01248741     
  -654725510.27664983     
  -759963183.13903594     
  -882114636.69371843     
  -1023897978.5386801     
  -1188468081.4969692     
  -1379486758.8478360     
  -1601204213.4255719     
  -1858553571.5681288     
  -2157260603.7725406     
  -2503971071.5032387     
  -2906398531.4038763     
  -3373495882.8889999     
  -3915654472.8423595     
  -4544935183.6495037     
  -5275336641.6518288     
  -6123106508.1204929     
  -7107102772.3401384     
  -8249213077.6352739     
  -9574841400.8523808     
  -11113472902.577402     
  -12899329502.469261     
  -14972130750.111019     
  -17377976901.500893     
  -20170373826.693336     
  -23411422525.465981     
  -27173199685.221939     
  -31539359959.865036     
  -36606995574.370789     
  -42488794576.613190     
  -49315545692.648262     
  -57239045441.429794     
  -66435472100.816261     
  -77109301487.138016     
  -89497851545.793198     
  -103876556717.54802     
  -120565089254.53625     
  -139934463471.25632     
  -162415280746.77863     
  -188507298429.54779     
  -218790535198.01740     
  -253938159551.56580     
  -294731447704.12512     
  -342077143106.66858     
  -397027603154.13806     
  -460804180521.23169     
  -534824358393.29938     
  -620733242207.43384     
  -720440107244.44409     
  -836160813661.33643     
  -970467030817.16895     
  -1126343363913.3274     
  -1307253651396.7910     
  -1517217905154.4202     
  -1760901601774.7546     
  -2043719307313.0525     
  -2371954936147.9971     
  -2752901313723.1494     
  -3195022141413.6572     
  -3708139958953.7310     
  -4303654276832.4297     
  -4994794720613.1445     
  -5796914806107.5068     
  -6727832865971.3828     
  -7808227694587.5137     
  -9062097692262.2891     
  -10517293698721.367     
  -12206137340887.518     
  -14166138617223.248     
  -16440828642594.512     
  -19080726032482.477     
  -22144458370089.812     
  -25700063640194.082     
  -29826500505773.254     
  -34615400935980.145     
  -40173104069680.117     
  -46623016436667.008     
  -54108350897123.359     
  -62795305059354.492     
  -72876749682495.484     
  -84576508880810.891     
  -98154327070070.000     
  -113911632825167.30     
  -132198227489192.59     
  -153420046879173.53     
  -178048168227144.41     
  -206629262104320.62     
  -239797721112795.47     
  -278289734303225.06     
  -322959619412135.12     
  -374798775064523.19     
  -434957673165306.69     
  -504771379093614.25     
  -585789165509930.75     
  -679808876319987.88     
  -788916802621034.62     
  -915533954617865.12     
  -1062469755243687.5     
  -1232984345694243.2     
  -1430860883925389.8     
  -1660489438601356.5     
  -1926964337917173.8     
  -2236197130844394.8     
  -2595047664266136.0     
  -3011476180835521.0     
  -3494719808098278.5     
  -4055497349777092.5     
  -4706246917086273.0     
  -5461401665411427.0     
  -6337709745755358.0     
  -7354605559704086.0     
  -8534640542985499.0     
  -9903983021131000.0     
  -11492998210490806.     
  -13336921212755372.     
  -15476637910481910.     
  -17959591060493068.     
  -20840831654282792.     
  -24184238831081252.     
  -28063935361173480.     
  -32565930047013380.     
  -37790023413432712.     
  -43852018886965432.     
  -50886288426948704.     
  -59048749417233560.     
  -68520318730615968.     
  -79510920439855920.     
  -92264135903016192.     
  -1.0706259916786378E+017
  -1.2423425713468579E+017
  -1.4415963305388563E+017
  -1.6728025413736870E+017
  -1.9410842982200330E+017
  -2.2523859710897395E+017
  -2.6136048407547082E+017
  -3.0327438288152928E+017
  -3.5190887026435674E+017
  -4.0834136765696653E+017
  -4.7382199588439949E+017
  -5.4980125226790573E+017
  -6.3796212251616486E+017
  -7.4025733787183565E+017
  -8.5895260177952000E+017
  -9.9667674236275763E+017
  -1.1564799001607252E+018
  -1.3419010382647311E+018
  -1.5570462681370447E+018
  -1.8066797235452503E+018
  -2.0963289924884713E+018
  -2.4324074388575124E+018
  -2.8223561189704428E+018
  -3.2748084313076751E+018
  -3.7997811403057172E+018
  -4.4088959980575196E+018
  -5.1156368640871967E+018
  -5.9356480079561267E+018
  -6.8870801896447263E+018
  -7.9909921685410775E+018
  -9.2718165167720980E+018
  -1.0757900033584114E+019
  -1.2482130705894398E+019
  -1.4482665072390509E+019
  -1.6803772066870465E+019
  -1.9496811989868433E+019
  -2.2621372242807931E+019
  -2.6246584921865015E+019
  -3.0452655385847542E+019
  -3.5332635572370051E+019
  -4.0994481242277683E+019
  -4.7563438602948035E+019
  -5.5184813035160232E+019
  -6.4027181086182867E+019
  -7.4286116679785693E+019
  -8.6188513847991190E+019
  -9.9997601460056310E+019
  -1.1601876070197923E+020
  -1.3460627378179124E+020
  -1.5617115289294897E+020
  -1.8119022231372169E+020
  -2.1021665418051600E+020
  -2.4389219055762810E+020
  -2.8296132164253447E+020
  -3.2828773311522282E+020
  -3.8087338571413324E+020
  -4.4188064820411177E+020
  -5.1265797227396635E+020
  -5.9476967604805960E+020
  -6.9003049354060510E+020
  -8.0054565252105227E+020
  -9.2875736521163250E+020
  -1.0774987576916695E+021
  -1.2500564279551349E+021
  -1.4502430128738625E+021
  -1.6824813650524129E+021
  -1.9519021965855417E+021
  -2.2644573436865715E+021
  -2.6270511505870836E+021
  -3.0476928706030910E+021
  -3.5356734456203879E+021
  -4.1017705626785363E+021
  -4.7584865096658007E+021
  -5.5203240751045720E+021
  -6.4041065755296651E+021
  -7.4293490665052501E+021
  -8.6186889213045155E+021
  -9.9983852695247672E+021
  -1.1598898305231869E+022
  -1.3455561234024331E+022
  -1.5609359669417046E+022
  -1.8107835656092258E+022
  -2.1006136242950610E+022
  -2.4368229712937768E+022
  -2.8268316269391049E+022
  -3.2792464261402814E+022
  -3.8040507997666410E+022
  -4.4128248958734666E+022
  -5.1190008898308410E+022
  -5.9381591072042767E+022
  -6.8883714817835919E+022
  -7.9905999132277871E+022
  -9.2691582973065128E+022
  -1.0752248403249535E+023
  -1.2472581398082692E+023
  -1.4468098702770232E+023
  -1.6782808050940503E+023
  -1.9467753156001018E+023
  -2.2582138332274875E+023
  -2.6194632825032420E+023
  -3.0384883557879331E+023
  -3.5245269590782832E+023
  -4.0882936898821830E+023
  -4.7422158247361797E+023
  -5.5007070089246750E+023
  -6.3804846700848572E+023
  -7.4009381388555259E+023
  -8.5845555746710328E+023
  -9.9574190877017400E+023
  -1.1549778947194446E+024
  -1.3396719504993467E+024
  -1.5538931479000448E+024
  -1.8023607579021288E+024
  -2.0905481168174318E+024
  -2.4248030796301141E+024
  -2.8124877086626440E+024
  -3.2621402683252315E+024
  -3.7836630867699725E+024
  -4.3885404135164318E+024
  -5.0900910610123677E+024
  -5.9037613820980718E+024
  -6.8474650212163615E+024
  -7.9419769043853101E+024
  -9.2113901239575229E+024
  -1.0683645755149448E+025
  -1.2391147242521233E+025
  -1.4371472851133005E+025
  -1.6668201829703110E+025
  -1.9331872428940991E+025
  -2.2421092812034520E+025
  -2.6003829249469160E+025
  -3.0158899880481167E+025
  -3.4977706833750757E+025
  -4.0566244729257998E+025
  -4.7047429646131084E+025
  -5.4563799670642874E+025
  -6.3280646288242030E+025
  -7.3389645332151867E+025
  -8.5113067155572982E+025
  -9.8708658394783088E+025
  -1.1447530241453663E+026
  -1.3275958259751028E+026
  -1.5396339242982943E+026
  -1.7855275927815683E+026
  -2.0706807535261053E+026
  -2.4013596018602811E+026
  -2.7848301470859702E+026
  -3.2295176843983210E+026
  -3.7451916936399047E+026
  -4.3431802175128295E+026
  -5.0366184175392502E+026
  -5.8407367545530698E+026
  -6.7731951081917738E+026
  -7.8544701557100586E+026
  -9.1083044964475931E+026
  -1.0562227359941700E+027
  -1.2248158302527256E+027
  -1.4203107113555052E+027
  -1.6469985257778160E+027
  -1.9098546621007937E+027
  -2.2146478155148338E+027
  -2.5680664297979697E+027
  -2.9778652844208807E+027
  -3.4530354350348292E+027
  -4.0040012263150441E+027
  -4.6428486881112572E+027
  -5.3835903120231473E+027
  -6.2424720008498918E+027
  -7.2383289052188883E+027
  -8.3929979301973293E+027
  -9.7317959331469751E+027
  -1.1284074069517839E+028
  -1.3083860407004670E+028
  -1.5170604856800672E+028
  -1.7590042705630927E+028
  -2.0395195622569879E+028
  -2.3647532016820662E+028
  -2.7418312102108501E+028
  -3.1790147055959172E+028
  -3.6858806335786776E+028
  -4.2735312630247567E+028
  -4.9548370201748016E+028
  -5.7447179651080743E+028
  -6.6604700566370928E+028
  -7.7221433289473362E+028
  -8.9529802356439466E+028
  -1.0379923729122096E+029
  -1.2034206163906575E+029
  -1.3952031874910493E+029
  -1.6175368323796020E+029
  -1.8752863073221578E+029
  -2.1740906591218750E+029
  -2.5204864065917359E+029
  -2.9220503093449453E+029
  -3.3875648369197904E+029
  -3.9272099457399413E+029
  -4.5527853443965851E+029
  -5.2779680916799592E+029
  -6.1186111411143547E+029
  -7.0930893371795906E+029
  -8.2227004013007196E+029
  -9.5321296424934631E+029
  -1.1049988514259076E+030
  -1.2809438746041859E+030
  -1.4848915639180116E+030
  -1.7212966274209189E+030
  -1.9953220875428137E+030
  -2.3129518474050978E+030
  -2.6811211365850344E+030
  -3.1078676745738217E+030
  -3.6025068404510525E+030
  -4.1758346589656011E+030
  -4.8403630175799877E+030
  -5.6105922292032653E+030
  -6.5033268664817522E+030
  -7.5380417332147301E+030
  -8.7373059270729124E+030
  -1.0127274208902216E+031
  -1.1738256354806611E+031
  -1.3605376859555675E+031
  -1.5769339320292973E+031
  -1.8277312100464788E+031
  -2.1183954504489998E+031
  -2.4552605740869114E+031
  -2.8456662481100686E+031
  -3.2981174910277233E+031
  -3.8224695900978141E+031
  -4.4301423427447912E+031
  -5.1343682690609082E+031
  -5.9504801783513367E+031
  -6.8962443250379428E+031
  -7.9922463764520919E+031
  -9.2623385584437821E+031
  -1.0734157669001007E+032
  -1.2439725183796659E+032
  -1.4416142453862119E+032
  -1.6706396052754845E+032
  -1.9360290713021040E+032
  -2.2435530050837506E+032
  -2.5998968472944174E+032
  -3.0128061360232217E+032
  -3.4912544907385111E+032
  -4.0456381960114173E+032
  -4.6880015937685006E+032
  -5.4322981582356354E+032
  -6.2946928982321869E+032
  -7.2939126236626658E+032
  -8.4516516461337558E+032
  -9.7930416798263019E+032
  -1.1347196093806075E+033
  -1.3147840270650126E+033
  -1.5234041683077059E+033
  -1.7651055450110485E+033
  -2.0451303623372740E+033
  -2.3695509335873977E+033
  -2.7454010282021818E+033
  -3.1808279860166662E+033
  -3.6852688780729241E+033
  -4.2696545119792889E+033
  -4.9466456791044979E+033
  -5.7309067346655603E+033
  -6.6394224048841566E+033
  -7.6918646450630052E+033
  -8.9110174485929574E+033
  -1.0323268752597780E+034
  -1.1959180027834885E+034
  -1.3854145809467677E+034
  -1.6049157357130698E+034
  -1.8591686868656618E+034
  -2.1536711259751111E+034
  -2.4947897517125953E+034
  -2.8898975099159061E+034
  -3.3475324870121729E+034
  -3.8775818697102950E+034
  -4.4914949212124760E+034
  -5.2025295460291790E+034
  -6.0260377350860260E+034
  -6.9797960155363608E+034
  -8.0843879932985504E+034
  -9.3636471913654235E+034
  -1.0845169677147415E+035
  -1.2560907464997170E+035
  -1.4547855407414033E+035
  -1.6848846287013882E+035
  -1.9513471133703461E+035
  -2.2599144466807380E+035
  -2.6172337257047891E+035
  -3.0310003984062536E+035
  -3.5101234307645002E+035
  -4.0649164663092841E+035
  -4.7073190634682865E+035
  -5.4511527374016849E+035
  -6.3124172747821168E+035
  -7.3096336480032800E+035
  -8.4642408477522518E+035
  -9.8010551007855980E+035
  -1.1348801267416716E+036
  -1.3140727748755202E+036
  -1.5215318009627475E+036
  -1.7617113876909197E+036
  -2.0397668148129344E+036
  -2.3616646791847545E+036
  -2.7343104197467462E+036
  -3.1656958604875366E+036
  -3.6650699091075167E+036
  -4.2431360401387109E+036
  -4.9122807590288850E+036
  -5.6868379001214639E+036
  -6.5833943703810787E+036
  -7.6211438280993319E+036
  -8.8222958001218991E+036
  -1.0212548913690462E+037
  -1.1821638274428569E+037
  -1.3683968588783898E+037
  -1.5839346440254625E+037
  -1.8333827221963962E+037
  -2.1220694647487265E+037
  -2.4561593557971301E+037
  -2.8427839975065030E+037
  -3.2901936083630818E+037
  -3.8079322143727219E+037
  -4.4070402318148148E+037
  -5.1002887164032136E+037
  -5.9024502195001679E+037
  -6.8306119612846609E+037
  -7.9045379195291110E+037
  -9.1470874594034451E+037
  -1.0584699315878349E+038
  -1.2247951110516962E+038
  -1.4172206167211399E+038
  -1.6398361219617957E+038
  -1.8973710714623513E+038
  -2.1952945854935995E+038
  -2.5399309340383098E+038
  -2.9385930020058400E+038
  -3.3997365423383894E+038
  -3.9331384475128767E+038
  -4.5501027707043166E+038
  -5.2636988060410637E+038
  -6.0890362048748952E+038
  -7.0435828755657628E+038
  -8.1475323038087302E+038
  -9.4242279573085196E+038
  -1.0900653623738760E+039
  -1.2607999898743916E+039
  -1.4582318619312087E+039
  -1.6865278859518472E+039
  -1.9505040207709505E+039
  -2.2557261469661474E+039
  -2.6086265740662685E+039
  -3.0166386017953584E+039
  -3.4883519249340147E+039
  -4.0336921009925540E+039
  -4.6641277954183122E+039
  -5.3929100905714736E+039
  -6.2353488037999995E+039
  -7.2091315199860448E+039
  -8.3346919203129313E+039
  -9.6356349994356192E+039
  -1.1139227928136261E+040
  -1.2876966661405868E+040
  -1.4885229939763143E+040
  -1.7206034115638357E+040
  -1.9887904292650385E+040
  -2.2986879634829037E+040
  -2.6567673432736363E+040
  -3.0705011658614560E+040
  -3.5485177365938082E+040
  -4.1007792462307673E+040
  -4.7387873191565678E+040
  -5.4758201196853332E+040
  -6.3272058410885753E+040
  -7.3106381359218884E+040
  -8.4465398911799950E+040
  -9.7584827244336730E+040
  -1.1273670696552170E+041
  -1.3023498024891928E+041
  -1.5044192063205073E+041
  -1.7377554520004610E+041
  -2.0071815849028406E+041
  -2.3182620002006500E+041
  -2.6774159329034278E+041
  -3.0920482395831058E+041
  -3.5707000917768393E+041
  -4.1232225954011807E+041
  -4.7609768037367124E+041
  -5.4970641123497623E+041
  -6.3465916226826247E+041
  -7.3269777483934854E+041
  -8.4583041279505477E+041
  -9.7637208134688169E+041
  -1.1269912746478048E+042
  -1.3007636725858193E+042
  -1.5012339444032495E+042
  -1.7324868740351118E+042
  -1.9992292024790161E+042
  -2.3068837894184685E+042
  -2.6616979335537991E+042
  -3.0708679630269316E+042
  -3.5426825189533863E+042
  -4.0866873120967115E+042
  -4.7138745416366304E+042
  -5.4369006332010590E+042
  -6.2703364892941617E+042
  -7.2309550585683346E+042
  -8.3380617319946270E+042
  -9.6138738763229274E+042
  -1.1083956732429242E+043
  -1.2777723954282998E+043
  -1.4729012261562196E+043
  -1.6976741046075805E+043
  -1.9565669332554920E+043
  -2.2547264274583808E+043
  -2.5980697396481200E+043
  -2.9933987105744591E+043
  -3.4485308636549538E+043
  -3.9724495585963955E+043
  -4.5754760619670672E+043
  -5.2694666807851338E+043
  -6.0680385465992007E+043
  -6.9868281388729755E+043
  -8.0437872054744615E+043
  -9.2595213833481050E+043
  -1.0657677553650130E+044
  -1.2265386793475304E+044
  -1.4113770722701575E+044
  -1.6238520102605371E+044
  -1.8680555737298622E+044
  -2.1486783075701082E+044
  -2.4710953428203239E+044
  -2.8414646417487784E+044
  -3.2668390197858693E+044
  -3.7552938124170320E+044
  -4.3160722953884194E+044
  -4.9597512349143116E+044
  -5.6984292436456073E+044
  -6.5459409506884096E+044
  -7.5181003627085307E+044
  -8.6329772008411516E+044
  -9.9112104473280866E+044
  -1.1376363828843271E+045
  -1.3055328502211999E+045
  -1.4978778793879471E+045
  -1.7181687477264556E+045
  -1.9703907750909197E+045
  -2.2590829802106418E+045
  -2.5894120599965264E+045
  -2.9672556349840109E+045
  -3.3992957844555702E+045
  -3.8931239748074544E+045
  -4.4573585618027967E+045
  -5.1017761179284094E+045
  -5.8374578953785280E+045
  -6.6769527769150565E+045
  -7.6344580827243500E+045
  -8.7260195806310349E+045
  -9.9697519756969159E+045
  -1.1386081015369992E+046
  -1.2998008114915945E+046
  -1.4831398055394790E+046
  -1.6915289795341701E+046
  -1.9282229719695200E+046
  -2.1968625664503304E+046
  -2.5015118726184028E+046
  -2.8466968091427104E+046
  -3.2374441783575205E+046
  -3.6793203155349076E+046
  -4.1784678965288265E+046
  -4.7416389701225792E+046
  -5.3762216134305801E+046
  -6.0902567488979758E+046
  -6.8924405572577818E+046
  -7.7921065052065772E+046
  -8.7991791938918113E+046
  -9.9240899149338310E+046
  -1.1177640834042885E+047
  -1.2570800927672406E+047
  -1.4114411942903888E+047
  -1.5818776434534653E+047
  -1.7693091967461840E+047
  -1.9744685352653182E+047
  -2.1977987655269818E+047
  -2.4393173818129116E+047
  -2.6984368963248451E+047
  -2.9737295300180320E+047
  -3.2626197150350918E+047
  -3.5609834343356817E+047
  -3.8626272784655409E+047
  -4.1586120870599435E+047
  -4.4363755718319188E+047
  -4.6785946049060187E+047
  -4.8617098701796840E+047
  -4.9540119814223988E+047
  -4.9131573214028588E+047
  -4.6829420145116903E+047
  -4.1891131077024703E+047
  -3.3339454314866806E+047
  -1.9893402773658643E+047
  -1.8065187239228309E+043
