   0.0000000000000000     
  -1.1011010049952404E-016
  -2.2298587626250606E-016
  -3.4146242351766260E-016
  -4.6851546238434855E-016
  -6.0733607332707002E-016
  -7.6141084002970833E-016
  -9.3460941132562033E-016
  -1.1312816810476550E-015
  -1.3563670261038398E-015
  -1.6155183457999247E-015
  -1.9152440170174210E-015
  -2.2630713296425483E-015
  -2.6677355059181488E-015
  -3.1393990496941766E-015
  -3.6899069330061602E-015
  -4.3330840271294194E-015
  -5.0850822458248154E-015
  -5.9647861165321181E-015
  -6.9942869621080533E-015
  -8.1994375981683685E-015
  -9.6105014724135286E-015
  -1.1262912543234189E-014
  -1.3198164974918392E-014
  -1.5464854985699092E-014
  -1.8119901004489671E-014
  -2.1229972768330702E-014
  -2.4873165237667099E-014
  -2.9140959352242916E-014
  -3.4140518850896682E-014
  -3.9997380814592631E-014
  -4.6858607475371318E-014
  -5.4896478412609526E-014
  -6.4312815822655742E-014
  -7.5344051439006603E-014
  -8.8267162296551399E-014
  -1.0340662434226819E-013
  -1.2114255844346065E-013
  -1.4192027327438618E-013
  -1.6626144462409768E-013
  -1.9477721174245090E-013
  -2.2818351945834146E-013
  -2.6731909117189835E-013
  -3.1316648385518273E-013
  -3.6687675355107656E-013
  -4.2979835047876819E-013
  -5.0351096901066084E-013
  -5.8986520214364638E-013
  -6.9102899576824502E-013
  -8.0954206869790366E-013
  -9.4837966434031293E-013
  -1.1110272340897480E-012
  -1.3015679268710198E-012
  -1.5247850806560892E-012
  -1.7862822882684300E-012
  -2.0926240508351866E-012
  -2.4515005489100196E-012
  -2.8719206665345449E-012
  -3.3644381125203551E-012
  -3.9414163138071339E-012
  -4.6173387287257680E-012
  -5.4091723677817257E-012
  -6.3367936447715874E-012
  -7.4234872451556833E-012
  -8.6965305308762792E-012
  -1.0187878147205657E-011
  -1.1934964011584415E-011
  -1.3981640809851939E-011
  -1.6379280575677514E-011
  -1.9188063970938945E-011
  -2.2478490619673374E-011
  -2.6333148394832305E-011
  -3.0848786054564665E-011
  -3.6138741236135599E-011
  -4.2335784731816196E-011
  -4.9595452415834945E-011
  -5.8099948426792297E-011
  -6.8062717542750430E-011
  -7.9733801476079145E-011
  -9.3406113483260294E-011
  -1.0942278872461769E-010
  -1.2818579479831466E-010
  -1.5016601848898086E-010
  -1.7591508180708495E-010
  -2.0607918377968623E-010
  -2.4141531527475724E-010
  -2.8281025367467838E-010
  -3.3130281395309464E-010
  -3.8810991440238243E-010
  -4.5465711095562435E-010
  -5.3261436614758850E-010
  -6.2393795007553285E-010
  -7.3091952454642476E-010
  -8.5624364179064907E-010
  -1.0030551002030345E-009
  -1.1750378468342787E-009
  -1.3765074060012070E-009
  -1.6125191526773126E-009
  -1.8889951467753531E-009
  -2.2128727100095600E-009
  -2.5922784724028746E-009
  -3.0367322543624273E-009
  -3.5573858986063456E-009
  -4.1673030428550612E-009
  -4.8817868510853273E-009
  -5.7187639240378031E-009
  -6.6992340187355890E-009
  -7.8477968573477717E-009
  -9.1932692392111865E-009
  -1.0769407934691397E-008
  -1.2615756492616193E-008
  -1.4778637200780959E-008
  -1.7312313079436457E-008
  -2.0280349052012209E-008
  -2.3757206432534163E-008
  -2.7830110720519723E-008
  -3.2601239548298531E-008
  -3.8190285654579460E-008
  -4.4737459162982079E-008
  -5.2407004460993091E-008
  -6.1391319879625468E-008
  -7.1915783490518170E-008
  -8.4244406044334088E-008
  -9.8686452816057971E-008
  -1.1560420041921386E-007
  -1.3542202311127174E-007
  -1.5863703645014948E-007
  -1.8583156521255924E-007
  -2.1768774822804877E-007
  -2.5500464636476416E-007
  -2.9871828266754474E-007
  -3.4992511716946909E-007
  -4.0990954501755723E-007
  -4.8017610743096720E-007
  -5.6248722317463346E-007
  -6.5890738664512502E-007
  -7.7185494079838794E-007
  -9.0416272306536293E-007
  -1.0591491048620218E-006
  -1.2407012058817002E-006
  -1.4533723695917414E-006
  -1.7024963438947037E-006
  -1.9943210297189227E-006
  -2.3361651508719456E-006
  -2.7366017731197516E-006
  -3.2056732735481523E-006
  -3.7551431496915473E-006
  -4.3987909814400933E-006
  -5.1527579405071232E-006
  -6.0359515093679253E-006
  -7.0705195558279275E-006
  -8.2824056479432901E-006
  -9.7019995304737635E-006
  -1.1364899069435772E-005
  -1.3312802765426635E-005
  -1.5594555209234724E-005
  -1.8267371686858480E-005
  -2.1398272631504971E-005
  -2.5065763879961751E-005
  -2.9361804851748646E-005
  -3.4394113986056335E-005
  -4.0288869224513911E-005
  -4.7193871229128399E-005
  -5.5282248622424823E-005
  -6.4756798121511929E-005
  -7.5855068349919255E-005
  -8.8855314749325252E-005
  -1.0408347484476030E-004
  -1.2192133868856282E-004
  -1.4281611926104829E-004
  -1.6729166269003536E-004
  -1.9596157924614725E-004
  -2.2954462420584298E-004
  -2.6888271405548983E-004
  -3.1496202955012099E-004
  -3.6893773449446987E-004
  -4.3216292971950927E-004
  -5.0622256785510633E-004
  -5.9297317880743880E-004
  -6.9458940145285340E-004
  -8.1361848760570657E-004
  -9.5304414407905284E-004
  -1.1163613126383403E-003
  -1.3076637617112563E-003
  -1.5317466847272533E-003
  -1.7942268759598265E-003
  -2.1016834951524200E-003
  -2.4618229480573915E-003
  -2.8836720142288229E-003
  -3.3778040611195351E-003
  -3.9566040124681236E-003
  -4.6345787098872352E-003
  -5.4287204437999887E-003
  -6.3589327619032613E-003
  -7.4485292235290110E-003
  -8.7248175957068807E-003
  -1.0219784127174893E-002
  -1.1970895043651316E-002
  -1.4022035344162348E-002
  -1.6424608417664605E-002
  -1.9238824027750734E-002
  -2.2535206931777164E-002
  -2.6396363927479662E-002
  -3.0919053593458954E-002
  -3.6216610571942504E-002
  -4.2421785122841435E-002
  -4.9690069079722052E-002
  -5.8203591521385503E-002
  -6.8175681742389596E-002
  -7.9856213819395991E-002
  -9.3537866646215870E-002
 -0.10956345623906745     
 -0.12833452396899866     
 -0.15032139583314191     
 -0.17607496471807904     
 -0.20624049075960663     
 -0.24157376544406756     
 -0.28296004429264110     
 -0.33143622230373654     
 -0.38821680753589272     
 -0.45472434332758088     
 -0.53262504105242525     
 -0.62387051578774111     
 -0.73074667009766925     
 -0.85593095012563636     
  -1.0025594078355791     
  -1.1743052487858128     
  -1.3754708324107259     
  -1.6110954286232821     
  -1.8870814290679254     
  -2.2103421734250484     
  -2.5889750923616908     
  -3.0324645025860710     
  -3.5519191318628454     
  -4.1603503213651862     
  -4.8729978711440189     
  -5.7077116872756122     
  -6.6853987862620068     
  -7.8305468484716574     
  -9.1718374287739532     
  -10.742864177005826     
  -12.582974049688101     
  -14.738252573277258     
  -17.262677825252226     
  -20.219472022744892     
  -23.682684554926208     
  -27.739046088750385     
  -32.490140162924369     
  -38.054946631912756     
  -44.572820629284287     
  -52.206981620671847     
  -61.148599883842849     
  -71.621582706345180     
  -83.888180104080291     
  -98.255550375182239     
  -115.08344982598724     
  -134.79323914075098     
  -157.87843181808967     
  -184.91704868936401     
  -216.58608773299730     
  -253.67847133489894     
  -297.12289514320616     
  -348.00707527660290     
  -407.60497568616768     
  -477.40869706862230     
  -559.16582537572538     
  -654.92317457858792     
  -767.07801834454085     
  -898.43809267047277     
  -1052.2918709779333     
  -1232.4908702017017     
  -1443.5460474244976     
  -1690.7406991559574     
  -1980.2626882425441     
  -2319.3593069545304     
  -2716.5186511219481     
  -3181.6820434487445     
  -3726.4928209128670     
  -4364.5877108881341     
  -5111.9380860549727     
  -5987.2496359486740     
  -7012.4304543329308     
  -8213.1392530310040     
  -9619.4274171987163     
  -11266.490964409099     
  -13195.551219041885     
  -15454.886233081857     
  -18101.038755041671     
  -21200.230964628605     
  -24830.021362395612     
  -29081.245260275875     
  -34060.287412045123     
  -39891.743629750017     
  -46721.537960693851     
  -54720.573392933940     
  -64089.007400288945     
  -75061.259264191933     
  -87911.874410050092     
  -102962.39242762381     
  -120589.39054413930     
  -141233.90371289611     
  -165412.45690388267     
  -193729.98549694847     
  -226894.96689021829     
  -265737.14172691136     
  -311228.26789469784     
  -364506.42628180963     
  -426904.48607884336     
  -499983.44141436234     
  -585571.45290557912     
  -685809.57033685676     
  -803205.27971356304     
  -940695.21355188324     
  -1101718.5923456480     
  -1290303.2334245683     
  -1511166.2775893344     
  -1769832.1518297144     
  -2072770.7172969682     
  -2427559.0562794413     
  -2843070.9428297402     
  -3329698.7336800657     
  -3899613.2264514561     
  -4567067.9811631572     
  -5348755.7123940578     
  -6264225.6609091191     
  -7336372.3776600808     
  -8592008.1378833465     
  -10062533.293144584     
  -11784721.316842146     
  -13801638.165034726     
  -16163718.931116940     
  -18930028.703692146     
  -22169739.140189413     
  -25963857.659341961     
  -30407252.468255155     
  -35611024.032142356     
  -41705282.251564965     
  -48842398.749427468     
  -57200815.541281246     
  -66989505.264216773     
  -78453194.419020802     
  -91878480.143969566     
  -107600993.36278424     
  -126013787.29147990     
  -147577160.90202659     
  -172830162.78949964     
  -202404062.86904955     
  -237038128.48799175     
  -277598099.10429382     
  -325097821.09333390     
  -380724583.18344319     
  -445868785.45868945     
  -522158683.11291587     
  -611501072.89521229     
  -716128938.61888182     
  -838657245.91988254     
  -982148279.98661447     
  -1150188158.3227627     
  -1346976429.6995037     
  -1577430997.2709358     
  -1847310986.5265934     
  -2163360626.8918037     
  -2533477740.5482850     
  -2966911046.5342622     
  -3474491207.7355194     
  -4068901390.9586496     
  -4764994096.9184151     
  -5580162172.3011484     
  -6534773268.9242153     
  -7652678599.1661615     
  -8961808691.8338985     
  -10494871024.761948     
  -12290166953.917948     
  -14392548337.099174     
  -16854537737.777868     
  -19737640178.325005     
  -23113879193.626034     
  -27067595535.329750     
  -31697553433.370918     
  -37119406998.588631     
  -43468588339.797867     
  -50903689494.876610     
  -59610422600.956680     
  -69806257161.193451     
  -81745850164.938690     
  -95727404606.091995     
  -112100115114.65967     
  -131272886547.17381     
  -153724543149.47726     
  -180015783102.98553     
  -210803176820.85391     
  -246855558360.03702     
  -289073219031.22900     
  -338510382210.70630     
  -396401520230.29205     
  -464192170086.17175     
  -543575016955.21777     
  -636532145938.48181     
  -745384516343.62341     
  -872849893009.37439     
  -1022110680159.6056     
  -1196893350313.8677     
  -1401561450036.1550     
  -1641224502987.3401     
  -1921865527304.9260     
  -2250490348655.0293     
  -2635302433963.7798     
  -3085907607394.6069     
  -3613553755465.9287     
  -4231411500883.9043     
  -4954902846455.0566     
  -5802085986818.4297     
  -6794105886523.2148     
  -7955721863096.9268     
  -9315925334088.3242     
  -10908663135499.471     
  -12773684451590.904     
  -14957532478374.850     
  -17514705552034.604     
  -20509016698977.461     
  -24015185511562.523     
  -28120702046049.906     
  -32928009221361.523     
  -38557058137850.172     
  -45148300032335.016     
  -52866189470867.297     
  -61903286125299.297     
  -72485057401327.172     
  -84875501656085.156     
  -99383732197906.000     
  -116371686209189.81     
  -136263150772136.30     
  -159554331004984.69     
  -186826223751255.94     
  -218759105263849.16     
  -256149494010764.47     
  -299930011412186.12     
  -351192635536249.88     
  -411215927331990.69     
  -481496907968839.75     
  -563788381748328.62     
  -660142634742076.38     
  -772962598170247.75     
  -905061751523057.25     
  -1059734258176619.1     
  -1240837081186385.2     
  -1452886125405273.5     
  -1701168801501859.2     
  -1991875816548099.5     
  -2332255474792719.0     
  -2730794332961440.0     
  -3197428710890191.0     
  -3743792326847156.5     
  -4383506226668842.0     
  -5132518229225373.0     
  -6009500343965755.0     
  -7036314060075809.0     
  -8238555097051319.0     
  -9646191185322098.0     
  -11294308762216610.     
  -13223987180695314.     
  -15483322203409874.     
  -18128624271791336.     
  -21225821391547184.     
  -24852101570456864.     
  -29097835708482536.     
  -34068828822377596.     
  -39888955660928408.     
  -46703246336103560.     
  -54681498797816408.     
  -64022508094468112.     
  -74959017714229600.     
  -87763516275118080.     
  -1.0275502387248085E+017
  -1.2030703702396210E+017
  -1.4085682998715834E+017
  -1.6491634398126925E+017
  -1.9308493536081152E+017
  -2.2606430004983085E+017
  -2.6467594569966381E+017
  -3.0988164642911078E+017
  -3.6280738921961965E+017
  -4.2477140791544966E+017
  -4.9731700248037523E+017
  -5.8225096021742003E+017
  -6.8168853502697139E+017
  -7.9810610392696512E+017
  -9.3440281104339776E+017
  -1.0939727328488666E+018
  -1.2807893601398257E+018
  -1.4995044986065091E+018
  -1.7555640484795561E+018
  -2.0553435435498414E+018
  -2.4063068212890081E+018
  -2.8171917710637117E+018
  -3.2982277808359634E+018
  -3.8613902910131517E+018
  -4.5206987868466673E+018
  -5.2925656409110692E+018
  -6.1962044815705651E+018
  -7.2541082433781320E+018
  -8.4926087878345513E+018
  -9.9425320109114081E+018
  -1.1639964727605551E+019
  -1.3627152402526812E+019
  -1.5953550048167082E+019
  -1.8677052419869209E+019
  -2.1865434093199450E+019
  -2.5598035226143756E+019
  -2.9967734914889302E+019
  -3.5083261199603208E+019
  -4.1071895143125287E+019
  -4.8082636198661382E+019
  -5.6289907545634103E+019
  -6.5897893490516673E+019
  -7.7145616734971740E+019
  -9.0312881696966705E+019
  -1.0572723158824999E+020
  -1.2377209213796488E+020
  -1.4489630433263736E+020
  -1.6962528304927654E+020
  -1.9857407884759954E+020
  -2.3246266746217388E+020
  -2.7213384686918589E+020
  -3.1857418656922809E+020
  -3.7293854953467032E+020
  -4.3657879599952573E+020
  -5.1107738212358501E+020
  -5.9828668811857350E+020
  -7.0037505269902174E+020
  -8.1988065724527791E+020
  -9.5977459797311108E+020
  -1.1235347125301972E+021
  -1.3152319944450517E+021
  -1.5396317413636435E+021
  -1.8023119487766653E+021
  -2.1098018890408120E+021
  -2.4697443165509271E+021
  -2.8910853263562124E+021
  -3.3842965798799042E+021
  -3.9616354147229232E+021
  -4.6374492957329688E+021
  -5.4285321649202229E+021
  -6.3545415356898219E+021
  -7.4384866841784484E+021
  -8.7073000546061905E+021
  -1.0192506060229671E+022
  -1.1931003877902875E+022
  -1.3965983662330612E+022
  -1.6347998915952139E+022
  -1.9136221624074567E+022
  -2.2399911298415712E+022
  -2.6220134377994483E+022
  -3.0691776645838928E+022
  -3.5925898587176375E+022
  -4.2052492119740617E+022
  -4.9223707080356356E+022
  -5.7617627500707005E+022
  -6.7442691337817199E+022
  -7.8942863279086138E+022
  -9.2403688913000838E+022
  -1.0815938040753654E+023
  -1.2660110941006445E+023
  -1.4818671280882527E+023
  -1.7345205201801600E+023
  -2.0302430743377830E+023
  -2.3763753767202219E+023
  -2.7815088932899967E+023
  -3.2556990869196086E+023
  -3.8107148369675994E+023
  -4.4603303438543491E+023
  -5.2206667538699894E+023
  -6.1105919713541319E+023
  -7.1521885669996391E+023
  -8.3713013780399023E+023
  -9.7981783702433728E+023
  -1.1468220641828160E+024
  -1.3422860152805442E+024
  -1.5710586926773831E+024
  -1.8388151174111321E+024
  -2.1521970117460271E+024
  -2.5189774369571428E+024
  -2.9482534645398194E+024
  -3.4506716531581073E+024
  -4.0386919158867950E+024
  -4.7268963127522037E+024
  -5.5323504157496339E+024
  -6.4750261949209474E+024
  -7.5782968969038939E+024
  -8.8695161692792634E+024
  -1.0380695769111602E+025
  -1.2149298633866686E+025
  -1.4219166947725011E+025
  -1.6641608176783862E+025
  -1.9476665955342719E+025
  -2.2794607279031101E+025
  -2.6677662812027786E+025
  -3.1222063377320197E+025
  -3.6540423025636227E+025
  -4.2764527651432798E+025
  -5.0048598155012224E+025
  -5.8573108886340502E+025
  -6.8549255838474163E+025
  -8.0224185125972932E+025
  -9.3887111083259507E+025
  -1.0987647531403147E+026
  -1.2858832375890696E+026
  -1.5048610896021562E+026
  -1.7611215993397168E+026
  -2.0610110327971778E+026
  -2.4119556738708274E+026
  -2.8226455802449880E+026
  -3.3032495961386429E+026
  -3.8656669373501660E+026
  -4.5238215677263172E+026
  -5.2940066434645007E+026
  -6.1952875386340058E+026
  -7.2499734125041107E+026
  -8.4841689724122620E+026
  -9.9284200667785062E+026
  -1.1618469060353955E+027
  -1.3596138655064490E+027
  -1.5910365991770021E+027
  -1.8618412579158752E+027
  -2.1787279937377432E+027
  -2.5495365922949288E+027
  -2.9834402643321083E+027
  -3.4911723820547991E+027
  -4.0852917595588280E+027
  -4.7804930277958920E+027
  -5.5939697674658841E+027
  -6.5458393651677756E+027
  -7.6596400812027896E+027
  -8.9629125991495972E+027
  -1.0487880411636473E+028
  -1.2272245834988570E+028
  -1.4360121297716140E+028
  -1.6803118884415087E+028
  -1.9661625019784975E+028
  -2.3006291743291553E+028
  -2.6919781365987412E+028
  -3.1498807548715706E+028
  -3.6856523149238096E+028
  -4.3125313734736294E+028
  -5.0460065656155838E+028
  -5.9041989278221841E+028
  -6.9083091641657334E+028
  -8.0831408839019434E+028
  -9.4577127106615492E+028
  -1.1065974353296158E+029
  -1.2947644289813729E+029
  -1.5149189711850304E+029
  -1.7724972881478842E+029
  -2.0738592151074597E+029
  -2.4264450691279169E+029
  -2.8389591579767892E+029
  -3.3215844462457428E+029
  -3.8862336670303273E+029
  -4.5468430647584853E+029
  -5.3197160042190993E+029
  -6.2239249082926223E+029
  -7.2817814225015186E+029
  -8.5193863835681310E+029
  -9.9672731329612621E+029
  -1.1661160013192635E+030
  -1.3642830570830355E+030
  -1.5961163131831035E+030
  -1.8673335089039528E+030
  -2.1846231538824799E+030
  -2.5558092929361752E+030
  -2.9900442260459124E+030
  -3.4980339248405733E+030
  -4.0923016907838529E+030
  -4.7874965403486418E+030
  -5.6007539018593548E+030
  -6.5521174943734354E+030
  -7.6650327625148919E+030
  -8.9669239994628098E+030
  -1.0489869346480000E+031
  -1.2271390261889288E+031
  -1.4355374864253818E+031
  -1.6793157842664498E+031
  -1.9644783472126203E+031
  -2.2980482768356622E+031
  -2.6882401074116304E+031
  -3.1446618517378848E+031
  -3.6785512970940964E+031
  -4.3030523549675904E+031
  -5.0335382511574671E+031
  -5.8879894922872558E+031
  -6.8874358887543368E+031
  -8.0564734856511514E+031
  -9.4238690907018612E+031
  -1.1023267236771993E+032
  -1.2894016928640854E+032
  -1.5082138460986556E+032
  -1.7641454028830342E+032
  -2.0634909867086038E+032
  -2.4136122350638782E+032
  -2.8231185975422925E+032
  -3.3020787558589106E+032
  -3.8622678499050018E+032
  -4.5174565712010643E+032
  -5.2837492107073485E+032
  -6.1799789469963413E+032
  -7.2281700626016401E+032
  -8.4540784152022061E+032
  -9.8878234062393252E+032
  -1.1564626929420944E+033
  -1.3525677400077861E+033
  -1.5819140027475541E+033
  -1.8501338070733583E+033
  -2.1638134002368428E+033
  -2.5306544393816708E+033
  -2.9596628054025725E+033
  -3.4613693634880308E+033
  -4.0480880728992907E+033
  -4.7342177616869326E+033
  -5.5365949494499293E+033
  -6.4749063489434024E+033
  -7.5721711357762306E+033
  -8.8553047801792983E+033
  -1.0355778227440588E+034
  -1.2110388542677652E+034
  -1.4162159857928062E+034
  -1.6561396641435562E+034
  -1.9366915028033569E+034
  -2.2647482296291173E+034
  -2.6483499658478957E+034
  -3.0968969467171265E+034
  -3.6213794882021927E+034
  -4.2346468150896318E+034
  -4.9517213138548189E+034
  -5.7901658814099791E+034
  -6.7705133355288240E+034
  -7.9167683657763636E+034
  -9.2569942719702707E+034
  -1.0823998803566109E+035
  -1.2656135828136727E+035
  -1.4798242379010530E+035
  -1.7302733929732255E+035
  -2.0230884596447294E+035
  -2.3654323472209769E+035
  -2.7656783558954808E+035
  -3.2336145911243902E+035
  -3.7806828790176902E+035
  -4.4202580020470289E+035
  -5.1679740552372419E+035
  -6.0421058690835609E+035
  -7.0640147845234923E+035
  -8.2586696298710120E+035
  -9.6552555776318982E+035
  -1.1287885694881514E+036
  -1.3196432496169134E+036
  -1.5427499723184990E+036
  -1.8035557981319036E+036
  -2.1084271842252235E+036
  -2.4648050670210978E+036
  -2.8813860860026866E+036
  -3.3683343519124846E+036
  -3.9375289036532484E+036
  -4.6028528639259341E+036
  -5.3805313149335714E+036
  -6.2895260967971041E+036
  -7.3519971112281759E+036
  -8.5938413248360199E+036
  -1.0045322549157691E+037
  -1.1741807273573405E+037
  -1.3724624395810369E+037
  -1.6042069694764162E+037
  -1.8750579394290394E+037
  -2.1916101258993813E+037
  -2.5615696442594278E+037
  -2.9939410891450788E+037
  -3.4992461624863720E+037
  -4.0897790826988327E+037
  -4.7799049576035627E+037
  -5.5864083419094602E+037
  -6.5289004125427815E+037
  -7.6302946109383694E+037
  -8.9173622546903793E+037
  -1.0421381551478948E+038
  -1.2178895702379659E+038
  -1.4232598413730591E+038
  -1.6632368209949688E+038
  -1.9436476527916455E+038
  -2.2712998762959154E+038
  -2.6541462327733680E+038
  -3.1014771495771347E+038
  -3.6241455468261141E+038
  -4.2348293885664034E+038
  -4.9483383091697453E+038
  -5.7819717063912846E+038
  -6.7559369306725753E+038
  -7.8938376455986003E+038
  -9.2232441215144357E+038
  -1.0776359193568307E+039
  -1.2590795914001290E+039
  -1.4710485611337880E+039
  -1.7186738200402762E+039
  -2.0079480241649120E+039
  -2.3458700513459374E+039
  -2.7406137838747522E+039
  -3.2017251716201012E+039
  -3.7403523085490496E+039
  -4.3695140466471877E+039
  -5.1044135943451114E+039
  -5.9628046237015575E+039
  -6.9654186674400242E+039
  -8.1364640534184561E+039
  -9.5042083351408613E+039
  -1.1101658173209376E+040
  -1.2967352951645014E+040
  -1.5146291130143355E+040
  -1.7691011503142268E+040
  -2.0662855234347656E+040
  -2.4133438848872058E+040
  -2.8186373396739651E+040
  -3.2919270870527928E+040
  -3.8446085805470149E+040
  -4.4899847974616849E+040
  -5.2435851403712943E+040
  -6.1235375790677897E+040
  -7.1510029079871295E+040
  -8.3506814711111692E+040
  -9.7514044286678908E+040
  -1.1386823648299836E+041
  -1.3296216645138543E+041
  -1.5525425725649210E+041
  -1.8127953673562154E+041
  -2.1166242027687946E+041
  -2.4713162328310374E+041
  -2.8853755752982008E+041
  -3.3687262442530311E+041
  -3.9329488672103678E+041
  -4.5915568011119993E+041
  -5.3603181927529346E+041
  -6.2576316144264891E+041
  -7.3049641703496078E+041
  -8.5273624433550619E+041
  -9.9540483689114053E+041
  -1.1619114124925963E+042
  -1.3562332457775795E+042
  -1.5830101582056492E+042
  -1.8476546957043396E+042
  -2.1564805930635971E+042
  -2.5168525537525118E+042
  -2.9373608742496337E+042
  -3.4280250248560438E+042
  -4.0005309778456854E+042
  -4.6685078644650035E+042
  -5.4478504630677622E+042
  -6.3570950929050624E+042
  -7.4178577366171593E+042
  -8.6553446681809175E+042
  -1.0098947555558339E+043
  -1.1782936977652958E+043
  -1.3747270588869551E+043
  -1.6038534834451965E+043
  -1.8711042227313778E+043
  -2.1828109813748445E+043
  -2.5463548664299995E+043
  -2.9703399123783543E+043
  -3.4647952253237473E+043
  -4.0414104526951474E+043
  -4.7138100561281025E+043
  -5.4978727624925621E+043
  -6.4121036117423703E+043
  -7.4780672341612593E+043
  -8.7208924012947744E+043
  -1.0169859536468978E+044
  -1.1859084779560654E+044
  -1.3828316419858116E+044
  -1.6123862090657565E+044
  -1.8799668117973688E+044
  -2.1918575901066300E+044
  -2.5553784252915739E+044
  -2.9790551335423546E+044
  -3.4728175292664341E+044
  -4.0482299038565506E+044
  -4.7187592035124301E+044
  -5.5000870468551569E+044
  -6.4104727184694325E+044
  -7.4711754303288243E+044
  -8.7069454849791704E+044
  -1.0146595532126687E+045
  -1.1823664918366720E+045
  -1.3777192228116407E+045
  -1.6052613548607784E+045
  -1.8702806816576550E+045
  -2.1789305880994342E+045
  -2.5383711716525906E+045
  -2.9569332629284941E+045
  -3.4443090405841433E+045
  -4.0117735279226135E+045
  -4.6724419450117060E+045
  -5.4415686855677822E+045
  -6.3368946093871840E+045
  -7.3790504085264154E+045
  -8.5920250415689126E+045
  -1.0003709661527904E+046
  -1.1646529119633555E+046
  -1.3558175044516984E+046
  -1.5782456714579218E+046
  -1.8370288507235246E+046
  -2.1380835675955513E+046
  -2.4882843636433165E+046
  -2.8956179907968458E+046
  -3.3693622437177945E+046
  -3.9202933322576427E+046
  -4.5609263068674367E+046
  -5.3057937551297961E+046
  -6.1717688014582655E+046
  -7.1784393808231328E+046
  -8.3485418398861301E+046
  -9.7084631666620232E+046
  -1.1288822587388957E+047
  -1.3125144924838264E+047
  -1.5258640018007236E+047
  -1.7737104695756641E+047
  -2.0615966318388108E+047
  -2.3959489799157855E+047
  -2.7842173346641019E+047
  -3.2350361990472515E+047
  -3.7584112337421937E+047
  -4.3659347031496878E+047
  -5.0710343150759638E+047
  -5.8892605366392800E+047
  -6.8386182230811639E+047
  -7.9399492580161324E+047
  -9.2173738876972891E+047
  -1.0698799554294061E+048
  -1.2416507312032686E+048
  -1.4407827365421314E+048
  -1.6715916922911873E+048
  -1.9390655436761826E+048
  -2.2489674427443454E+048
  -2.6079541498015564E+048
  -3.0237120862126412E+048
  -3.5051135772744108E+048
  -4.0623961683337076E+048
  -4.7073682836702662E+048
  -5.4536449297590958E+048
  -6.3169176262333743E+048
  -7.3152632829156779E+048
  -8.4694973330771784E+048
  -9.8035770844419827E+048
  -1.1345061962265141E+049
  -1.3125638093568941E+049
  -1.5181715516802477E+049
  -1.7555107192455567E+049
  -2.0293799929301667E+049
  -2.3452828314517615E+049
  -2.7095263723470163E+049
  -3.1293331456705338E+049
  -3.6129669965600730E+049
  -4.1698746926150628E+049
  -4.8108447523399057E+049
  -5.5481850610815197E+049
  -6.3959208267796142E+049
  -7.3700143507159979E+049
  -8.4886079236611769E+049
  -9.7722908731235193E+049
  -1.1244391340742806E+050
  -1.2931292705519978E+050
  -1.4862773617520641E+050
  -1.7072369275900537E+050
  -1.9597749755446681E+050
  -2.2481108703200733E+050
  -2.5769552391834997E+050
  -2.9515474671533331E+050
  -3.3776897473711174E+050
  -3.8617748756258070E+050
  -4.4108039581653681E+050
  -5.0323888660509293E+050
  -5.7347325230944373E+050
  -6.5265778351869122E+050
  -7.4171130966501643E+050
  -8.4158178352627859E+050
  -9.5322280084428020E+050
  -1.0775592880079074E+051
  -1.2154387319062957E+051
  -1.3675632044866568E+051
  -1.5343959680522874E+051
  -1.7160345269386753E+051
  -1.9120394720474078E+051
  -2.1212051536767320E+051
  -2.3412538569926630E+051
  -2.5684293973180555E+051
  -2.7969584344343662E+051
  -3.0183377012936920E+051
  -3.2203919128498664E+051
  -3.3860292408226041E+051
  -3.4915974250326575E+051
  -3.5047119508187944E+051
  -3.3813861171955883E+051
  -3.0622400330292950E+051
  -2.4675082200937611E+051
  -1.4905761406592177E+051
  -1.3535913077199332E+047
