   0.0000000000000000     
  -1.1011010049952404E-016
  -2.2259194740711328E-016
  -3.3986832862068617E-016
  -4.6446525304770327E-016
  -5.9906635530329962E-016
  -7.4657069322203570E-016
  -9.1015518287809242E-016
  -1.0933430156145771E-015
  -1.3000795303387709E-015
  -1.5348171748173011E-015
  -1.8026113853569446E-015
  -2.1092294492938589E-015
  -2.4612746941951475E-015
  -2.8663286776170733E-015
  -3.3331144387654408E-015
  -3.8716843268059999E-015
  -4.4936364496350675E-015
  -5.2123644030301403E-015
  -6.0433456565178613E-015
  -7.0044748044419258E-015
  -8.1164488564966512E-015
  -9.4032128621994202E-015
  -1.0892475462516850E-014
  -1.2616305467087425E-014
  -1.4611822299593147E-014
  -1.6921995174361341E-014
  -1.9596568207710010E-014
  -2.2693131378255844E-014
  -2.6278360389720623E-014
  -3.0429452125260207E-014
  -3.5235786592239216E-014
  -4.0800851131282167E-014
  -4.7244468308257117E-014
  -5.4705375444067582E-014
  -6.3344211305398226E-014
  -7.3346974242745728E-014
  -8.4929026208742929E-014
  -9.8339728838297252E-014
  -1.1386781137522460E-013
  -1.3184758598058471E-013
  -1.5266614419473316E-013
  -1.7677168944061545E-013
  -2.0468318490439230E-013
  -2.3700152443716819E-013
  -2.7442246689749263E-013
  -3.1775161230364619E-013
  -3.6792174210404332E-013
  -4.2601289674878672E-013
  -4.9327562265011164E-013
  -5.7115788882152832E-013
  -6.6133625245229996E-013
  -7.6575194410446159E-013
  -8.8665264908099525E-013
  -1.0266408840835917E-012
  -1.1887300101936441E-012
  -1.3764090875238857E-012
  -1.5937179671354128E-012
  -1.8453342360885776E-012
  -2.1366738865351793E-012
  -2.4740078750501436E-012
  -2.8645970802959197E-012
  -3.3168485629670819E-012
  -3.8404964902917362E-012
  -4.4468116180297450E-012
  -5.1488438373208159E-012
  -5.9617030051149307E-012
  -6.9028841005658005E-012
  -7.9926437034021525E-012
  -9.2544358944247481E-012
  -1.0715416956658893E-011
  -1.2407029735820658E-011
  -1.4365680232466679E-011
  -1.6633520982352947E-011
  -1.9259358078804099E-011
  -2.2299701350703068E-011
  -2.5819980289258742E-011
  -2.9895951882232471E-011
  -3.4615330642488034E-011
  -4.0079675897361697E-011
  -4.6406576939224565E-011
  -5.3732183044745707E-011
  -6.2214132788555910E-011
  -7.2034945665796939E-011
  -8.3405948982129106E-011
  -9.6571824483016133E-011
  -1.1181587252410574E-010
  -1.2946610701794181E-010
  -1.4990231226097045E-010
  -1.7356421343309439E-010
  -2.0096093651477693E-010
  -2.3268196109896917E-010
  -2.6940980168328105E-010
  -3.1193469020226663E-010
  -3.6117157559980566E-010
  -4.1817980607282235E-010
  -4.8418591731146736E-010
  -5.6061001685795266E-010
  -6.4909633204271099E-010
  -7.5154857849531549E-010
  -8.7017090989381185E-010
  -1.0075153296387143E-009
  -1.1665365840974307E-009
  -1.3506557179489950E-009
  -1.5638336584266689E-009
  -1.8106564109119401E-009
  -2.0964336980141279E-009
  -2.4273131633430939E-009
  -2.8104125958631610E-009
  -3.2539730181993224E-009
  -3.7675359308823592E-009
  -4.3621485239117366E-009
  -5.0506012683497854E-009
  -5.8477029968646018E-009
  -6.7705993881785348E-009
  -7.8391417035809844E-009
  -9.0763137040889494E-009
  -1.0508725927710764E-008
  -1.2167187954476123E-008
  -1.4087370963568165E-008
  -1.6310574828071112E-008
  -1.8884616240254397E-008
  -2.1864856962257775E-008
  -2.5315394309447551E-008
  -2.9310439461329206E-008
  -3.3935913232686656E-008
  -3.9291293612357005E-008
  -4.5491754789214454E-008
  -5.2670643650847779E-008
  -6.0982346994739182E-008
  -7.0605611090395974E-008
  -8.1747384954347853E-008
  -9.4647269957169025E-008
  -1.0958267141464010E-007
  -1.2687476290391458E-007
  -1.4689539151435240E-007
  -1.7007507246693087E-007
  -1.9691224495044203E-007
  -2.2798398813019015E-007
  -2.6395842766811084E-007
  -3.0560909942652371E-007
  -3.5383157909182398E-007
  -4.0966273515318278E-007
  -4.7430301905115454E-007
  -5.4914227158342590E-007
  -6.3578960022225529E-007
  -7.3610796948411102E-007
  -8.5225424777633844E-007
  -9.8672557140451617E-007
  -1.1424130221768476E-006
  -1.3226637722050965E-006
  -1.5313530314517987E-006
  -1.7729673442198281E-006
  -2.0527010246483535E-006
  -2.3765678036079342E-006
  -2.7515300862422827E-006
  -3.1856485978068298E-006
  -3.6882556335336826E-006
  -4.2701556354197365E-006
  -4.9438574059844231E-006
  -5.7238429487886619E-006
  -6.6268787124486571E-006
  -7.6723759259212960E-006
  -8.8828077675515936E-006
  -1.0284192331412093E-005
  -1.1906651768056835E-005
  -1.3785059613321420E-005
  -1.5959790213376095E-005
  -1.8477586347573582E-005
  -2.1392563689836248E-005
  -2.4767373688934619E-005
  -2.8674549851156746E-005
  -3.3198066348644836E-005
  -3.8435142437695658E-005
  -4.4498331451538402E-005
  -5.1517939244915697E-005
  -5.9644824044477294E-005
  -6.9053637851523964E-005
  -7.9946579027946341E-005
  -9.2557736675959222E-005
  -1.0715812013321774E-004
  -1.2406148162007023E-004
  -1.4363105711103803E-004
  -1.6628737022391429E-004
  -1.9251726675061144E-004
  -2.2288437388428645E-004
  -2.5804120879484446E-004
  -2.9874319662664316E-004
  -3.4586489899863257E-004
  -4.0041880155870546E-004
  -4.6357706409993967E-004
  -5.3669670036657639E-004
  -6.2134872832790469E-004
  -7.1935191695992207E-004
  -8.3281185427818121E-004
  -9.6416617562962437E-004
  -1.1162369235294836E-003
  -1.2922911634611800E-003
  -1.4961111573299276E-003
  -1.7320756014799121E-003
  -2.0052536737558001E-003
  -2.3215139091116868E-003
  -2.6876502416478920E-003
  -3.1115279195224142E-003
  -3.6022524258504740E-003
  -4.1703650326307311E-003
  -4.8280691865219862E-003
  -5.5894925872121701E-003
  -6.4709905853791126E-003
  -7.4914974142860401E-003
  -8.6729327959221593E-003
  -1.0040672651328792E-002
  -1.1624094020856374E-002
  -1.3457205893110306E-002
  -1.5579379485451468E-002
  -1.8036193653695624E-002
  -2.0880413579917417E-002
  -2.4173123748041429E-002
  -2.7985039528585078E-002
  -3.2398025527570581E-002
  -3.7506853292509780E-002
  -4.3421236105714640E-002
  -5.0268184542232378E-002
  -5.8194733354054222E-002
  -6.7371098211616465E-002
  -7.7994330058994490E-002
  -9.0292545518524586E-002
 -0.10452982414300291     
 -0.12101187762434411     
 -0.14009261263366354     
 -0.16218172814458842     
 -0.18775351029062190     
 -0.21735701350481978     
 -0.25162784643718067     
 -0.29130181558014206     
 -0.33723071939412202     
 -0.39040063186824131     
 -0.45195306786602774     
 -0.52320948443783100     
 -0.60569964385717090     
 -0.70119444699259570     
 -0.81174394153700735     
 -0.93972132064001057     
  -1.0878738560069456     
  -1.2593818582973406     
  -1.4579269298663264     
  -1.6877709742385174     
  -1.9538476574603121     
  -2.2618682835923947     
  -2.6184443558079105     
  -3.0312294524843977     
  -3.5090834619946829     
  -4.0622626994984250     
  -4.7026399841963169     
  -5.4439593981377641     
  -6.3021311915501199     
  -7.2955731607339720     
  -8.4456058213080230     
  -9.7769098533604861     
  -11.318055630610148     
  -13.102116191634490     
  -15.167376800730358     
  -17.558156317401490     
  -20.325757991227047     
  -23.529570074361509     
  -27.238339856651663     
  -31.531648447205015     
  -36.501617930929726     
  -42.254887511367777     
  -48.914901018875973     
  -56.624554839510800     
  -65.549263047953545     
  -75.880505473123009     
  -87.839934779503380     
  -101.68413063260269     
  -117.71010289024416     
  -136.26166181992778     
  -157.73679193046075     
  -182.59618752182544     
  -211.37313296195239     
  -244.68493952643266     
  -283.24618400503306     
  -327.88403290224710     
  -379.55598076572147     
  -439.37038292426257     
  -508.61022281515631     
  -588.76062341222769     
  -681.54069251705607     
  -788.94038456560588     
  -913.26316912155630     
  -1057.1754206795586     
  -1223.7635884529784     
  -1416.6003715577424     
  -1639.8213179989896     
  -1898.2134892551071     
  -2197.3180908201994     
  -2543.5492683504053     
  -2944.3316154732488     
  -3408.2593402832631     
  -3945.2805016508064     
  -4566.9102636559046     
  -5286.4777382319016     
  -6119.4117057831054     
  -7083.5713365417105     
  -8199.6289995940133     
  -9491.5133624854043     
  -10986.922276009640     
  -12717.916433865346     
  -14721.606527341470     
  -17040.948618133916     
  -19725.664770692489     
  -22833.308668797443     
  -26430.499046830460     
  -30594.347360943186     
  -35414.110286013842     
  -40993.102440012080     
  -47450.910311280924     
  -54925.954815640798     
  -63578.457377256767     
  -73593.873069763387     
  -85186.864357250510     
  -98605.900552542371     
  -114138.58151062402     
  -132117.79958496717     
  -152928.87182591937     
  -177017.79517754121     
  -204900.80147708236     
  -237175.41689445332     
  -274533.26266337134     
  -317774.87124088372     
  -367826.83518578013     
  -425761.65599265863     
  -492820.71792613593     
  -570440.87880614342     
  -660285.24713238049     
  -764278.80456109764     
  -884649.63647853024     
  -1023976.6534724126     
  -1185244.8254552889     
  -1371909.1110142895     
  -1587968.4506930541     
  -1838051.4083353989     
  -2127515.2939467258     
  -2462560.8900928814     
  -2850365.2378314286     
  -3299235.3247027458     
  -3818785.9646679899     
  -4420145.6776387943     
  -5116194.9754765285     
  -5921842.1548666786     
  -6854342.5001327917     
  -7933667.7280152207     
  -9182933.5815742556     
  -10628894.724683549     
  -12302517.528673753     
  -14239643.009371422     
  -16481754.101703105     
  -19076863.691455767     
  -22080542.407448955     
  -25557108.167538505     
  -29581002.932485241     
  -34238386.126793444     
  -39628978.820802242     
  -45868198.132719569     
  -53089627.517636083     
  -61447875.795599043     
  -71121886.086200446     
  -82318765.440637916     
  -95278217.099605918     
  -110277670.19479178     
  -127638216.62876634     
  -147731482.13158414     
  -170987578.47152054     
  -197904306.91918379     
  -229057809.82303491     
  -265114898.12214342     
  -306847318.46077073     
  -355148265.04517359     
  -411051489.38239175     
  -475753416.58966517     
  -550638741.24878800     
  -637310050.17609739     
  -737622105.57592404     
  -853721521.68320203     
  -988092683.30886590     
  -1143610888.1437879     
  -1323603849.1048701     
  -1531922871.7204158     
  -1773025228.3697650     
  -2052069490.5335228     
  -2375025857.1893830     
  -2748803838.0224071     
  -3181400021.0559011     
  -3682069083.5745053     
  -4261521701.9754820     
  -4932153591.0597343     
  -5708310568.5414028     
  -6606595310.4250631     
  -7646222353.8174791     
  -8849428934.7366829     
  -10241950441.575972     
  -11853570645.557198     
  -13718758467.254459     
  -15877404887.209255     
  -18375675748.277958     
  -21266998673.344601     
  -24613205187.271233     
  -28485852447.628529     
  -32967752825.651962     
  -38154744018.931160     
  -44157737515.365273     
  -51105089173.607956     
  -59145342565.523537     
  -68450403687.972969     
  -79219214864.517441     
  -91682006319.055557     
  -106105216240.58626     
  -122797184434.57140     
  -142114741176.49292     
  -164470831999.78217     
  -190343341271.36768     
  -220285303005.77823     
  -254936716989.37259     
  -295038222561.99561     
  -341446922065.66321     
  -395154691865.14832     
  -457309371952.95636     
  -529239286604.36987     
  -612481619658.28760     
  -708815250283.73743     
  -820298750305.83765     
  -949314354340.01831     
  -1098618841470.0175     
  -1271402414723.2883     
  -1471356835293.9575     
  -1702754265979.6467     
  -1970538506847.5608     
  -2280430570602.2329     
  -2639050851132.9565     
  -3054060492799.8633     
  -3534324977725.5464     
  -4090103422431.9272     
  -4733267623709.7324     
  -5477555528328.4111     
  -6338864535622.4951     
  -7335590891786.8809     
  -8489022417998.0137     
  -9823792952215.9512     
  -11368408200971.029     
  -13155854220665.203     
  -15224301510395.605     
  -17617919737609.434     
  -20387820477497.102     
  -23593148077222.938     
  -27302341915074.820     
  -31594596979718.496     
  -36561553923872.562     
  -42309254640010.711     
  -48960405067434.047     
  -56656993490895.016     
  -65563320170493.977     
  -75869502912323.469     
  -87795533336170.641     
  -101595970336706.78     
  -117565370818132.00     
  -136044573498607.58     
  -157427969764822.47     
  -182171916596092.25     
  -210804470919657.22     
  -243936652922867.19     
  -282275478433618.00     
  -326639038181808.75     
  -377973945374705.88     
  -437375523486942.44     
  -506111164556246.94     
  -585647355832358.88     
  -677680950787537.25     
  -784175350926959.25     
  -907402369461640.38     
  -1049990668952919.5     
  -1214981805083241.5     
  -1405895070734458.8     
  -1626802522011531.8     
  -1882415784726866.0     
  -2178186490775211.0     
  -2520422484121960.0     
  -2916422271977664.0     
  -3374630585286701.5     
  -3904818362187882.5     
  -4518290988175959.0     
  -5228129228373083.0     
  -6049467983411602.0     
  -6999818805746032.0     
  -8099443044887739.0     
  -9371783567913302.0     
  -10843964248568768.     
  -12547367860905018.     
  -14518304682323684.     
  -16798786041689856.     
  -19437419281847352.     
  -22490443189964192.     
  -26022925938601208.     
  -30110151038814184.     
  -34839220807518592.     
  -40310911479847376.     
  -46641819451738616.     
  -53966844332355720.     
  -62442061651873256.     
  -72248046360012272.     
  -83593717840720544.     
  -96720788262437776.     
  -1.1190890891729613E+017
  -1.2948162404918560E+017
  -1.4981325884543050E+017
  -1.7333688813491440E+017
  -2.0055355531910925E+017
  -2.3204293765005907E+017
  -2.6847568472593466E+017
  -3.1062769265388250E+017
  -3.5939661748752237E+017
  -4.1582097915709274E+017
  -4.8110226218542125E+017
  -5.5663048319267053E+017
  -6.4401376889058586E+017
  -7.4511257351826330E+017
  -8.6207926328708058E+017
  -9.9740390947697318E+017
  -1.1539672637824617E+018
  -1.3351020421471488E+018
  -1.5446638198912832E+018
  -1.7871130451777741E+018
  -2.0676099141144996E+018
  -2.3921241240710661E+018
  -2.7675618378983685E+018
  -3.2019125573903094E+018
  -3.7044190272810957E+018
  -4.2857737803067341E+018
  -4.9583464997601853E+018
  -5.7364470305471191E+018
  -6.6366296268956119E+018
  -7.6780449006566021E+018
  -8.8828469471372380E+018
  -1.0276664297131530E+019
  -1.1889144699113878E+019
  -1.3754585303195726E+019
  -1.5912661631671914E+019
  -1.8409270818266950E+019
  -2.1297507024021107E+019
  -2.4638789743587242E+019
  -2.8504168961052275E+019
  -3.2975834868082000E+019
  -3.8148864198818316E+019
  -4.4133240257602200E+019
  -5.1056189523734069E+019
  -5.9064884435264758E+019
  -6.8329569723663229E+019
  -7.9047178657851654E+019
  -9.1445515950040531E+019
  -1.0578809609735804E+020
  -1.2237973983725570E+020
  -1.4157304747577210E+020
  -1.6377588644675286E+020
  -1.8946005197119740E+020
  -2.1917128456484952E+020
  -2.5354085691611706E+020
  -2.9329897593502676E+020
  -3.3929028426221978E+020
  -3.9249179004030589E+020
  -4.5403360523111799E+020
  -5.2522293230197224E+020
  -6.0757180796294503E+020
  -7.0282919227372313E+020
  -8.1301808353916879E+020
  -9.4047844592758319E+020
  -1.0879168599300132E+021
  -1.2584639482408358E+021
  -1.4557407943952192E+021
  -1.6839357620355038E+021
  -1.9478933430291517E+021
  -2.2532169174894633E+021
  -2.6063876034498616E+021
  -3.0149017147496669E+021
  -3.4874297398155401E+021
  -4.0340002098074286E+021
  -4.6662123516839948E+021
  -5.3974820312809199E+021
  -6.2433261963802690E+021
  -7.2216918448900785E+021
  -8.3533364858911447E+021
  -9.6622681513783240E+021
  -1.1176254277078263E+022
  -1.2927410228419405E+022
  -1.4952879933384190E+022
  -1.7295623033225776E+022
  -2.0005325216089788E+022
  -2.3139451005092906E+022
  -2.6764461286467626E+022
  -3.0957221348688091E+022
  -3.5806629233700899E+022
  -4.1415498861661173E+022
  -4.7902737779387563E+022
  -5.5405865613953272E+022
  -6.4083926518064619E+022
  -7.4120857225346622E+022
  -8.5729381967337930E+022
  -9.9155516643360608E+022
  -1.1468377751472241E+023
  -1.3264320458791794E+023
  -1.5341432707208860E+023
  -1.7743721820755531E+023
  -2.0522080978510487E+023
  -2.3735366329588286E+023
  -2.7451642543109808E+023
  -3.1749623123888070E+023
  -3.6720335939358225E+023
  -4.2469049160883783E+023
  -4.9117498323364741E+023
  -5.6806461567109815E+023
  -6.5698737479380856E+023
  -7.5982588454981723E+023
  -8.7875722325063932E+023
  -1.0162989636825985E+024
  -1.1753624095798613E+024
  -1.3593141529133950E+024
  -1.5720472520871731E+024
  -1.8180635341939905E+024
  -2.1025687592484960E+024
  -2.4315826557326427E+024
  -2.8120661505786605E+024
  -3.2520684794893050E+024
  -3.7608972828982088E+024
  -4.3493152777408726E+024
  -5.0297676557532418E+024
  -5.8166450070473573E+024
  -6.7265873168806848E+024
  -7.7788354496146261E+024
  -8.9956375350853187E+024
  -1.0402718830067224E+025
  -1.2029824965564375E+025
  -1.3911350037482462E+025
  -1.6087062786374346E+025
  -1.8602946179045253E+025
  -2.1512168094350380E+025
  -2.4876203577795814E+025
  -2.8766132322678496E+025
  -3.3264138726644095E+025
  -3.8465246139343036E+025
  -4.4479321849062232E+025
  -5.1433395057522970E+025
  -5.9474336682345354E+025
  -6.8771957444542125E+025
  -7.9522589503962663E+025
  -9.1953227083947801E+025
  -1.0632631329149585E+026
  -1.2294527393821467E+026
  -1.4216091488598239E+026
  -1.6437881760980087E+026
  -1.9006788867046012E+026
  -2.1977024306243192E+026
  -2.5411262945764185E+026
  -2.9381963779256042E+026
  -3.3972896712525165E+026
  -3.9280907500744247E+026
  -4.5417957968363031E+026
  -5.2513484429553951E+026
  -6.0717123915024453E+026
  -7.0201865540730837E+026
  -8.1167693287606299E+026
  -9.3845796786269218E+026
  -1.0850343863336675E+027
  -1.2544958055698254E+027
  -1.4504138668657317E+027
  -1.6769174060235373E+027
  -1.9387793412606001E+027
  -2.2415171041575421E+027
  -2.5915087235738136E+027
  -2.9961270010086148E+027
  -3.4638945955697927E+027
  -4.0046632754859637E+027
  -4.6298211001479277E+027
  -5.3525318826133226E+027
  -6.1880119596229773E+027
  -7.1538500786347509E+027
  -8.2703771155604215E+027
  -9.5610933817179227E+027
  -1.1053162485850255E+028
  -1.2777982112175933E+028
  -1.4771843687510684E+028
  -1.7076694773257062E+028
  -1.9741020170455830E+028
  -2.2820860213139499E+028
  -2.6380987598922811E+028
  -3.0496267426180377E+028
  -3.5253228943698710E+028
  -4.0751881951523656E+028
  -4.7107815913476306E+028
  -5.4454625759479280E+028
  -6.2946715193026791E+028
  -7.2762536218634876E+028
  -8.4108332730868718E+028
  -9.7222466551103059E+028
  -1.1238041648063123E+029
  -1.2990055501334679E+029
  -1.5015082361166455E+029
  -1.7355644623486262E+029
  -2.0060884251146352E+029
  -2.3187592701924201E+029
  -2.6801401010074363E+029
  -3.0978154910266557E+029
  -3.5805503758154617E+029
  -4.1384736467149198E+029
  -4.7832902839256356E+029
  -5.5285264626554228E+029
  -6.3898127543123710E+029
  -7.3852113398367552E+029
  -8.5355940707193810E+029
  -9.8650792741697660E+029
  -1.1401536424355266E+030
  -1.3177169217132260E+030
  -1.5229189220681372E+030
  -1.7600594162948768E+030
  -2.0341067098058386E+030
  -2.3508015213247917E+030
  -2.7167769947766777E+030
  -3.1396973456034577E+030
  -3.6284180329028609E+030
  -4.1931707970989642E+030
  -4.8457774206221683E+030
  -5.5998966670532445E+030
  -6.4713095447864456E+030
  -7.4782488388248457E+030
  -8.6417797753881362E+030
  -9.9862397476989413E+030
  -1.1539746259682266E+031
  -1.3334783662838022E+031
  -1.5408880899639645E+031
  -1.7805394358428038E+031
  -2.0574412129110877E+031
  -2.3773798471299947E+031
  -2.7470400219070920E+031
  -3.1741440209626954E+031
  -3.6676126706419173E+031
  -4.2377512271102856E+031
  -4.8964640715875835E+031
  -5.6575026745362815E+031
  -6.5367519798914409E+031
  -7.5525611572696649E+031
  -8.7261255900986499E+031
  -1.0081928029780365E+032
  -1.1648248072286377E+032
  -1.3457750529314095E+032
  -1.5548164900544191E+032
  -1.7963070040374729E+032
  -2.0752800290711070E+032
  -2.3975491865906878E+032
  -2.7698291178651071E+032
  -3.1998750146338911E+032
  -3.6966437385333524E+032
  -4.2704798665235773E+032
  -4.9333305148829846E+032
  -5.6989933891913906E+032
  -6.5834031943254933E+032
  -7.6049623309770186E+032
  -8.7849227198826546E+032
  -1.0147826650644726E+033
  -1.1722015770434799E+033
  -1.3540218734060541E+033
  -1.5640229659742333E+033
  -1.8065691407836182E+033
  -2.0866999861124299E+033
  -2.4102347879556611E+033
  -2.7838930480665540E+033
  -3.2154336118357824E+033
  -3.7138152765545292E+033
  -4.2893821928707514E+033
  -4.9540778825643675E+033
  -5.7216922845942051E+033
  -6.6081469207693101E+033
  -7.6318240562818429E+033
  -8.8139466347542189E+033
  -1.0179016810905721E+034
  -1.1755322107776958E+034
  -1.3575519614278584E+034
  -1.5677310241040214E+034
  -1.8104216900860756E+034
  -2.0906482612251279E+034
  -2.4142106984144079E+034
  -2.7878042377008706E+034
  -3.2191574308240998E+034
  -3.7171914444502681E+034
  -4.2922038877623139E+034
  -4.9560809402432591E+034
  -5.7225421306739841E+034
  -6.6074227863492575E+034
  -7.6289999418870964E+034
  -8.8083683854338027E+034
  -1.0169874544610039E+035
  -1.1741617096019273E+035
  -1.3556024544543510E+035
  -1.5650521589638478E+035
  -1.8068297907286643E+035
  -2.0859195064907164E+035
  -2.4080729694694512E+035
  -2.7799273827351072E+035
  -3.2091416489216650E+035
  -3.7045534356166780E+035
  -4.2763603512003222E+035
  -4.9363289263409792E+035
  -5.6980356616998454E+035
  -6.5771450540703478E+035
  -7.5917302643338151E+035
  -8.7626429564046928E+035
  -1.0113939834223208E+036
  -1.1673374553939170E+036
  -1.3472965013879325E+036
  -1.5549647552380128E+036
  -1.7946031343823578E+036
  -2.0711268311622139E+036
  -2.3902056214211274E+036
  -2.7583795253252612E+036
  -3.1831921656264950E+036
  -3.6733445261005098E+036
  -4.2388722247755923E+036
  -4.8913498910725176E+036
  -5.6441267825970147E+036
  -6.5125984069951449E+036
  -7.5145196395812890E+036
  -8.6703656628618864E+036
  -1.0003748016275926E+037
  -1.1541894152641253E+037
  -1.3316200174013951E+037
  -1.5362867889345005E+037
  -1.7723639028691429E+037
  -2.0446641397449283E+037
  -2.3587363997827812E+037
  -2.7209780728106610E+037
  -3.1387645244334496E+037
  -3.6205982992963397E+037
  -4.1762810364235916E+037
  -4.8171115452910028E+037
  -5.5561140134751031E+037
  -6.4083009177234676E+037
  -7.3909759019619069E+037
  -8.5240826817241163E+037
  -9.8306069504259467E+037
  -1.1337039316821637E+038
  -1.3073908515577225E+038
  -1.5076395527973961E+038
  -1.7385040854660780E+038
  -2.0046559028538658E+038
  -2.3114776579394245E+038
  -2.6651712104298620E+038
  -3.0728819906716995E+038
  -3.5428421897495619E+038
  -4.0845356165297262E+038
  -4.7088874894881723E+038
  -5.4284829221824116E+038
  -6.2578184257079359E+038
  -7.2135914003592187E+038
  -8.3150333345455638E+038
  -9.5842932862035312E+038
  -1.1046879207038342E+039
  -1.2732165801895209E+039
  -1.4673978916184321E+039
  -1.6911267938543542E+039
  -1.9488879422479658E+039
  -2.2458447102452511E+039
  -2.5879415744452249E+039
  -2.9820218871791163E+039
  -3.4359633393141433E+039
  -3.9588337588600782E+039
  -4.5610702845860450E+039
  -5.2546854056984873E+039
  -6.0535038772361191E+039
  -6.9734351159949979E+039
  -8.0327863647205658E+039
  -9.2526226958347938E+039
  -1.0657180824807536E+040
  -1.2274344734260838E+040
  -1.4136192292273292E+040
  -1.6279623404166254E+040
  -1.8747081791515054E+040
  -2.1587384274069740E+040
  -2.4856673472661083E+040
  -2.8619512191699036E+040
  -3.2950140421619012E+040
  -3.7933918973815974E+040
  -4.3668987279452146E+040
  -5.0268166913238697E+040
  -5.7861147017180776E+040
  -6.6596993081003697E+040
  -7.6647026581008696E+040
  -8.8208129896324909E+040
  -1.0150653883508691E+041
  -1.1680219415449623E+041
  -1.3439373380927347E+041
  -1.5462421949634576E+041
  -1.7788770458886341E+041
  -2.0463676600779640E+041
  -2.3539114023517274E+041
  -2.7074762383735098E+041
  -3.1139142188946805E+041
  -3.5810915397085023E+041
  -4.1180375738701869E+041
  -4.7351156147906197E+041
  -5.4442184588638018E+041
  -6.2589924009237487E+041
  -7.1950937225016095E+041
  -8.2704823300072614E+041
  -9.5057578571366226E+041
  -1.0924544293794370E+042
  -1.2553930054803310E+042
  -1.4424971369390747E+042
  -1.6573267972390947E+042
  -1.9039621327726108E+042
  -2.1870787033648381E+042
  -2.5120334669488220E+042
  -2.8849630169996713E+042
  -3.3128957883510791E+042
  -3.8038801815124973E+042
  -4.3671308210466736E+042
  -5.0131954638178270E+042
  -5.7541454122800411E+042
  -6.6037926712182983E+042
  -7.5779375187709552E+042
  -8.6946506499975072E+042
  -9.9745946001485702E+042
  -1.1441389772216498E+043
  -1.3122031087028191E+043
  -1.5047362052508199E+043
  -1.7252613920915052E+043
  -1.9778018578665256E+043
  -2.2669504903320018E+043
  -2.5979489537568343E+043
  -2.9767774382300579E+043
  -3.4102564612255724E+043
  -3.9061622680605740E+043
  -4.4733575615534439E+043
  -5.1219394934295476E+043
  -5.8634070719404412E+043
  -6.7108503826977606E+043
  -7.6791642835782746E+043
  -8.7852895200756466E+043
  -1.0048484514500124E+044
  -1.1490631410114371E+044
  -1.3136580297871316E+044
  -1.5014535915890280E+044
  -1.7156491485563746E+044
  -1.9598714726530817E+044
  -2.2382291466288288E+044
  -2.5553732616078019E+044
  -2.9165650605611458E+044
  -3.3277511632267829E+044
  -3.7956470255600998E+044
  -4.3278292916263893E+044
  -4.9328376829378459E+044
  -5.6202870331170490E+044
  -6.4009900061521516E+044
  -7.2870909238427171E+044
  -8.2922109589107930E+044
  -9.4316047076735302E+044
  -1.0722327818636842E+045
  -1.2183414893702018E+045
  -1.3836066262577791E+045
  -1.5703841415186478E+045
  -1.7812855806769231E+045
  -2.0191976357203951E+045
  -2.2873009162924083E+045
  -2.5890870617184099E+045
  -2.9283730153851014E+045
  -3.3093109016437026E+045
  -3.7363914586270445E+045
  -4.2144383600872683E+045
  -4.7485899699547851E+045
  -5.3442640695006340E+045
  -6.0070998210686382E+045
  -6.7428696107104246E+045
  -7.5573513505477815E+045
  -8.4561491996051499E+045
  -9.4444473241120545E+045
  -1.0526677065093374E+046
  -1.1706072454429453E+046
  -1.2984082086348478E+046
  -1.4359596475615021E+046
  -1.5827938651463394E+046
  -1.7379551109697109E+046
  -1.8998293408020539E+046
  -2.0659240372797869E+046
  -2.2325839419200063E+046
  -2.3946244669559855E+046
  -2.5448592482405081E+046
  -2.6734913852230956E+046
  -2.7673288903983985E+046
  -2.8087730960790376E+046
  -2.7745134570767486E+046
  -2.6338425425308469E+046
  -2.3464809018059335E+046
  -1.8597773395256831E+046
  -1.1051671581201312E+046
  -1.0036016396632959E+042
