   0.0000000000000000     
  -1.1011010049952404E-016
  -2.2192496272525120E-016
  -3.3717569690956697E-016
  -4.5764655737816258E-016
  -5.8520256340432338E-016
  -7.2181836882031606E-016
  -8.6960882722538525E-016
  -1.0308617258400239E-015
  -1.2080731945865861E-015
  -1.4039863383451523E-015
  -1.6216336901803092E-015
  -1.8643841424297545E-015
  -2.1359950818030723E-015
  -2.4406705351294530E-015
  -2.7831262253611470E-015
  -3.1686625443225555E-015
  -3.6032465711458048E-015
  -4.0936044052458573E-015
  -4.6473252422251879E-015
  -5.2729788027266127E-015
  -5.9802479307816062E-015
  -6.7800784128237645E-015
  -7.6848483348808841E-015
  -8.7085595976426838E-015
  -9.8670545517969226E-015
  -1.1178261104533298E-014
  -1.2662470088438918E-014
  -1.4342649182959593E-014
  -1.6244798243891681E-014
  -1.8398351536740215E-014
  -2.0836633095130409E-014
  -2.3597372247006446E-014
  -2.6723287281794116E-014
  -3.0262746285427716E-014
  -3.4270515363436168E-014
  -3.8808605823596811E-014
  -4.3947233419887206E-014
  -4.9765904492251456E-014
  -5.6354645798834724E-014
  -6.3815397059157691E-014
  -7.2263587742548892E-014
  -8.1829922484913762E-014
  -9.2662402742632826E-014
  -1.0492861594490400E-013
  -1.1881832754163725E-013
  -1.3454641602699493E-013
  -1.5235619632123314E-013
  -1.7252318289759310E-013
  -1.9535935083941764E-013
  -2.2121796071049688E-013
  -2.5049902183785324E-013
  -2.8365547847546779E-013
  -3.2120021449235347E-013
  -3.6371398488159819E-013
  -4.1185439671407921E-013
  -4.6636607838289286E-013
  -5.2809219435285107E-013
  -5.9798748342751219E-013
  -6.7713302209553925E-013
  -7.6675294118260801E-013
  -8.6823335422665387E-013
  -9.8314379017948454E-013
  -1.1132614617448953E-012
  -1.2605987444905308E-012
  -1.4274342914949857E-012
  -1.6163482644798007E-012
  -1.8302622259962292E-012
  -2.0724843092718741E-012
  -2.3467603638855007E-012
  -2.6573318677896227E-012
  -3.0090015007666674E-012
  -3.4072073928010884E-012
  -3.8581071949058215E-012
  -4.3686732717279757E-012
  -4.9468004871204644E-012
  -5.6014282484583245E-012
  -6.3426786958068174E-012
  -7.1820131715165068E-012
  -8.1324093882820093E-012
  -9.2085620335191291E-012
  -1.0427109910029725E-011
  -1.1806893122928295E-011
  -1.3369244287031724E-011
  -1.5138318254534409E-011
  -1.7141465457923259E-011
  -1.9409654636922992E-011
  -2.1977951481208755E-011
  -2.4886060584463776E-011
  -2.8178939083435936E-011
  -3.1907491463063974E-011
  -3.6129356262603910E-011
  -4.0909796837353366E-011
  -4.6322709937968726E-011
  -5.2451767689321286E-011
  -5.9391710611446422E-011
  -6.7249811658225988E-011
  -7.6147533891034129E-011
  -8.6222407395461235E-011
  -9.7630154435592071E-011
  -1.1054709567444004E-010
  -1.2517287463023181E-010
  -1.4173354245332044E-010
  -1.6048505067347151E-010
  -1.8171720586803289E-010
  -2.0575814733534684E-010
  -2.3297941693482889E-010
  -2.6380169940012209E-010
  -2.9870132178581946E-010
  -3.3821761243127712E-010
  -3.8296123309799202E-010
  -4.3362361296479140E-010
  -4.9098763017965460E-010
  -5.5593970593101740E-010
  -6.2948349781225344E-010
  -7.1275540394736204E-010
  -8.0704211730489385E-010
  -9.1380050128236646E-010
  -1.0346800934834633E-009
  -1.1715485851883583E-009
  -1.3265206699598461E-009
  -1.5019907068436814E-009
  -1.7006697025134189E-009
  -1.9256271833870064E-009
  -2.1803386042334540E-009
  -2.4687390252581031E-009
  -2.7952838864233534E-009
  -3.1650178173215636E-009
  -3.5836525449588161E-009
  -4.0576551022465869E-009
  -4.5943476990001070E-009
  -5.2020207972609114E-009
  -5.8900611365744730E-009
  -6.6690966856067606E-009
  -7.5511607577365459E-009
  -8.5498778240441647E-009
  -9.6806738919960145E-009
  -1.0961014697263977E-008
  -1.2410675385369701E-008
  -1.4052045845827811E-008
  -1.5910476411677118E-008
  -1.8014669260223242E-008
  -2.0397121556079551E-008
  -2.3094627176066071E-008
  -2.6148844759525002E-008
  -2.9606940851082349E-008
  -3.3522318061614940E-008
  -3.7955439485044797E-008
  -4.2974762093813627E-008
  -4.8657793517398126E-008
  -5.5092288511947448E-008
  -6.2377603584420831E-008
  -7.0626230674716959E-008
  -7.9965533561852839E-008
  -9.0539713787873433E-008
  -1.0251203643409101E-007
  -1.1606735009307160E-007
  -1.3141493991832954E-007
  -1.4879175777194863E-007
  -1.6846607930755707E-007
  -1.9074164441194815E-007
  -2.1596234488471547E-007
  -2.4451753167652973E-007
  -2.7684802356328694E-007
  -3.1345290995265675E-007
  -3.5489725276837637E-007
  -4.0182080622482557E-007
  -4.5494788900378968E-007
  -5.1509856111891127E-007
  -5.8320127787517462E-007
  -6.6030721611107215E-007
  -7.4760649370106259E-007
  -8.4644653249313282E-007
  -9.5835284791080855E-007
  -1.0850525858703804E-006
  -1.2285011700292724E-006
  -1.3909124703434156E-006
  -1.5747929582095121E-006
  -1.7829803749391184E-006
  -2.0186875099030228E-006
  -2.2855517634690871E-006
  -2.5876912590488111E-006
  -2.9297683695420818E-006
  -3.3170616377820342E-006
  -3.7555471999944778E-006
  -4.2519909677932676E-006
  -4.8140529900922039E-006
  -5.4504056040813659E-006
  -6.1708671969848788E-006
  -6.9865536409634362E-006
  -7.9100497359567781E-006
  -8.9556033036764796E-006
  -1.0139344925110239E-005
  -1.1479536709164826E-005
  -1.2996853927546433E-005
  -1.4714703857548365E-005
  -1.6659586747891726E-005
  -1.8861504471980172E-005
  -2.1354423167886677E-005
  -2.4176796996411295E-005
  -2.7372161090451550E-005
  -3.0989802835221057E-005
  -3.5085521825963320E-005
  -3.9722490216330545E-005
  -4.4972226717581119E-005
  -5.0915699260023138E-005
  -5.7644573310669011E-005
  -6.5262625085404376E-005
  -7.3887341434679730E-005
  -8.3651731057937293E-005
  -9.4706374957985001E-005
  -1.0722174773246902E-004
  -1.2139084547224114E-004
  -1.3743216076002627E-004
  -1.5559305061010846E-004
  -1.7615354924311669E-004
  -1.9943068444261734E-004
  -2.2578336399762627E-004
  -2.5561790751679010E-004
  -2.8939430884106329E-004
  -3.2763332553529520E-004
  -3.7092450467849497E-004
  -4.1993526859381366E-004
  -4.7542120048448162E-004
  -5.3823768842241077E-004
  -6.0935310705640994E-004
  -6.8986374008902650E-004
  -7.8101067337948190E-004
  -8.8419891887768184E-004
  -1.0010190639480096E-003
  -1.1332717795303363E-003
  -1.2829955646079972E-003
  -1.4524981542859698E-003
  -1.6443920751941497E-003
  -1.8616348957886863E-003
  -2.1075747914116138E-003
  -2.3860021257979991E-003
  -2.7012078433498437E-003
  -3.0580495713525063E-003
  -3.4620264500060875E-003
  -3.9193638425075276E-003
  -4.4371092295167171E-003
  -5.0232407645120492E-003
  -5.6867901614367370E-003
  -6.4379818066556951E-003
  -7.2883902369781694E-003
  -8.2511184081959822E-003
  -9.3409994985905135E-003
  -1.0574825354096396E-002
  -1.1971605091849136E-002
  -1.3552857842995376E-002
  -1.5342944141048307E-002
  -1.7369441056809164E-002
  -1.9663566854097068E-002
  -2.2260661702589144E-002
  -2.5200731846692300E-002
  -2.8529065605815248E-002
  -3.2296930686702134E-002
  -3.6562363539627406E-002
  -4.1391062906476130E-002
  -4.6857401311826349E-002
  -5.3045570062761546E-002
  -6.0050875377179236E-002
  -6.7981205585409654E-002
  -7.6958691981770952E-002
  -8.7121588881731618E-002
  -9.8626401812432041E-002
 -0.11165029658128554     
 -0.12639382628791815     
 -0.14308401823524436     
 -0.16197786823120072     
 -0.18336629603867349     
 -0.20757862282379000     
 -0.23498763948102835     
 -0.26601534380094788     
 -0.30113943473244104     
 -0.34090066363436644     
 -0.38591115559020056     
 -0.43686382877650287     
 -0.49454305676079746     
 -0.55983673771643794     
 -0.63374995617486607     
 -0.71742044742185240     
 -0.81213610236012213     
 -0.91935478203211451     
  -1.0407267465055916     
  -1.1781200430170216     
  -1.3336492437606853     
  -1.5097079752043110     
  -1.7090057390958742     
  -1.9346095912964933     
  -2.1899913192446308     
  -2.4790808433742337     
  -2.8063266634724116     
  -3.1767642792403055     
  -3.5960936368772596     
  -4.0707667922258288     
  -4.6080871380242883     
  -5.2163217205257517     
  -5.9048283718883363     
  -6.6841996124082730     
  -7.5664255343541065     
  -8.5650781708224990     
  -9.6955201831537874     
  -10.975141074087841     
  -12.423624556745342     
  -14.063251188180699     
  -15.919240918019540     
  -18.020140815885252     
  -20.398263935349597     
  -23.090186057668010     
  -26.137307947640320     
  -29.586491760222081     
  -33.490781375447796     
  -37.910217728299543     
  -42.912761659150078     
  -48.575338461724037     
  -54.985020174500953     
  -62.240363776815535     
  -70.452925845060705     
  -79.748976934111596     
  -90.271442015949830     
  -102.18209677854230     
  -115.66405351658432     
  -130.92457479203665     
  -148.19825807469979     
  -167.75064026858843     
  -189.88227747598987     
  -214.93336264670751     
  -243.28895201704196     
  -275.38488058822179     
  -311.71445747063018     
  -352.83604389053363     
  -399.38163020372821     
  -452.06654359339308     
  -511.70043548266324     
  -579.19971733217380     
  -655.60163572030740     
  -742.08020276000059     
  -839.96422637652972     
  -950.75771719232773     
  -1076.1629852316878     
  -1218.1067809294020     
  -1378.7698816358015     
  -1560.6205776724912     
  -1766.4525718188481     
  -1999.4278738162698     
  -2263.1253481033295     
  -2561.5956597150821     
  -2899.4234614232432     
  -3281.7977762653081     
  -3714.5916553124666     
  -4204.4523327852103     
  -4758.9032616222776     
  -5386.4595948106416     
  -6096.7588839841037     
  -6900.7090001557717     
  -7810.6555455416528     
  -8840.5713243055743     
  -10006.270778289692     
  -11325.652676572623     
  -12818.974780883824     
  -14509.164699135355     
  -16422.171694121600     
  -18587.364842283252     
  -21037.983647952562     
  -23811.648022576730     
  -26950.935448372849     
  -30504.034175639175     
  -34525.482468306938     
  -39077.005231113275     
  -44228.460844207650     
  -50058.912719927437     
  -56657.842007758620     
  -64126.520036402384     
  -72579.561529519036     
  -82146.682401595623     
  -92974.689074894239     
  -105229.72980557541     
  -119099.84252116387     
  -134797.83821398410     
  -152564.56407557955     
  -172672.59637413360     
  -195430.41965957190     
  -221187.15633010419     
  -250337.91902347558     
  -283329.86783515313     
  -320669.06516006659     
  -362928.23316954402     
  -410755.53275765956     
  -464884.49843286246     
  -526145.28133081796     
  -595477.37255369581     
  -673944.00170613290     
  -762748.43114553392     
  -863252.39548663411     
  -976996.96874129644     
  -1105726.1786367355     
  -1251413.7297071985     
  -1416293.2443387760     
  -1602892.4847923100     
  -1814072.0801587603     
  -2053069.3511467557     
  -2323547.9036177183     
  -2629653.7500628973     
  -2976078.8181087761     
  -3368132.8181699929     
  -3811824.5702703511     
  -4313954.0347781200     
  -4882216.4555642307     
  -5525320.2093945583     
  -6253120.1650429219     
  -7076768.5928646224     
  -8008885.9340278013     
  -9063754.0423645042     
  -10257534.855517808     
  -11608517.840978308     
  -13137400.002665902     
  -14867602.731645929     
  -16825630.347980198     
  -19041475.818212263     
  -21549079.854311913     
  -24386850.416076612     
  -27598250.562475763     
  -31232463.642334234     
  -35345145.997045681     
  -39999278.685742371     
  -45266131.256958023     
  -51226352.303420395     
  -57971203.474355102     
  -65603955.812162414     
  -74241469.761023462     
  -84015983.001779690     
  -95077133.443163946     
  -107594248.29262859     
  -121758934.19547026     
  -137788008.03075537     
  -155926813.15691808     
  -176452971.78827465     
  -199680630.84594738     
  -225965266.16449913     
  -255709118.46398115     
  -289367344.14624083     
  -327454974.89146167     
  -370554792.38259494     
  -419326238.46005183     
  -474515496.81996238     
  -536966900.25768554     
  -607635837.69695938     
  -687603358.14283204     
  -778092694.60258162     
  -880487960.32833338     
  -996355302.89502978     
  -1127466839.1435030     
  -1275827736.4627395     
  -1443706853.9052272     
  -1633671410.9567115     
  -1848626213.2450945     
  -2091858034.0096064     
  -2367085828.8208470     
  -2678517550.0440660     
  -3030914428.2287145     
  -3429663701.5216427     
  -3880860903.0754023     
  -4391402962.2210693     
  -4969093540.1185322     
  -5622762207.1998024     
  -6362399280.8257246     
  -7199308380.4000616     
  -8146279027.3655586     
  -9217781923.1603928     
  -10430189883.996265     
  -11802027802.498297     
  -13354255448.779930     
  -15110587424.152887     
  -17097855147.016977     
  -19346416391.161430     
  -21890618621.494087     
  -24769323192.132748     
  -28026498399.327229     
  -31711890430.952103     
  -35881782441.291000     
  -40599853322.592117     
  -45938149263.848495     
  -51978182905.563858     
  -58812176843.056000     
  -66544470429.703049     
  -75293111318.914062     
  -85191655997.348465     
  -96391206744.828857     
  -109062716056.91086     
  -123399593638.96289     
  -139620655687.82022     
  -157973461388.68719     
  -178738087450.23068     
  -202231398169.38907     
  -228811876060.72131     
  -258885086617.83847     
  -292909860426.32733     
  -331405286765.33514     
  -374958625184.60211     
  -424234255512.93500     
  -479983802555.23212     
  -543057589608.35901     
  -614417595143.05249     
  -695152109866.82605     
  -786492317249.03784     
  -889831049846.86414     
  -1006744006864.4128     
  -1139013755809.3423     
  -1288656883450.7222     
  -1457954709171.6125     
  -1649488027977.2437     
  -1866176411687.4326     
  -2111322666140.3047     
  -2388663120615.7935     
  -2702424514341.7979     
  -3057388345219.2598     
  -3458963659316.9673     
  -3913269387964.1733     
  -4427227484356.1309     
  -5008668275686.3896     
  -5666449632420.4209     
  -6410591766244.2520     
  -7252429705644.4062     
  -8204785766603.6797     
  -9282164639604.8125     
  -10500974057628.086     
  -11879774398319.160     
  -13439561012882.334     
  -15204083571185.178     
  -17200207274578.398     
  -19458321423561.859     
  -22012801546300.660     
  -24902532107012.180     
  -28171497732730.453     
  -31869451936844.996     
  -36052673493867.633     
  -40784821949926.203     
  -46137905257671.992     
  -52193374225410.305     
  -59043360394093.109     
  -66792076131493.953     
  -75557398193374.016     
  -85472658784012.953     
  -96688671295259.312     
  -109376021461906.70     
  -123727658695609.17     
  -139961826910643.64     
  -158325379301508.38     
  -179097527352526.25     
  -202594080941389.94     
  -229172243841564.88     
  -259236037345285.06     
  -293242434246902.50     
  -331708296189595.00     
  -375218219549732.81     
  -424433408796674.12     
  -480101711829588.62     
  -543068969392485.56     
  -614291850570112.12     
  -694852368871716.38     
  -785974298857107.50     
  -889041742034706.38     
  -1005620123299351.9     
  -1137479935970335.8     
  -1286623595093533.0     
  -1455315805714305.5     
  -1646117906020905.2     
  -1861926705405073.5     
  -2106018405496079.2     
  -2382098269123888.5     
  -2694356789117972.0     
  -3047533207163639.0     
  -3446987344102304.0     
  -3898780828754272.0     
  -4409768954460067.0     
  -4987704553224386.0     
  -5641355459030864.0     
  -6380637337318028.0     
  -7216763889867051.0     
  -8162416706954712.0     
  -9231937335532348.0     
  -10441544467882412.     
  -11809579534742150.     
  -13356784415992974.     
  -15106615467165362.     
  -17085598608518140.     
  -19323730843587140.     
  -21854934275210332.     
  -24717569479692428.     
  -27955015995917744.     
  -31616328699361040.     
  -35756979976346660.     
  -40439698908824304.     
  -45735420143870584.     
  -51724356777140352.     
  -58497213450504720.     
  -66156557979298752.     
  -74818372215808064.     
  -84613805558848784.     
  -95691157575230400.     
  -1.0821811965352947E+017
  -1.2238430951593426E+017
  -1.3840413682870523E+017
  -1.5652004314246048E+017
  -1.7700616503510454E+017
  -2.0017247570763805E+017
  -2.2636946749221654E+017
  -2.5599344588107824E+017
  -2.8949251489685312E+017
  -3.2737334403778400E+017
  -3.7020881880204742E+017
  -4.1864669010056288E+017
  -4.7341935290735027E+017
  -5.3535490149661261E+017
  -6.0538962783165965E+017
  -6.8458215139119258E+017
  -7.7412939326953190E+017
  -8.7538463513777280E+017
  -9.8987793501921587E+017
  -1.1193392072856502E+018
  -1.2657243143532669E+018
  -1.4312445628495772E+018
  -1.6184000482153011E+018
  -1.8300173495658583E+018
  -2.0692921420337741E+018
  -2.3398373677268946E+018
  -2.6457376899762058E+018
  -2.9916110499638866E+018
  -3.3826782515324851E+018
  -3.8248416205792845E+018
  -4.3247739217436278E+018
  -4.8900188691415798E+018
  -5.5291047419999580E+018
  -6.2516728127983811E+018
  -7.0686225178906388E+018
  -7.9922755518753024E+018
  -9.0365613509828260E+018
  -1.0217226751693998E+019
  -1.1552072973506591E+019
  -1.3061223484651381E+019
  -1.4767426772758759E+019
  -1.6696398565922562E+019
  -1.8877208641128542E+019
  -2.1342718025457533E+019
  -2.4130073150833385E+019
  -2.7281264376656114E+019
  -3.0843757259200639E+019
  -3.4871206036586807E+019
  -3.9424260029723197E+019
  -4.4571475051296440E+019
  -5.0390343487406834E+019
  -5.6968458493326828E+019
  -6.4404829752612397E+019
  -7.2811370517405196E+019
  -8.2314578211087237E+019
  -9.3057433770746135E+019
  -1.0520154817939292E+020
  -1.1892958833536877E+020
  -1.3444801858402951E+020
  -1.5199019895691297E+020
  -1.7181988649654544E+020
  -1.9423519207033638E+020
  -2.1957305188444068E+020
  -2.4821428059948224E+020
  -2.8058928163921199E+020
  -3.1718450009994861E+020
  -3.5854971475922203E+020
  -4.0530627821153577E+020
  -4.5815642831411590E+020
  -5.1789381011658559E+020
  -5.8541536551366492E+020
  -6.6173476826799682E+020
  -7.4799760510460402E+020
  -8.4549852962213606E+020
  -9.5570064518618284E+020
  -1.0802574062038545E+021
  -1.2210373647204383E+021
  -1.3801521316861033E+021
  -1.5599879701432406E+021
  -1.7632414916946079E+021
  -1.9929599887324050E+021
  -2.2525870039461124E+021
  -2.5460138166070359E+021
  -2.8776376132071174E+021
  -3.2524272095154002E+021
  -3.6759973034831407E+021
  -4.1546923653441001E+021
  -4.6956814146016536E+021
  -5.3070650954934628E+021
  -5.9979966453766769E+021
  -6.7788185569907096E+021
  -7.6612169687892356E+021
  -8.6583960809416698E+021
  -9.7852751920863516E+021
  -1.1058711287875733E+022
  -1.2497750491758657E+022
  -1.4123912116908902E+022
  -1.5961509542068564E+022
  -1.8038012680483597E+022
  -2.0384457428142962E+022
  -2.3035908174310667E+022
  -2.6031980244154710E+022
  -2.9417430031749322E+022
  -3.3242821584975569E+022
  -3.7565279536679041E+022
  -4.2449339555579806E+022
  -4.7967908934740339E+022
  -5.4203351566183045E+022
  -6.1248713391557357E+022
  -6.9209106497727755E+022
  -7.8203272373426419E+022
  -8.8365347493266984E+022
  -9.9846857387481164E+022
  -1.1281896873377125E+023
  -1.2747503282139019E+023
  -1.4403345804308673E+023
  -1.6274095393122063E+023
  -1.8387619474164252E+023
  -2.0775395678351622E+023
  -2.3472979068617873E+023
  -2.6520529768812454E+023
  -2.9963408794421189E+023
  -3.3852850890605611E+023
  -3.8246724318494655E+023
  -4.3210388812310383E+023
  -4.8817664376568167E+023
  -5.5151925225474885E+023
  -6.2307335009691630E+023
  -7.0390241555838169E+023
  -7.9520751691967254E+023
  -8.9834509382109227E+023
  -1.0148470338367137E+024
  -1.1464433401673659E+024
  -1.2950877244351519E+024
  -1.4629865015506649E+024
  -1.6526312121375909E+024
  -1.8668354527467305E+024
  -2.1087764558723089E+024
  -2.3820420314998698E+024
  -2.6906835605846284E+024
  -3.0392758196297275E+024
  -3.4329845157000648E+024
  -3.8776425242296042E+024
  -4.3798359495053795E+024
  -4.9470012715975743E+024
  -5.5875350058472063E+024
  -6.3109174841841597E+024
  -7.1278525741934522E+024
  -8.0504253849821213E+024
  -9.0922802719121193E+024
  -1.0268821748978077E+025
  -1.1597441252332460E+025
  -1.3097773076054388E+025
  -1.4791983227201799E+025
  -1.6705095427658712E+025
  -1.8865359032256301E+025
  -2.1304664243963163E+025
  -2.4059010696462315E+025
  -2.7169036252143423E+025
  -3.0680613740694744E+025
  -3.4645524352768415E+025
  -3.9122217518919080E+025
  -4.4176668362303635E+025
  -4.9883345232654344E+025
  -5.6326301429285922E+025
  -6.3600407025460800E+025
  -7.1812738741342552E+025
  -8.1084148107349041E+025
  -9.1551030747033764E+025
  -1.0336732252593342E+026
  -1.1670675160210935E+026
  -1.3176537912269416E+026
  -1.4876446549195076E+026
  -1.6795370385023414E+026
  -1.8961486771751499E+026
  -2.1406592574604486E+026
  -2.4166568328025354E+026
  -2.7281901803488230E+026
  -3.0798278578374536E+026
  -3.4767248162424642E+026
  -3.9246975328527091E+026
  -4.4303087523424682E+026
  -5.0009630618863256E+026
  -5.6450146824566848E+026
  -6.3718890343469956E+026
  -7.1922198331967029E+026
  -8.1180036961808101E+026
  -9.1627744897500086E+026
  -1.0341799933950127E+027
  -1.1672303297947157E+027
  -1.3173713381479811E+027
  -1.4867946382670955E+027
  -1.6779723709711625E+027
  -1.8936930308870644E+027
  -2.1371018661378376E+027
  -2.4117464255201299E+027
  -2.7216279073814114E+027
  -3.0712590473197822E+027
  -3.4657293752162701E+027
  -3.9107787772900682E+027
  -4.4128804173251869E+027
  -4.9793342046225006E+027
  -5.6183721464631310E+027
  -6.3392770920419158E+027
  -7.1525165653222283E+027
  -8.0698935987517737E+027
  -9.1047167212741456E+027
  -1.0271991525959426E+028
  -1.1588636548668716E+028
  -1.3073726533746744E+028
  -1.4748766550622773E+028
  -1.6638000861812211E+028
  -1.8768760934243973E+028
  -2.1171857538944185E+028
  -2.3882022506590352E+028
  -2.6938406406973616E+028
  -3.0385139208708696E+028
  -3.4271961862557883E+028
  -3.8654937749791652E+028
  -4.3597254059923258E+028
  -4.9170124425469521E+028
  -5.5453805562570678E+028
  -6.2538742264972594E+028
  -7.0526856897085179E+028
  -7.9533001554352534E+028
  -8.9686593333831239E+028
  -1.0113345571593089E+029
  -1.1403789193483278E+029
  -1.2858501944959484E+029
  -1.4498339826464912E+029
  -1.6346798993701403E+029
  -1.8430348870388969E+029
  -2.0778807133103841E+029
  -2.3425761808980387E+029
  -2.6409046379772448E+029
  -2.9771274519304245E+029
  -3.3560441915639194E+029
  -3.7830603555510889E+029
  -4.2642635889204932E+029
  -4.8065094463189308E+029
  -5.4175178921104607E+029
  -6.1059818748898165E+029
  -6.8816894796710750E+029
  -7.7556613470794594E+029
  -8.7403052578133578E+029
  -9.8495900152435825E+029
  -1.1099241022402222E+030
  -1.2506960245286053E+030
  -1.4092673586281875E+030
  -1.5878809064008084E+030
  -1.7890609613879914E+030
  -2.0156484792756509E+030
  -2.2708406197287363E+030
  -2.5582351995951609E+030
  -2.8818806637007965E+030
  -3.2463322537297969E+030
  -3.6567151389751224E+030
  -4.1187953661357307E+030
  -4.6390595900405945E+030
  -5.2248046645497400E+030
  -5.8842383044328634E+030
  -6.6265921764488421E+030
  -7.4622489430357407E+030
  -8.4028849670829867E+030
  -9.4616305935550802E+030
  -1.0653250155904260E+031
  -1.1994344115189386E+031
  -1.3503576030893106E+031
  -1.5201927388261951E+031
  -1.7112983671670834E+031
  -1.9263255481590605E+031
  -2.1682538949295087E+031
  -2.4404320214143320E+031
  -2.7466229299420769E+031
  -3.0910549361344602E+031
  -3.4784787999753419E+031
  -3.9142318116914840E+031
  -4.4043096702478204E+031
  -4.9554470918642846E+031
  -5.5752081972074803E+031
  -6.2720878501287614E+031
  -7.0556252594876890E+031
  -7.9365313103563780E+031
  -8.9268312635653276E+031
  -1.0040024655142835E+032
  -1.1291264441954731E+032
  -1.2697557679246273E+032
  -1.4277990282566825E+032
  -1.6053978723755156E+032
  -1.8049551841634169E+032
  -2.0291666316516412E+032
  -2.2810559767649014E+032
  -2.5640145888844538E+032
  -2.8818456544730632E+032
  -3.2388136313788363E+032
  -3.6396995590668525E+032
  -4.0898629055807542E+032
  -4.5953107092389223E+032
  -5.1627748587200295E+032
  -5.7997984501651463E+032
  -6.5148322651749125E+032
  -7.3173425301556393E+032
  -8.2179312465073512E+032
  -9.2284705238907426E+032
  -1.0362252506607634E+033
  -1.1634156657443422E+033
  -1.3060836355733632E+033
  -1.4660926978638833E+033
  -1.6455277868482925E+033
  -1.8467210846504243E+033
  -2.0722808216599599E+033
  -2.3251233513859464E+033
  -2.6085088594286435E+033
  -2.9260811036579788E+033
  -3.2819116236901685E+033
  -3.6805489025872597E+033
  -4.1270730126523559E+033
  -4.6271563305477335E+033
  -5.1871309650185103E+033
  -5.8140636035542065E+033
  -6.5158385526499990E+033
  -7.3012498202093192E+033
  -8.1801031683054714E+033
  -9.1633291502016130E+033
  -1.0263108237373544E+034
  -1.1493009240376737E+034
  -1.2868142331744568E+034
  -1.4405328089575949E+034
  -1.6123284096793330E+034
  -1.8042830752759113E+034
  -2.0187118080323067E+034
  -2.2581875441429183E+034
  -2.5255686206762960E+034
  -2.8240289557742234E+034
  -3.1570911730065417E+034
  -3.5286629133976689E+034
  -3.9430765903516239E+034
  -4.4051328530435461E+034
  -4.9201480322118063E+034
  -5.4940058479268309E+034
  -6.1332136609089643E+034
  -6.8449635461891824E+034
  -7.6371984589760444E+034
  -8.5186837458355924E+034
  -9.4990842276785150E+034
  -1.0589047042126847E+035
  -1.1800290378640391E+035
  -1.3145698166756053E+035
  -1.4639420681645397E+035
  -1.6296980906781634E+035
  -1.8135386334655660E+035
  -2.0173245685798729E+035
  -2.2430889775004542E+035
  -2.4930495441004590E+035
  -2.7696211069268519E+035
  -3.0754281761926461E+035
  -3.4133171625928056E+035
  -3.7863679938801502E+035
  -4.1979047084846779E+035
  -4.6515045102290663E+035
  -5.1510046406738868E+035
  -5.7005062713733074E+035
  -6.3043744320073757E+035
  -6.9672327655873392E+035
  -7.6939516310275080E+035
  -8.4896277471081326E+035
  -9.3595531791026600E+035
  -1.0309170996707181E+036
  -1.1344014363206337E+036
  -1.2469625131464154E+036
  -1.3691447198622730E+036
  -1.5014688879535774E+036
  -1.6444147363937108E+036
  -1.7983986881461786E+036
  -1.9637460459756351E+036
  -2.1406563060196150E+036
  -2.3291601334825657E+036
  -2.5290662170673269E+036
  -2.7398958454704189E+036
  -2.9608025957408855E+036
  -3.1904739713226295E+036
  -3.4270111545319080E+036
  -3.6677822158669440E+036
  -3.9092431156955411E+036
  -4.1467195984595128E+036
  -4.3741415603445344E+036
  -4.5837195990995892E+036
  -4.7655511424547837E+036
  -4.9071406907455076E+036
  -4.9928151652708610E+036
  -5.0030109632546928E+036
  -4.9134038954043015E+036
  -4.6938465414420535E+036
  -4.3070696543331416E+036
  -3.7070956992668844E+036
  -2.8373075211981958E+036
  -1.6281440915742309E+036
  -1.4785166822064647E+032
