   0.0000000000000000     
  -1.1011010049952404E-016
  -2.2303890964953594E-016
  -3.4167724671072836E-016
  -4.6906203636933750E-016
  -6.0845404507997533E-016
  -7.6342134460758404E-016
  -9.3793063899703763E-016
  -1.1364487923704505E-015
  -1.3640571559421193E-015
  -1.6265816201255362E-015
  -1.9307417199638398E-015
  -2.2843226096380169E-015
  -2.6963743069687701E-015
  -3.1774433065990420E-015
  -3.7398424887766069E-015
  -4.3979662305396249E-015
  -5.1686587827119997E-015
  -6.0716453390304284E-015
  -7.1300368278198598E-015
  -8.3709213429472393E-015
  -9.8260573475735702E-015
  -1.1532686388204043E-014
  -1.3534486114323173E-014
  -1.5882687988723246E-014
  -1.8637388287326795E-014
  -2.1869085932663480E-014
  -2.5660486508701018E-014
  -3.0108618614913952E-014
  -3.5327316708518511E-014
  -4.1450133960127320E-014
  -4.8633759649541754E-014
  -5.7062028536427447E-014
  -6.6950624785404820E-014
  -7.8552600794039496E-014
  -9.2164852119866978E-014
  -1.0813571416221013E-013
  -1.2687387495181116E-013
  -1.4885883207025771E-013
  -1.7465316122304985E-013
  -2.0491691033534062E-013
  -2.4042448741332371E-013
  -2.8208447420772415E-013
  -3.3096287256057519E-013
  -3.8831037812679154E-013
  -4.5559437918392819E-013
  -5.3453649911195281E-013
  -6.2715664293128810E-013
  -7.3582467465872111E-013
  -8.6332104743219187E-013
  -1.0129079373591911E-012
  -1.1884127007164532E-012
  -1.3943257893422734E-012
  -1.6359156288787639E-012
  -1.9193633983977208E-012
  -2.2519211589767298E-012
  -2.6420973759999353E-012
  -3.0998745806135776E-012
  -3.6369647377884302E-012
  -4.2671088528516972E-012
  -5.0064284798129024E-012
  -5.8738381222567408E-012
  -6.8915290749571923E-012
  -8.0855370815076361E-012
  -9.4864083268850537E-012
  -1.1129980798789350E-011
  -1.3058301002131945E-011
  -1.5320699472640224E-011
  -1.7975052596712787E-011
  -2.1089263009251876E-011
  -2.4742996431047117E-011
  -2.9029719365322041E-011
  -3.4059089766970589E-011
  -3.9959761824535671E-011
  -4.6882676584918156E-011
  -5.5004922574927479E-011
  -6.4534265149764135E-011
  -7.5714460399045543E-011
  -8.8831489503280083E-011
  -1.0422087297071082E-010
  -1.2227625179797618E-010
  -1.4345945499407477E-010
  -1.6831231091394639E-010
  -1.9747050443730374E-010
  -2.3167983434015982E-010
  -2.7181528657820931E-010
  -3.1890341120186034E-010
  -3.7414857509301367E-010
  -4.3896376181316129E-010
  -5.1500670611450249E-010
  -6.0422228706275917E-010
  -7.0889226373912526E-010
  -8.3169362522004614E-010
  -9.7576704677641503E-010
  -1.1447972026184859E-009
  -1.3431069886444803E-009
  -1.5757680642784359E-009
  -1.8487305396970827E-009
  -2.1689751242114059E-009
  -2.5446916257977933E-009
  -2.9854883654445619E-009
  -3.5026378603121674E-009
  -4.1093650569013469E-009
  -4.8211854831826284E-009
  -5.6563019647668190E-009
  -6.6360700473071630E-009
  -7.7855440236859922E-009
  -9.1341175250435419E-009
  -1.0716275052019387E-008
  -1.2572473658481440E-008
  -1.4750177326995794E-008
  -1.7305070478374573E-008
  -2.0302481636583919E-008
  -2.3819053642127230E-008
  -2.7944703109030238E-008
  -3.2784919213805181E-008
  -3.8463460578209247E-008
  -4.5125519182899406E-008
  -5.2941432186263454E-008
  -6.2111036526839463E-008
  -7.2868777616705658E-008
  -8.5489702706876124E-008
  -1.0029649211660901E-007
  -1.1766770804443527E-007
  -1.3804747179749556E-007
  -1.6195681678263705E-007
  -1.9000700743055266E-007
  -2.2291516446743272E-007
  -2.6152259589100530E-007
  -3.0681630215559759E-007
  -3.5995420519084287E-007
  -4.2229474604365885E-007
  -4.9543160757475488E-007
  -5.8123444961178105E-007
  -6.8189669760774071E-007
  -7.9999160610122383E-007
  -9.3853802972976799E-007
  -1.1010775826118902E-006
  -1.2917651579250138E-006
  -1.5154751209007819E-006
  -1.7779258889584039E-006
  -2.0858260825329141E-006
  -2.4470459813320986E-006
  -2.8708186673547799E-006
  -3.3679759945432790E-006
  -3.9512254148028242E-006
  -4.6354747340337000E-006
  -5.4382130964564973E-006
  -6.3799579321518148E-006
  -7.4847792880835201E-006
  -8.7809149399825440E-006
  -1.0301492001841778E-005
  -1.2085373470660353E-005
  -1.4178151335981285E-005
  -1.6633311628224939E-005
  -1.9513601172480247E-005
  -2.2892630967479969E-005
  -2.6856757154581516E-005
  -3.1507287633109789E-005
  -3.6963070697528816E-005
  -4.3363531831082630E-005
  -5.0872236239049695E-005
  -5.9681068135000829E-005
  -7.0015133548460959E-005
  -8.2138511904545288E-005
  -9.6361003307511879E-005
  -1.1304604389448898E-004
  -1.3261999146248012E-004
  -1.5558301857313616E-004
  -1.8252189139961132E-004
  -2.1412496074669758E-004
  -2.5119974817946030E-004
  -2.9469357647976649E-004
  -3.4571777140714286E-004
  -4.0557605295601500E-004
  -4.7579784130491779E-004
  -5.5817732817721834E-004
  -6.5481931158264343E-004
  -7.6819296464458015E-004
  -9.0119491185058345E-004
  -1.0572232237669862E-003
  -1.2402642201026365E-003
  -1.4549942981116389E-003
  -1.7068993870428086E-003
  -2.0024150794720002E-003
  -2.3490910183857402E-003
  -2.7557837383027561E-003
  -3.2328828853392822E-003
  -3.7925765934964497E-003
  -4.4491627943360661E-003
  -5.2194144101430535E-003
  -6.1230077565946114E-003
  -7.1830250949958523E-003
  -8.4265441675056320E-003
  -9.8853297698017362E-003
  -1.1596645021022612E-002
  -1.3604203047086408E-002
  -1.5959283378648895E-002
  -1.8722041570542830E-002
  -2.1963045482901275E-002
  -2.5765077451242253E-002
  -3.0225248361308653E-002
  -3.5457477607702903E-002
  -4.1595402256602791E-002
  -4.8795789690535087E-002
  -5.7242540867017994E-002
  -6.7151386400955776E-002
  -7.8775395367841825E-002
  -9.2411437472551747E-002
 -0.10840776356634763     
 -0.12717289804385309     
 -0.14918607014085861     
 -0.17500945043760718     
 -0.20530250495330260     
 -0.24083883327204983     
 -0.28252592054783032     
 -0.33142830761465014     
 -0.38879477067587015     
 -0.45609020439051279     
 -0.53503302222583893     
 -0.62763902876833821     
 -0.73627288387313505     
 -0.86370847230004832     
  -1.0131997197777403     
  -1.1885636630555994     
  -1.3942778942495653     
  -1.6355948666433864     
  -1.9186759794316395     
  -2.2507488636654629     
  -2.6402918837659826     
  -3.0972505635115741     
  -3.6332914601044402     
  -4.2620999655660832     
  -4.9997296356823986     
  -5.8650119616172178     
  -6.8800370416853829     
  -8.0707174199728779     
  -9.4674494806688489     
  -11.105889276273215     
  -13.027862587769361     
  -15.282432439894425     
  -17.927151312174434     
  -21.029529998905765     
  -24.668760598972867     
  -28.937737600302093     
  -33.945428629259929     
  -39.819655356414401     
  -46.710355514349963     
  -54.793409257575753     
  -64.275127492076535     
  -75.397516689956106     
  -88.444454513659508     
  -103.74893380967492     
  -121.70155978603516     
  -142.76051715647679     
  -167.46326153211180     
  -196.44023332526294     
  -230.43094402144919     
  -270.30284519011155     
  -317.07346158581754     
  -371.93635294953896     
  -436.29156677736717     
  -511.78135887210050     
  -600.33209285255634     
  -704.20338739242038     
  -826.04576481362801     
  -968.96827148229772     
  -1136.6177947768322     
  -1333.2720997027384     
  -1563.9489581231489     
  -1834.5341539793192     
  -2151.9316292556332     
  -2524.2396000723211     
  -2960.9571345619538     
  -3473.2264609878052     
  -4074.1171856979045     
  -4778.9596692070500     
  -5605.7360622056749     
  -6575.5389735655381     
  -7713.1094669296044     
  -9047.4681051994758     
  -10612.655134731991     
  -12448.598683805925     
  -14602.133113855409     
  -17128.193490288777     
  -20091.216630004255     
  -23566.784449433435     
  -27643.551514333911     
  -32425.505938067265     
  -38034.621273412595     
  -44613.967010680863     
  -52331.356986060862     
  -61383.628716711079     
  -72001.662762595341     
  -84456.270079340975     
  -99065.097452235059     
  -116200.72705273569     
  -136300.17659690676     
  -159876.04228565571     
  -187529.56857932263     
  -219965.97797106055     
  -258012.45152602965     
  -302639.21851450711     
  -354984.29270811280     
  -416382.48584856966     
  -488399.43780587427     
  -572871.53079488955     
  -671952.70497372909     
  -788169.36862446915     
  -924484.80239767674     
  -1084374.6990424641     
  -1271915.7638071347     
  -1491889.6335111910     
  -1749904.7626362636     
  -2052539.3826055280     
  -2407509.1773812710     
  -2823863.9482870009     
  -3312218.2795965406     
  -3885022.0827431451     
  -4556877.9130539577     
  -5344913.1445897743     
  -6269216.4863207927     
  -7353349.9620949831     
  -8624949.3994084727     
  -10116428.726833733     
  -11865806.024530342     
  -13917672.373908140     
  -16324328.190226370     
  -19147115.988338329     
  -22457983.535581619     
  -26341317.214397494     
  -30896092.300087035     
  -36238394.931448996     
  -42504380.019453786     
  -49853740.442667671     
  -58473775.900587037     
  -68584165.068962589     
  -80442562.613472059     
  -94351163.625814408     
  -110664402.68432954     
  -129797983.63689230     
  -152239470.09277138     
  -178560706.35517296     
  -209432385.13916665     
  -245641133.08729938     
  -288109549.20914769     
  -337919706.56348956     
  -396340715.68682122     
  -464861051.69442660     
  -545226468.27276278     
  -639484464.03201258     
  -750036433.51610172     
  -879698830.82063842     
  -1031774903.2270137     
  -1210138821.3635056     
  -1419334348.0007336     
  -1664690557.7114279     
  -1952457553.6929631     
  -2289965637.1123381     
  -2685811981.3424287     
  -3150079563.6083202     
  -3694593927.6706233     
  -4333224314.1338367     
  -5082236824.2859669     
  -5960708607.7874298     
  -6991013617.7326393     
  -8199392298.1274843     
  -9616619705.0067940     
  -11278789067.609604     
  -13228230733.975355     
  -15514589890.768658     
  -18196090487.740776     
  -21341017535.788685     
  -25029455504.626568     
  -29355327063.008564     
  -34428784047.018135     
  -40379011504.581482     
  -47357516175.057198     
  -55541983088.860008     
  -65140798427.122414     
  -76398353733.054291     
  -89601266446.090057     
  -105085675042.73134     
  -123245794407.12614     
  -144543949115.18268     
  -169522339913.77075     
  -198816842767.47833     
  -233173191550.73126     
  -273465956097.71741     
  -320720798428.38281     
  -376140573353.91180     
  -441135937449.87994     
  -517361245056.07501     
  -606756644434.50549     
  -711597444910.42969     
  -834552010744.72852     
  -978749654341.17590     
  -1147860255692.4084     
  -1346187633178.7424     
  -1578779040535.6179     
  -1851553574888.3364     
  -2171452761641.5708     
  -2546617145930.1089     
  -2986593381620.9434     
  -3502577084314.1030     
  -4107697624131.0513     
  -4817352100418.0195     
  -5649596990929.8145     
  -6625607434378.3174     
  -7770215824695.5010     
  -9112543411672.3164     
  -10686740967033.717     
  -12532857347582.406     
  -14697858038246.010     
  -17236819570311.705     
  -20214330180704.645     
  -23706132320458.230     
  -27801048767736.344     
  -32603241309089.504     
  -38234859405203.805     
  -44839146168984.633     
  -52584080606219.117     
  -61666648697550.648     
  -72317851881296.969     
  -84808580235720.203     
  -99456499632735.359     
  -116634127900891.23     
  -136778305248254.56     
  -160401299622993.19     
  -188103829230818.50     
  -220590333139111.47     
  -258686878014673.25     
  -303362156016215.75     
  -355752107394846.19     
  -417188793440258.38     
  -489234253385584.44     
  -573720205491788.12     
  -672794600988061.88     
  -788976213617534.25     
  -925218651647655.62     
  -1084985418534381.0     
  -1272337929055208.8     
  -1492038716773056.0     
  -1749672454514701.2     
  -2051787861939017.5     
  -2406064104716040.0     
  -2821505911803659.5     
  -3308672366582766.0     
  -3879945182705745.5     
  -4549843278132025.0     
  -5335391636416491.0     
  -6256553822719845.0     
  -7336739138208597.0     
  -8603397291524666.0     
  -10088715687922912.     
  -11830437041886536.     
  -13872818073646884.     
  -16267753631569240.     
  -19076094781701068.     
  -22369194329468012.     
  -26230719011475156.     
  -30758774364100232.     
  -36068396211782680.     
  -42294472022963832.     
  -49595166291582504.     
  -58155936893647864.     
  -68194244366189984.     
  -79965073640273616.     
  -93767408376793280.     
  -1.0995182222639659E+017
  -1.2892937967622008E+017
  -1.5118207237498813E+017
  -1.7727505578717219E+017
  -2.0787099670438064E+017
  -2.4374689569633341E+017
  -2.8581381137276202E+017
  -3.3513998694357517E+017
  -3.9297796587434483E+017
  -4.6079638462608422E+017
  -5.4031724910815667E+017
  -6.3355964056900595E+017
  -7.4289095972776653E+017
  -8.7108700914511923E+017
  -1.0214024379910504E+018
  -1.1976533361729674E+018
  -1.4043140729018644E+018
  -1.6466308360070971E+018
  -1.9307547518181053E+018
  -2.2638979619484416E+018
  -2.6545166154281242E+018
  -3.1125254170877338E+018
  -3.6495491731975613E+018
  -4.2792177133836672E+018
  -5.0175116675505183E+018
  -5.8831678658035548E+018
  -6.8981546408533617E+018
  -8.0882290843942308E+018
  -9.4835903863811236E+018
  -1.1119645821613984E+019
  -1.3037908803279630E+019
  -1.5287051770433065E+019
  -1.7924140600618914E+019
  -2.1016081839346680E+019
  -2.4641319431473840E+019
  -2.8891823962329186E+019
  -3.3875424828770206E+019
  -3.9718544450048106E+019
  -4.6569403815427826E+019
  -5.4601780607966650E+019
  -6.4019415144123204E+019
  -7.5061175781475533E+019
  -8.8007114687366644E+019
  -1.0318556741695069E+020
  -1.2098147619097813E+020
  -1.4184614776119717E+020
  -1.6630869308923114E+020
  -1.9498943866314795E+020
  -2.2861564921304184E+020
  -2.6803996012688897E+020
  -3.1426198649251149E+020
  -3.6845365613767256E+020
  -4.3198890834422884E+020
  -5.0647851046063368E+020
  -5.9381087422764024E+020
  -6.9619990554430852E+020
  -8.1624109947956953E+020
  -9.5697730108477722E+020
  -1.1219757972668926E+021
  -1.3154186918316506E+021
  -1.5422088520587191E+021
  -1.8080941093334604E+021
  -2.1198128584040000E+021
  -2.4852647414462027E+021
  -2.9137107380032871E+021
  -3.4160077260802386E+021
  -4.0048834520393439E+021
  -4.6952588695258996E+021
  -5.5046260063141647E+021
  -6.4534909230162798E+021
  -7.5658929745722574E+021
  -8.8700135159838812E+021
  -1.0398889456684327E+022
  -1.2191249720464734E+022
  -1.4292495777072509E+022
  -1.6755851056059112E+022
  -1.9643708325320376E+022
  -2.3029209124028434E+022
  -2.6998095208872325E+022
  -3.1650878852056310E+022
  -3.7105386893230926E+022
  -4.3499742899250101E+022
  -5.0995862864225764E+022
  -5.9783552867752554E+022
  -7.0085312329536107E+022
  -8.2161964338566893E+022
  -9.6319255445195366E+022
  -1.1291559181328632E+023
  -1.3237110735625050E+023
  -1.5517829315087721E+023
  -1.8191445688706879E+023
  -2.1325632736665984E+023
  -2.4999717327881434E+023
  -2.9306686902231872E+023
  -3.4355541482122293E+023
  -4.0274050567055023E+023
  -4.7211984595749240E+023
  -5.5344902651403353E+023
  -6.4878592139699878E+023
  -7.6054272640946575E+023
  -8.9154695443188262E+023
  -1.0451129288957914E+024
  -1.2251255819194929E+024
  -1.4361386744271803E+024
  -1.6834899198358429E+024
  -1.9734359198112641E+024
  -2.3133103209400349E+024
  -2.7117091875654114E+024
  -3.1787082732885591E+024
  -3.7261176790846649E+024
  -4.3677803299480691E+024
  -5.1199218082779996E+024
  -6.0015603787565269E+024
  -7.0349875589602956E+024
  -8.2463313707165593E+024
  -9.6662164941790152E+024
  -1.1330537992396930E+025
  -1.3281368140465376E+025
  -1.5568019252459205E+025
  -1.8248289335975157E+025
  -2.1389922017497815E+025
  -2.5072317588286023E+025
  -2.9388538356354659E+025
  -3.4447658915130540E+025
  -4.0377520640664853E+025
  -4.7327959926219172E+025
  -5.5474591612623324E+025
  -6.5023243076201117E+025
  -7.6215150846182423E+025
  -8.9333050853902625E+025
  -1.0470831595130246E+026
  -1.2272932074409046E+026
  -1.4385124473075342E+026
  -1.6860756100201215E+026
  -1.9762350024983512E+026
  -2.3163182963115063E+026
  -2.7149134438317341E+026
  -3.1820853846441859E+026
  -3.7296300062000731E+026
  -4.3713717615948411E+026
  -5.1235124475420700E+026
  -6.0050399347954482E+026
  -7.0382071539030657E+026
  -8.2490934092899723E+026
  -9.6682621688148540E+026
  -1.1331531906342667E+027
  -1.3280879422687583E+027
  -1.5565498407180257E+027
  -1.8243039912073242E+027
  -2.1381065993404966E+027
  -2.5058753140069353E+027
  -2.9368888402741713E+027
  -3.4420208504228805E+027
  -4.0340140848132309E+027
  -4.7278015460646562E+027
  -5.5408828755330012E+027
  -6.4937653900938642E+027
  -7.6104808847187021E+027
  -8.9191912131837811E+027
  -1.0452897893425220E+028
  -1.2250273601715106E+028
  -1.4356636486788800E+028
  -1.6825091828394824E+028
  -1.9717869774783264E+028
  -2.3107892826204679E+028
  -2.7080612510515381E+028
  -3.1736161467692554E+028
  -3.7191875092573824E+028
  -4.3585246178745123E+028
  -5.1077386894676944E+028
  -5.9857085179456491E+028
  -7.0145557590180315E+028
  -8.2202018141593736E+028
  -9.6330203190572865E+028
  -1.1288601644860531E+029
  -1.3228648635789620E+029
  -1.5502026104789432E+029
  -1.8165990472683849E+029
  -2.1287630462721659E+029
  -2.4945555065088353E+029
  -2.9231871197978214E+029
  -3.4254500769059278E+029
  -4.0139895366218005E+029
  -4.7036216793227057E+029
  -5.5117063364974078E+029
  -6.4585835581582499E+029
  -7.5680850854886654E+029
  -8.8681335766919917E+029
  -1.0391444636993779E+030
  -1.2176349284341179E+030
  -1.4267757505239812E+030
  -1.6718287096152584E+030
  -1.9589586133717235E+030
  -2.2953882275682089E+030
  -2.6895797785677653E+030
  -3.1514475841351568E+030
  -3.6926071494031770E+030
  -4.3266669794582948E+030
  -5.0695704313613471E+030
  -5.9399961833029370E+030
  -6.9598273684412616E+030
  -8.1547011425915202E+030
  -9.5546524714406202E+030
  -1.1194868284836613E+031
  -1.3116570912077919E+031
  -1.5368052952250350E+031
  -1.8005889528627381E+031
  -2.1096358320934514E+031
  -2.4717102975105227E+031
  -2.8959081587276113E+031
  -3.3928849099716894E+031
  -3.9751230809795697E+031
  -4.6572453988123296E+031
  -5.4563816073663983E+031
  -6.3925981348701335E+031
  -7.4894013731018514E+031
  -8.7743271747851556E+031
  -1.0279631333671782E+032
  -1.2043098339148451E+032
  -1.4108988656961349E+032
  -1.6529148253796368E+032
  -1.9364308142583568E+032
  -2.2685606478911989E+032
  -2.6576371305577813E+032
  -3.1134208561070045E+032
  -3.6473447601505207E+032
  -4.2728005424755749E+032
  -5.0054741253441012E+032
  -5.8637385391360162E+032
  -6.8691140621776509E+032
  -8.0468071223909414E+032
  -9.4263414365432884E+032
  -1.1042297167473079E+033
  -1.2935176578198523E+033
  -1.5152417821591799E+033
  -1.7749582204113239E+033
  -2.0791744594202310E+033
  -2.4355121718314318E+033
  -2.8528979026712549E+033
  -3.3417863764996449E+033
  -3.9144220029254396E+033
  -4.5851451115537292E+033
  -5.3707505635538210E+033
  -6.2909076937941621E+033
  -7.3686520674315025E+033
  -8.6309613260624272E+033
  -1.0109429495642058E+034
  -1.1841056583550427E+034
  -1.3869173166549077E+034
  -1.6244523036448132E+034
  -1.9026530909824734E+034
  -2.2284786820102176E+034
  -2.6100784209429598E+034
  -3.0569955058367086E+034
  -3.5804052790541498E+034
  -4.1933942351144547E+034
  -4.9112866997698613E+034
  -5.7520273210911020E+034
  -6.7366289027609122E+034
  -7.8896967361882155E+034
  -9.2400424918649512E+034
  -1.0821402958874450E+035
  -1.2673281529960233E+035
  -1.4841933382837137E+035
  -1.7381518882260829E+035
  -2.0355453910461055E+035
  -2.3837990729682635E+035
  -2.7916068711231666E+035
  -3.2691480972733433E+035
  -3.8283410815608315E+035
  -4.4831401042703917E+035
  -5.2498829989350747E+035
  -6.1476980686352011E+035
  -7.1989804302435364E+035
  -8.4299496251395649E+035
  -9.8713023522518504E+035
  -1.1558976540148874E+036
  -1.3535045737739769E+036
  -1.5848766036360816E+036
  -1.8557801519632066E+036
  -2.1729658665094149E+036
  -2.5443365302814055E+036
  -2.9791435799031024E+036
  -3.4882171227425351E+036
  -4.0842351592132757E+036
  -4.7820386880388632E+036
  -5.5990005088718483E+036
  -6.5554568665707865E+036
  -7.6752126375087731E+036
  -8.9861325789435041E+036
  -1.0520833292672352E+037
  -1.2317493046507719E+037
  -1.4420799513042706E+037
  -1.6883058896676677E+037
  -1.9765493911082352E+037
  -2.3139762738643467E+037
  -2.7089736565991753E+037
  -3.1713579680264161E+037
  -3.7126183586555821E+037
  -4.3462015352430170E+037
  -5.0878450615651106E+037
  -5.9559673658416882E+037
  -6.9721240949880785E+037
  -8.1615420933129869E+037
  -9.5537441985912262E+037
  -1.1183280288733997E+038
  -1.3090582632641287E+038
  -1.5322966663665189E+038
  -1.7935801878758023E+038
  -2.0993881758893610E+038
  -2.4573026509705369E+038
  -2.8761958155877809E+038
  -3.3664494229422039E+038
  -3.9402114135135395E+038
  -4.6116961448696920E+038
  -5.3975356128922441E+038
  -6.3171903168663305E+038
  -7.3934298876092673E+038
  -8.6528953129047854E+038
  -1.0126756599976429E+039
  -1.1851482059678955E+039
  -1.3869738138907677E+039
  -1.6231441933511935E+039
  -1.8994992262165583E+039
  -2.2228709563845769E+039
  -2.6012520004917930E+039
  -3.0439925171510275E+039
  -3.5620305725190553E+039
  -4.1681615585912666E+039
  -4.8773532775587989E+039
  -5.7071144241946616E+039
  -6.6779255058425504E+039
  -7.8137427680464929E+039
  -9.1425874804325577E+039
  -1.0697235025660635E+040
  -1.2516020674958088E+040
  -1.4643781786341457E+040
  -1.7132959495539358E+040
  -2.0044886865939760E+040
  -2.3451295017328086E+040
  -2.7436074074418770E+040
  -3.2097331994475658E+040
  -3.7549801599654979E+040
  -4.3927654630447339E+040
  -5.1387791557725844E+040
  -6.0113687483001300E+040
  -7.0319888000505635E+040
  -8.2257264718791402E+040
  -9.6219158626823210E+040
  -1.1254856108749107E+041
  -1.3164650747257769E+041
  -1.5398188792752085E+041
  -1.8010291418413408E+041
  -2.1065052155641348E+041
  -2.4637403222957678E+041
  -2.8814946081902169E+041
  -3.3700090725711393E+041
  -3.9412555690617181E+041
  -4.6092289519857501E+041
  -5.3902884617389366E+041
  -6.3035566347430532E+041
  -7.3713854153968489E+041
  -8.6199007725765102E+041
  -1.0079639020750254E+042
  -1.1786290261205446E+042
  -1.3781566945390309E+042
  -1.6114218581956149E+042
  -1.8841217134096873E+042
  -2.2029141768621327E+042
  -2.5755796421318071E+042
  -3.0112099249430802E+042
  -3.5204289585415161E+042
  -4.1156505642836015E+042
  -4.8113795137505616E+042
  -5.6245631387256004E+042
  -6.5750019589876813E+042
  -7.6858292139666004E+042
  -8.9840708365613242E+042
  -1.0501299335121548E+043
  -1.2274397298516944E+043
  -1.4346448862741408E+043
  -1.6767780537830847E+043
  -1.9597176363518613E+043
  -2.2903296525512532E+043
  -2.6766333420020436E+043
  -3.1279944816916233E+043
  -3.6553510375410379E+043
  -4.2714765466014423E+043
  -4.9912875230400747E+043
  -5.8322022277793091E+043
  -6.8145593618925527E+043
  -7.9621066663040027E+043
  -9.3025710683668428E+043
  -1.0868323948375047E+044
  -1.2697157351250185E+044
  -1.4833189593217418E+044
  -1.7327921771564544E+044
  -2.0241470248935440E+044
  -2.3644004335102075E+044
  -2.7617423225435511E+044
  -3.2257311888804743E+044
  -3.7675222159189902E+044
  -4.4001332927069521E+044
  -5.1387552225609335E+044
  -6.0011134368650563E+044
  -7.0078897361773888E+044
  -8.1832139852513012E+044
  -9.5552373234510062E+044
  -1.1156800354891883E+045
  -1.3026211997146722E+045
  -1.5208157244280213E+045
  -1.7754755098264908E+045
  -2.0726791410974675E+045
  -2.4195155436477410E+045
  -2.8242513612602825E+045
  -3.2965259578949585E+045
  -3.8475785820053470E+045
  -4.4905129741768856E+045
  -5.2406055613565604E+045
  -6.1156643833768426E+045
  -7.1364470624174460E+045
  -8.3271474796342393E+045
  -9.7159623957142972E+045
  -1.1335751078705335E+046
  -1.3224803123805673E+046
  -1.5427732113021338E+046
  -1.7996515622286390E+046
  -2.0991705403000055E+046
  -2.4483835417110279E+046
  -2.8555059874511184E+046
  -3.3301058606534237E+046
  -3.8833253122923810E+046
  -4.5281383672785381E+046
  -5.2796505713833032E+046
  -6.1554473563566209E+046
  -7.1759989862535478E+046
  -8.3651312056499928E+046
  -9.7505721669737157E+046
  -1.1364587900593026E+047
  -1.3244720543314709E+047
  -1.5434645799703520E+047
  -1.7985168723546103E+047
  -2.0955379928396500E+047
  -2.4413997829212598E+047
  -2.8440926553765961E+047
  -3.3129063825665401E+047
  -3.8586398505635921E+047
  -4.4938443693311515E+047
  -5.2331058463386065E+047
  -6.0933719580875683E+047
  -7.0943314074538192E+047
  -8.2588534532747363E+047
  -9.6134971636578532E+047
  -1.1189101300497063E+048
  -1.3021467417515012E+048
  -1.5152150679507485E+048
  -1.7629375122380548E+048
  -2.0509092612934458E+048
  -2.3856207680484760E+048
  -2.7745993731707496E+048
  -3.2265729984673395E+048
  -3.7516592834466740E+048
  -4.3615840365842583E+048
  -5.0699334441811036E+048
  -5.8924451314355812E+048
  -6.8473439128719305E+048
  -7.9557289141060777E+048
  -9.2420197067880568E+048
  -1.0734470187371046E+049
  -1.2465760163292565E+049
  -1.4473676003607104E+049
  -1.6801893282622151E+049
  -1.9500876113202922E+049
  -2.2628909850421239E+049
  -2.6253286065804892E+049
  -3.0451661167091218E+049
  -3.5313612786634670E+049
  -4.0942421099940329E+049
  -4.7457105577129418E+049
  -5.4994751321880128E+049
  -6.3713163113707816E+049
  -7.3793889527788110E+049
  -8.5445664032941676E+049
  -9.8908314711496253E+049
  -1.1445719912277436E+050
  -1.3240822572256530E+050
  -1.5312352797786308E+050
  -1.7701786163203381E+050
  -2.0456579913980293E+050
  -2.3630979764153850E+050
  -2.7286921736104668E+050
  -3.1495036516307997E+050
  -3.6335763210118979E+050
  -4.1900578268241883E+050
  -4.8293343538372956E+050
  -5.5631774620803228E+050
  -6.4049026654873033E+050
  -7.3695388915665559E+050
  -8.4740071613642822E+050
  -9.7373057358522634E+050
  -1.1180697495721881E+051
  -1.2827893337666891E+051
  -1.4705222727506787E+051
  -1.6841779048905364E+051
  -1.9269522766064189E+051
  -2.2023319341547940E+051
  -2.5140880876021340E+051
  -2.8662569990810636E+051
  -3.2631010806392126E+051
  -3.7090433997694080E+051
  -4.2085659541588811E+051
  -4.7660590218443271E+051
  -5.3856048954428826E+051
  -6.0706740742961551E+051
  -6.8237051251742174E+051
  -7.6455304111263308E+051
  -8.5345980369997316E+051
  -9.4859247443489244E+051
  -1.0489693869018783E+052
  -1.1529385187487392E+052
  -1.2579287282984112E+052
  -1.3601194939984514E+052
  -1.4540029957596954E+052
  -1.5318038199406217E+052
  -1.5827101435971662E+052
  -1.5918550335854722E+052
  -1.5389664263156355E+052
  -1.3965787949585288E+052
  -1.1276715103681170E+052
  -6.8260274568615476E+051
  -6.1987114779513516E+047
