   0.0000000000000000     
  -1.1011010049952404E-016
  -2.2217276020261460E-016
  -3.3817511737087412E-016
  -4.6017412051077520E-016
  -5.9033299972366609E-016
  -7.3095962078413052E-016
  -8.8454740190185669E-016
  -1.0538195185099612E-015
  -1.2417771796673470E-015
  -1.4517528317955455E-015
  -1.6874692327691250E-015
  -1.9531054433893724E-015
  -2.2533709058359721E-015
  -2.5935889219818992E-015
  -2.9797910110110318E-015
  -3.4188238185465178E-015
  -3.9184704718955506E-015
  -4.4875885319826475E-015
  -5.1362669866131447E-015
  -5.8760050670907811E-015
  -6.7199160568845103E-015
  -7.6829597038496008E-015
  -8.7822073543008287E-015
  -1.0037144506988161E-014
  -1.1470016148007722E-014
  -1.3106220985636346E-014
  -1.4974761570432855E-014
  -1.7108758276048935E-014
  -1.9546036247574507E-014
  -2.2329795716946600E-014
  -2.5509377561873310E-014
  -2.9141137672025089E-014
  -3.3289445613809157E-014
  -3.8027825287009114E-014
  -4.3440257781940847E-014
  -4.9622669519096489E-014
  -5.6684632035409382E-014
  -6.4751303530403138E-014
  -7.3965646567984182E-014
  -8.4490961221342744E-014
  -9.6513778535971623E-014
  -1.1024716556814720E-013
  -1.2593450054636862E-013
  -1.4385378503031753E-013
  -1.6432256945334320E-013
  -1.8770357929872750E-013
  -2.1441114156942273E-013
  -2.4491852538532842E-013
  -2.7976632673246994E-013
  -3.1957204588134655E-013
  -3.6504102711468220E-013
  -4.1697895453185263E-013
  -4.7630612525557993E-013
  -5.4407375284402604E-013
  -6.2148258966551883E-013
  -7.0990419806038782E-013
  -8.1090524702187344E-013
  -9.2627526470630866E-013
  -1.0580583382803184E-012
  -1.2085893225131225E-012
  -1.3805351983626725E-012
  -1.5769423139987760E-012
  -1.8012903448690507E-012
  -2.0575539283884821E-012
  -2.3502730647267690E-012
  -2.6846335303851906E-012
  -3.0665587285441291E-012
  -3.5028146026620335E-012
  -4.0011294711011093E-012
  -4.5703309047386306E-012
  -5.2205020712718515E-012
  -5.9631603145802902E-012
  -6.8114611311722945E-012
  -7.7804311553812409E-012
  -8.8872342785490248E-012
  -1.0151475614030956E-011
  -1.1595548689858911E-011
  -1.3245032016167464E-011
  -1.5129142048564736E-011
  -1.7281250566986064E-011
  -1.9739475629873375E-011
  -2.2547356565957248E-011
  -2.5754624953532728E-011
  -2.9418085236239862E-011
  -3.3602620565056465E-011
  -3.8382341672826469E-011
  -4.3841899119409859E-011
  -5.0077982137251502E-011
  -5.7201030609997551E-011
  -6.5337190489185526E-011
  -7.4630547262750617E-011
  -8.5245677010369519E-011
  -9.7370560201583782E-011
  -1.1121990981266671E-010
  -1.2703897267091672E-010
  -1.4510787131022020E-010
  -1.6574656318751138E-010
  -1.8932050503541806E-010
  -2.1624712260522144E-010
  -2.4700320030706264E-010
  -2.8213332153325623E-010
  -3.2225950904363329E-010
  -3.6809223602796624E-010
  -4.2044300271542945E-010
  -4.8023870110380272E-010
  -5.4853802202182186E-010
  -6.2655019487644735E-010
  -7.1565639171214965E-010
  -8.1743417435174541E-010
  -9.3368541723178608E-010
  -1.0664682000424341E-009
  -1.2181332345199723E-009
  -1.3913654699619743E-009
  -1.5892316136597023E-009
  -1.8152344070901136E-009
  -2.0733746182319243E-009
  -2.3682218468804654E-009
  -2.7049953957490645E-009
  -3.0896566382178706E-009
  -3.5290145169739259E-009
  -4.0308460400758100E-009
  -4.6040339062805271E-009
  -5.2587236944814444E-009
  -6.0065033981826967E-009
  -6.8606084811977871E-009
  -7.8361560821980078E-009
  -8.9504125113329649E-009
  -1.0223098771018515E-008
  -1.1676739505549878E-008
  -1.3337061552342600E-008
  -1.5233449144913926E-008
  -1.7399463819705035E-008
  -1.9873438223227261E-008
  -2.2699154323027595E-008
  -2.5926618018719622E-008
  -2.9612943854209212E-008
  -3.3823365479402389E-008
  -3.8632389733542569E-008
  -4.4125114762202885E-008
  -5.0398735480760342E-008
  -5.7564263010186438E-008
  -6.5748488494772655E-008
  -7.5096226032861661E-008
  -8.5772874387170226E-008
  -9.7967342778117436E-008
  -1.1189539250135638E-007
  -1.2780345346325028E-007
  -1.4597298312530399E-007
  -1.6672544493899240E-007
  -1.9042799430554045E-007
  -2.1749997260460670E-007
  -2.4842032412261512E-007
  -2.8373606702818248E-007
  -3.2407196817709951E-007
  -3.7014159281199475E-007
  -4.2275992452829979E-007
  -4.8285777863801498E-007
  -5.5149826376666231E-007
  -6.2989558272699627E-007
  -7.1943650506542114E-007
  -8.2170489090441568E-007
  -9.3850969964118141E-007
  -1.0719169786623614E-006
  -1.2242863975855416E-006
  -1.3983129738835015E-006
  -1.5970747275065514E-006
  -1.8240871069131653E-006
  -2.0833651486011749E-006
  -2.3794944689157160E-006
  -2.7177123430109791E-006
  -3.1040003041186550E-006
  -3.5451898998766116E-006
  -4.0490834749939287E-006
  -4.6245921150810458E-006
  -5.2818931897479427E-006
  -6.0326102794268175E-006
  -6.8900186659274489E-006
  -7.8692800184710388E-006
  -8.9877104228520671E-006
  -1.0265086490561047E-005
  -1.1723994957571821E-005
  -1.3390231950940929E-005
  -1.5293258978957678E-005
  -1.7466723702822884E-005
  -1.9949054692424998E-005
  -2.2784140675940946E-005
  -2.6022106285803244E-005
  -2.9720198008411039E-005
  -3.3943795991930874E-005
  -3.8767569590019176E-005
  -4.4276797058571638E-005
  -5.0568872722509502E-005
  -5.7755028241362284E-005
  -6.5962298384484712E-005
  -7.5335766045942713E-005
  -8.6041126161690251E-005
  -9.8267613824739572E-005
  -1.1223134832707037E-004
  -1.2817915220362302E-004
  -1.4639291274359814E-004
  -1.6719456301557927E-004
  -1.9095177039487991E-004
  -2.1808443307718434E-004
  -2.4907209933261925E-004
  -2.8446244055081070E-004
  -3.2488092773795243E-004
  -3.7104188238000523E-004
  -4.2376109685706028E-004
  -4.8397024731110976E-004
  -5.5273335352227441E-004
  -6.3126557649570468E-004
  -7.2095468574098884E-004
  -8.2338557536663524E-004
  -9.4036826194616931E-004
  -1.0739698585898220E-003
  -1.2265510898618352E-003
  -1.4008079923572075E-003
  -1.5998195373083599E-003
  -1.8271020161476120E-003
  -2.0866711493508681E-003
  -2.3831130152387717E-003
  -2.7216650511201362E-003
  -3.1083085569766685E-003
  -3.5498743349458026E-003
  -4.0541633297432487E-003
  -4.6300843999706378E-003
  -5.2878116526491256E-003
  -6.0389641186430858E-003
  -6.8968109409823673E-003
  -7.8765056984151996E-003
  -8.9953540007724122E-003
  -1.0273119079970654E-002
  -1.1732370771088838E-002
  -1.3398884043749755E-002
  -1.5302094118538537E-002
  -1.7475616201819342E-002
  -1.9957839012689275E-002
  -2.2792602578051734E-002
  -2.6029972258873071E-002
  -2.9727122668839451E-002
  -3.3949347085810704E-002
  -3.8771210170881240E-002
  -4.4277864338564885E-002
  -5.0566553009224330E-002
  -5.7748327272298977E-002
  -6.5950006254306415E-002
  -7.5316415785415772E-002
  -8.6012944868449848E-002
  -9.8228465061064654E-002
 -0.11217866428446246     
 -0.12810985388323012     
 -0.14630331610969452     
 -0.16708026873977766     
 -0.19080753441383230     
 -0.21790401472731535     
 -0.24884808329161451     
 -0.28418602819518912     
 -0.32454169280523665     
 -0.37062748498671616     
 -0.42325694895141736     
 -0.48335912151039445     
 -0.55199492597439526     
 -0.63037589288373774     
 -0.71988553778497755     
 -0.82210377313007510     
 -0.93883478488067307     
  -1.0721388654987247     
  -1.2243687647721297     
  -1.3982111995899882     
  -1.5967342547508390     
  -1.8234415107622273     
  -2.0823338532019835     
  -2.3779800536512714     
  -2.7155973668638262     
  -3.1011435654305051     
  -3.5414220348455596     
  -4.0442017821345546     
  -4.6183544741212934     
  -5.2740109216255915     
  -6.0227397686856081     
  -6.8777515373281668     
  -7.8541316253653832     
  -8.9691063650513456     
  -10.242346833180806     
  -11.696315768620353     
  -13.356663713055056     
  -15.252681358295767     
  -17.417816074109215     
  -19.890261721655605     
  -22.713632149173979     
  -25.937730241295444     
  -29.619426077267470     
  -33.823659676100263     
  -38.624586002066906     
  -44.106882410772187     
  -50.367241578304537     
  -57.516076224213656     
  -65.679465670775500     
  -75.001378541938124     
  -85.646210770527176     
  -97.801683637408701     
  -111.68215290918526     
  -127.53238738333758     
  -145.63188341904620     
  -166.29979147385166     
  -189.90054144708731     
  -216.85026594047284     
  -247.62413460111881     
  -282.76472875992130     
  -322.89160390145395     
  -368.71220842257998     
  -421.03435102441892     
  -480.78043635653262     
  -549.00371967337333     
  -626.90686681933653     
  -715.86314645608070     
  -817.44062779869114     
  -933.42981005167462     
  -1065.8751701631738     
  -1217.1111845097448     
  -1389.8034588988105     
  -1586.9956912178691     
  -1812.1632937515546     
  -2069.2746194368788     
  -2362.8608701967623     
  -2698.0959183379159     
  -3080.8874465108511     
  -3517.9810109779201     
  -4017.0788604255777     
  -4586.9756022921720     
  -5237.7131051322767     
  -5980.7573641201152     
  -6829.2004433647089     
  -7797.9910500685701     
  -8904.1977994742447     
  -10167.309804873246     
  -11609.579883820063     
  -13256.416421654296     
  -15136.830789677770     
  -17283.948192920710     
  -19735.590938555906     
  -22534.944390311386     
  -25731.317329102061     
  -29381.010101133619     
  -33548.305831138947     
  -38306.602143535863     
  -43739.703306218056     
  -49943.295533873774     
  -57026.631409792295     
  -65114.453063718203     
  -74349.187943124067     
  -84893.455810132378     
  -96932.931070522318     
  -110679.61079104379     
  -126375.54589649652     
  -144297.10118414386     
  -164759.81909321234     
  -188123.97278495214     
  -214800.90621062423     
  -245260.27268389618     
  -280038.29927369405     
  -319747.22237125313     
  -365086.06037792744     
  -416852.91297014896     
  -475959.00323790399     
  -543444.70963485714     
  -620497.86966022139     
  -708474.67712931091     
  -808923.54048312583     
  -923612.32163834374     
  -1054559.4343022336     
  -1204069.3485161941     
  -1374773.1256386361     
  -1569674.6963932707     
  -1792203.6955456415     
  -2046275.7820019654     
  -2336361.5046740263     
  -2667564.9246325507     
  -3045713.3755168440     
  -3477459.9398915130     
  -3970400.4426791384     
  -4533207.0178746991     
  -5175780.5959426006     
  -5909424.9917238364     
  -6747045.6521760942     
  -7703376.5564970514     
  -8795239.2557470389     
  -10041838.603675030     
  -11465100.374973411     
  -13090056.702957422     
  -14945286.108600821     
  -17063415.851704646     
  -19481695.429561976     
  -22242651.298021510     
  -25394834.316278253     
  -28993673.045066550     
  -33102447.886777371     
  -37793403.177990541     
  -43149016.767242372     
  -49263449.376047313     
  -56244199.197782055     
  -64213990.792409152     
  -73312931.448391110     
  -83700972.878694013     
  -95560721.477884993     
  -109100646.48602544     
  -124558742.38969420     
  -142206709.86356673     
  -162354728.65738833     
  -185356906.22255915     
  -211617497.73212016     
  -241598006.68570852     
  -275825290.74445879     
  -314900815.08088833     
  -359511215.66486567     
  -410440357.89193106     
  -468583102.19756663     
  -534961018.25055921     
  -610740323.50548518     
  -697252360.91797066     
  -796016975.17090607     
  -908769197.60613406     
  -1037489708.0956647     
  -1184439608.3365822     
  -1352200116.6758094     
  -1543717880.8902686     
  -1762356703.8776698     
  -2011956589.6800208     
  -2296901145.6370401     
  -2622194522.9996910     
  -2993549245.5928526     
  -3417486467.0316005     
  -3901450414.9129190     
  -4453939029.1421041     
  -5084653085.4686632     
  -5804666419.3742008     
  -6626620235.3519802     
  -7564944908.8242168     
  -8636113169.8546486     
  -9858929107.8717327     
  -11254858064.456257     
  -12848403197.862679     
  -14667535320.886311     
  -16744183547.283211     
  -19114795347.544910     
  -21820975831.085735     
  -24910217460.112877     
  -28436732984.924923     
  -32462406198.864788     
  -37057877175.299271     
  -42303781004.945557     
  -48292161740.857300     
  -55128086327.488609     
  -62931486793.194229     
  -71839262983.609467     
  -82007682676.557648     
  -93615121127.316406     
  -106865188037.37941     
  -121990296724.29742     
  -139255738013.48639     
  -158964330210.53577     
  -181461726599.16364     
  -207142473422.01315     
  -236456924440.36273     
  -269919133164.37408     
  -308115860960.03223     
  -351716858771.80157     
  -401486602492.86511     
  -458297687457.52515     
  -523146116567.86963     
  -597168749706.95349     
  -681663219912.99890     
  -778110664954.84058     
  -888201672212.74878     
  -1013865890992.1676     
  -1157305830563.7363     
  -1321035435452.9260     
  -1507924113076.8201     
  -1721246984204.8352     
  -1964742235571.5845     
  -2242676578196.0874     
  -2559919956733.1338     
  -2922030816977.3369     
  -3335353423285.5117     
  -3807128928404.8276     
  -4345622138674.5112     
  -4960266192009.1641     
  -5661827679266.5430     
  -6462595097023.0850     
  -7376593927670.0498     
  -8419832108226.3477     
  -9610580180471.1133     
  -10969691021207.096     
  -12520964743261.801     
  -14291565147297.314     
  -16312495005417.307     
  -18619138485661.035     
  -21251880199709.281     
  -24256811694978.395     
  -27686537740118.660     
  -31601096496431.527     
  -36069009657309.586     
  -41168480908209.008     
  -46988763650510.727     
  -53631721889128.055     
  -61213611557465.953     
  -69867113403200.148     
  -79743652951494.359     
  -91016048075357.406     
  -103881530423316.00     
  -118565193482232.02     
  -135323927501791.16     
  -154450910006851.38     
  -176280730322707.12     
  -201195237605544.41     
  -229630214498926.75     
  -262082992947271.94     
  -299121145140208.81     
  -341392401324123.25     
  -389635967626208.25     
  -444695441465136.88     
  -507533549996900.00     
  -579248968850240.62     
  -661095514697811.50     
  -754504046619148.00     
  -861107458461406.00     
  -982769198316883.50     
  -1121615812751989.0     
  -1280074083612286.2     
  -1460913405315315.0     
  -1667294141922165.2     
  -1902822807541944.2     
  -2171615032586311.2     
  -2478367414125987.5     
  -2828439503471354.0     
  -3227947360801709.5     
  -3683870308279211.0     
  -4204172743114117.0     
  -4797943134502372.0     
  -5475552627803583.0     
  -6248836020979340.0     
  -7131298268115234.0     
  -8138350109588752.0     
  -9287576935859122.0     
  -10599045570773660.     
  -12095654320781158.     
  -13803532390007912.     
  -15752495620895774.     
  -17976566500979654.     
  -20514567495455880.     
  -23410798041926024.     
  -26715807000297452.     
  -30487274012611660.     
  -34791015123449952.     
  -39702130174497112.     
  -45306311954429944.     
  -51701339900436272.     
  -58998784359294264.     
  -67325951079873480.     
  -76828099788835088.     
  -87670975469847120.     
  -1.0004369640665253E+017
  -1.1416204925635325E+017
  -1.3027224849912133E+017
  -1.4865522568721117E+017
  -1.6963152312991715E+017
  -1.9356687716203178E+017
  -2.2087858813395853E+017
  -2.5204278794014144E+017
  -2.8760273150641200E+017
  -3.2817825645713971E+017
  -3.7447657548874477E+017
  -4.2730458913967360E+017
  -4.8758293307042720E+017
  -5.5636200410927098E+017
  -6.3484024370294848E+017
  -7.2438499663372570E+017
  -8.2655630760495565E+017
  -9.4313406933331866E+017
  -1.0761489940023197E+018
  -1.2279179463383626E+018
  -1.4010842523195602E+018
  -1.5986636839320893E+018
  -1.8240969189477230E+018
  -2.0813093871181322E+018
  -2.3747795424157972E+018
  -2.7096167472209736E+018
  -3.0916501211946301E+018
  -3.5275298978803717E+018
  -4.0248430491422152E+018
  -4.5922451851311949E+018
  -5.2396110198721782E+018
  -5.9782060146656369E+018
  -6.8208821788874865E+018
  -7.7823014268073984E+018
  -8.8791903669899244E+018
  -1.0130630945970545E+019
  -1.1558391989650108E+019
  -1.3187307394991352E+019
  -1.5045707533407554E+019
  -1.7165911349707022E+019
  -1.9584787692565066E+019
  -2.2344395612446573E+019
  -2.5492714731462345E+019
  -2.9084478350492201E+019
  -3.3182123739051442E+019
  -3.7856876083611492E+019
  -4.3189984885526962E+019
  -4.9274134240417849E+019
  -5.6215051442474230E+019
  -6.4133341791766512E+019
  -7.3166581399641539E+019
  -8.3471704254378033E+019
  -9.5227724903681376E+019
  -1.0863884392036626E+020
  -1.2393798994310899E+020
  -1.4139085963993393E+020
  -1.6130052555867587E+020
  -1.8401269165488715E+020
  -2.0992168749326244E+020
  -2.3947730489717539E+020
  -2.7319259539302423E+020
  -3.1165276341339056E+020
  -3.5552530917241658E+020
  -4.0557159673541578E+020
  -4.6266004744553031E+020
  -5.2778118696848327E+020
  -6.0206480625701893E+020
  -6.8679953327229488E+020
  -7.8345515396059025E+020
  -8.9370806848884507E+020
  -1.0194703229110860E+021
  -1.1629227182038372E+021
  -1.3265525690371762E+021
  -1.5131967649533809E+021
  -1.7260908781914159E+021
  -1.9689251668010331E+021
  -2.2459084407342700E+021
  -2.5618408943358339E+021
  -2.9221971634157807E+021
  -3.3332210415439886E+021
  -3.8020334913953821E+021
  -4.3367558163625059E+021
  -4.9466501191876068E+021
  -5.6422794725526277E+021
  -6.4356905665353828E+021
  -7.3406219854450409E+021
  -8.3727417084602892E+021
  -9.5499179323126930E+021
  -1.0892527888653695E+022
  -1.2423809983596645E+022
  -1.4170265333497984E+022
  -1.6162115622172463E+022
  -1.8433825175059894E+022
  -2.1024696252056553E+022
  -2.3979547821806140E+022
  -2.7349489517886232E+022
  -3.1192804116228966E+022
  -3.5575953741436305E+022
  -4.0574727139483955E+022
  -4.6275547782233153E+022
  -5.2776965336878731E+022
  -6.0191356188475058E+022
  -6.8646862300158550E+022
  -7.8289601795355673E+022
  -8.9286189319482939E+022
  -1.0182660956559242E+023
  -1.1612749342047783E+023
  -1.3243585310908202E+023
  -1.5103334060433156E+023
  -1.7224110256204130E+023
  -1.9642531529044391E+023
  -2.2400349494689330E+023
  -2.5545169147058372E+023
  -2.9131268993788409E+023
  -3.3220536032612476E+023
  -3.7883531638869910E+023
  -4.3200706681680834E+023
  -4.9263786747586473E+023
  -5.6177351269593203E+023
  -6.4060633686525667E+023
  -7.3049573549325705E+023
  -8.3299155812303422E+023
  -9.4986077472274899E+023
  -1.0831178733124087E+024
  -1.2350595105474270E+024
  -1.4083040098763703E+024
  -1.6058363849635341E+024
  -1.8310596607371302E+024
  -2.0878533723084238E+024
  -2.3806402449491027E+024
  -2.7144621984132641E+024
  -3.0950669785389399E+024
  -3.5290069009876261E+024
  -4.0237513992840385E+024
  -4.5878153055399742E+024
  -5.2309050614159926E+024
  -5.9640853635841663E+024
  -6.7999690974351623E+024
  -7.7529338109820581E+024
  -8.8393684346401944E+024
  -1.0077954469539489E+025
  -1.1489986456062484E+025
  -1.3099737205432198E+025
  -1.4934874041829376E+025
  -1.7026933173719492E+025
  -1.9411860305647067E+025
  -2.2130626732602565E+025
  -2.5229931447427670E+025
  -2.8763001259516360E+025
  -3.2790502595255768E+025
  -3.7381580555666845E+025
  -4.2615042976935255E+025
  -4.8580709711852530E+025
  -5.5380950166625759E+025
  -6.3132435335904510E+025
  -7.1968134233705710E+025
  -8.2039588781245536E+025
  -9.3519505955183104E+025
  -1.0660471140192565E+026
  -1.2151951487709007E+026
  -1.3851954487833374E+026
  -1.5789611782341105E+026
  -1.7998121621882270E+026
  -2.0515316062191966E+026
  -2.3384307199629323E+026
  -2.6654223449654702E+026
  -3.0381048402164473E+026
  -3.4628576530501607E+026
  -3.9469502015947171E+026
  -4.4986659210157059E+026
  -5.1274435832578723E+026
  -5.8440382931900470E+026
  -6.6607048979615791E+026
  -7.5914069266257410E+026
  -8.6520546101012305E+026
  -9.8607760246404671E+026
  -1.1238225963478838E+027
  -1.2807937780730034E+027
  -1.4596724179658576E+027
  -1.6635133746483162E+027
  -1.8957970974823765E+027
  -2.1604888600715115E+027
  -2.4621062291882414E+027
  -2.8057959128329535E+027
  -3.1974212897691235E+027
  -3.6436621034958429E+027
  -4.1521280092497010E+027
  -4.7314878967343059E+027
  -5.3916171777944211E+027
  -6.1437655316638080E+027
  -7.0007479458208907E+027
  -7.9771622836874110E+027
  -9.0896370580061828E+027
  -1.0357113598249625E+028
  -1.1801167380391957E+028
  -1.3446373947554953E+028
  -1.5320725601481171E+028
  -1.7456105900096760E+028
  -1.9888829969931101E+028
  -2.2660259750169554E+028
  -2.5817504546181682E+028
  -2.9414218705597410E+028
  -3.3511509863410870E+028
  -3.8178973061493113E+028
  -4.3495868163366690E+028
  -4.9552460392487191E+028
  -5.6451546561800995E+028
  -6.4310192679743840E+028
  -7.3261712165138530E+028
  -8.3457917939816169E+028
  -9.5071686260528870E+028
  -1.0829987537738882E+029
  -1.2336664805171638E+029
  -1.4052725373081472E+029
  -1.6007233387339970E+029
  -1.8233282267524097E+029
  -2.0768552540560642E+029
  -2.3655946789690557E+029
  -2.6944312362074613E+029
  -3.0689263944749231E+029
  -3.4954119786670491E+029
  -3.9810967241923699E+029
  -4.5341875467281278E+029
  -5.1640275561924227E+029
  -5.8812531228954933E+029
  -6.6979726213534303E+029
  -7.6279698383604495E+029
  -8.6869354425920599E+029
  -9.8927303800377606E+029
  -1.1265685590651901E+030
  -1.2828943045532083E+030
  -1.4608843790648833E+030
  -1.6635369463981336E+030
  -1.8942644640728010E+030
  -2.1569508370678817E+030
  -2.4560164419471713E+030
  -2.7964921030184891E+030
  -3.1841032504986709E+030
  -3.6253656592742511E+030
  -4.1276943585243592E+030
  -4.6995275203525365E+030
  -5.3504673832300712E+030
  -6.0914405475427306E+030
  -6.9348803004642498E+030
  -7.8949339909881491E+030
  -8.9876988891795841E+030
  -1.0231490433312219E+031
  -1.1647147302198905E+031
  -1.3258378356415027E+031
  -1.5092157181135551E+031
  -1.7179170746185011E+031
  -1.9554329588377070E+031
  -2.2257347931763941E+031
  -2.5333403309448447E+031
  -2.8833886554775495E+031
  -3.2817254511174728E+031
  -3.7349999492689181E+031
  -4.2507751438552045E+031
  -4.8376530875998114E+031
  -5.5054173270917658E+031
  -6.2651948145808733E+031
  -7.1296399523947622E+031
  -8.1131437869046671E+031
  -9.2320717789067217E+031
  -1.0505034042727958E+032
  -1.1953192474795176E+032
  -1.3600609792308249E+032
  -1.5474646183663885E+032
  -1.7606410045297747E+032
  -2.0031270157030983E+032
  -2.2789437643856712E+032
  -2.5926627202295451E+032
  -2.9494808352024895E+032
  -3.3553058928896684E+032
  -3.8168534686868071E+032
  -4.3417570750066316E+032
  -4.9386932781935659E+032
  -5.6175238149920525E+032
  -6.3894570099630529E+032
  -7.2672311055209172E+032
  -8.2653224681733752E+032
  -9.4001820336461510E+032
  -1.0690503806152336E+033
  -1.2157529740249829E+033
  -1.3825395915585780E+033
  -1.5721525574488549E+033
  -1.7877075340175685E+033
  -2.0327441781004714E+033
  -2.3112836446948588E+033
  -2.6278938593319795E+033
  -2.9877636040657692E+033
  -3.3967866017821479E+033
  -3.8616569419403701E+033
  -4.3899773703146422E+033
  -4.9903821685869866E+033
  -5.6726765798903778E+033
  -6.4479949971638268E+033
  -7.3289804264702188E+033
  -8.3299880717776628E+033
  -9.4673162662397327E+033
  -1.0759468403518353E+034
  -1.2227450007714764E+034
  -1.3895105629395179E+034
  -1.5789500876358858E+034
  -1.7941355590614443E+034
  -2.0385534978135134E+034
  -2.3161606397351506E+034
  -2.6314470529549126E+034
  -2.9895076804637427E+034
  -3.3961234256370956E+034
  -3.8578530451455517E+034
  -4.3821372798956825E+034
  -4.9774168424726086E+034
  -5.6532660917974976E+034
  -6.4205444654998793E+034
  -7.2915680113644270E+034
  -8.2803036651171594E+034
  -9.4025892672385969E+034
  -1.0676382701462748E+035
  -1.2122043977801468E+035
  -1.3762654579689036E+035
  -1.5624378955328118E+035
  -1.7736873665577613E+035
  -2.0133750413790205E+035
  -2.2853099987028820E+035
  -2.5938085044456300E+035
  -2.9437610710181777E+035
  -3.3407083078796032E+035
  -3.7909267038307290E+035
  -4.3015256275209733E+035
  -4.8805569970151352E+035
  -5.5371392542699735E+035
  -6.2815974885303290E+035
  -7.1256217867968195E+035
  -8.0824461528000840E+035
  -9.1670506318674870E+035
  -1.0396389611624432E+036
  -1.1789649642025639E+036
  -1.3368540537656776E+036
  -1.5157623996035406E+036
  -1.7184684493838619E+036
  -1.9481147815337896E+036
  -2.2082553231321664E+036
  -2.5029086090745904E+036
  -2.8366178420488366E+036
  -3.2145186061094992E+036
  -3.6424151909580361E+036
  -4.1268666006636250E+036
  -4.6752834508752979E+036
  -5.2960371040892763E+036
  -5.9985825549098002E+036
  -6.7935967583008776E+036
  -7.6931342955668103E+036
  -8.7108024974021370E+036
  -9.8619583931928171E+036
  -1.1163930133411843E+037
  -1.2636265840230235E+037
  -1.4301013183376258E+037
  -1.6183033357065825E+037
  -1.8310353552966209E+037
  -2.0714562487337600E+037
  -2.3431254051629971E+037
  -2.6500524718998204E+037
  -2.9967530958705552E+037
  -3.3883113590607857E+037
  -3.8304496757310964E+037
  -4.3296070006622194E+037
  -4.8930262865912385E+037
  -5.5288522257058100E+037
  -6.2462404149414213E+037
  -7.0554791981805587E+037
  -7.9681255604934600E+037
  -8.9971565803724979E+037
  -1.0157138085410756E+038
  -1.1464412304750594E+038
  -1.2937306467279834E+038
  -1.4596364457009041E+038
  -1.6464603804876292E+038
  -1.8567800467352254E+038
  -2.0934804013865160E+038
  -2.3597886013506289E+038
  -2.6593124571826307E+038
  -2.9960828114473163E+038
  -3.3746001637867079E+038
  -3.7998858737799225E+038
  -4.2775382771853290E+038
  -4.8137940494692945E+038
  -5.4155951406350771E+038
  -6.0906615847636005E+038
  -6.8475704532639953E+038
  -7.6958411687795073E+038
  -8.6460273222931936E+038
  -9.7098150334402344E+038
  -1.0900127756260343E+039
  -1.2231237250916983E+039
  -1.3718880205624989E+039
  -1.5380379689145838E+039
  -1.7234770226815764E+039
  -1.9302924802717618E+039
  -2.1607681473526288E+039
  -2.4173966506702475E+039
  -2.7028909991568606E+039
  -3.0201948672934003E+039
  -3.3724909270173159E+039
  -3.7632063704862122E+039
  -4.1960145387361573E+039
  -4.6748312909029079E+039
  -5.2038044031478686E+039
  -5.7872938609048387E+039
  -6.4298403842346759E+039
  -7.1361188813329824E+039
  -7.9108727316002112E+039
  -8.7588238224577779E+039
  -9.6845520601641298E+039
  -1.0692336590558985E+040
  -1.1785949133921413E+040
  -1.2968387575108188E+040
  -1.4241535150651489E+040
  -1.5605727106249334E+040
  -1.7059202394271510E+040
  -1.8597412630631669E+040
  -2.0212153866281621E+040
  -2.1890478410806470E+040
  -2.3613333540974813E+040
  -2.5353860882155165E+040
  -2.7075273856461230E+040
  -2.8728209939045628E+040
  -3.0247428385637596E+040
  -3.1547691092582781E+040
  -3.2518622412767027E+040
  -3.3018290664448092E+040
  -3.2865186787332262E+040
  -3.1828190832788472E+040
  -2.9614012215546739E+040
  -2.5851468351660900E+040
  -2.0071865393861500E+040
  -1.1684961997403992E+040
  -1.0611107047324470E+036
