   0.0000000000000000     
  -1.1011010049952404E-016
  -2.2233096075516790E-016
  -3.3881375750318778E-016
  -4.6179131503331874E-016
  -5.9362090298647149E-016
  -7.3682941759732334E-016
  -8.9416181228717636E-016
  -1.0686337057350329E-015
  -1.2635891755622295E-015
  -1.4827648450900319E-015
  -1.7303614911722358E-015
  -2.0111245451744552E-015
  -2.3304350295274946E-015
  -2.6944126721865905E-015
  -3.1100331746099402E-015
  -3.5852618799966464E-015
  -4.1292064026887438E-015
  -4.7522911428612130E-015
  -5.4664570298543264E-015
  -6.2853903207734656E-015
  -7.2247848375481475E-015
  -8.3026426661637164E-015
  -9.5396190785229545E-015
  -1.0959418284470256E-014
  -1.2589247595140538E-014
  -1.4460338697624508E-014
  -1.6608546026397433E-014
  -1.9075033693657360E-014
  -2.1907064136939453E-014
  -2.5158903590598427E-014
  -2.8892861725288372E-014
  -3.3180485369266425E-014
  -3.8103929176410430E-014
  -4.3757529494781118E-014
  -5.0249611581268985E-014
  -5.7704564776865052E-014
  -6.6265225388955442E-014
  -7.6095612920025609E-014
  -8.7384072049107539E-014
  -1.0034688054277960E-013
  -1.1523239219531656E-013
  -1.3232579414352638E-013
  -1.5195456966707530E-013
  -1.7449477109495243E-013
  -2.0037822295181774E-013
  -2.3010079329131881E-013
  -2.6423189161809783E-013
  -3.0342537528774198E-013
  -3.4843207324402450E-013
  -4.0011416692176801E-013
  -4.5946170370441449E-013
  -5.2761155915867814E-013
  -6.0586921115619438E-013
  -6.9573374283143930E-013
  -7.9892655314703746E-013
  -9.1742432482535101E-013
  -1.0534968809178255E-012
  -1.2097506548813175E-012
  -1.3891786065051642E-012
  -1.5952175394413569E-012
  -1.8318139177950451E-012
  -2.1034994419461230E-012
  -2.4154778306093380E-012
  -2.7737244706763417E-012
  -3.1851008427247021E-012
  -3.6574859129410659E-012
  -4.1999270070023268E-012
  -4.8228130544062565E-012
  -5.5380735199794883E-012
  -6.3594068310119596E-012
  -7.3025426730838458E-012
  -8.3855431759693438E-012
  -9.6291487554290543E-012
  -1.1057175231485717E-011
  -1.2696969825275073E-011
  -1.4579934763557699E-011
  -1.6742128514035965E-011
  -1.9224956160506505E-011
  -2.2075962133027239E-011
  -2.5349740467337772E-011
  -2.9108980017230815E-011
  -3.3425664626474593E-011
  -3.8382451232655870E-011
  -4.4074252280699645E-011
  -5.0610052733985441E-011
  -5.8114996460738711E-011
  -6.6732781928636300E-011
  -7.6628413059965611E-011
  -8.7991357896475897E-011
  -1.0103917552729979E-010
  -1.1602168069432079E-010
  -1.3322572577856154E-010
  -1.5298069168542514E-010
  -1.7566479271196200E-010
  -2.0171231605528582E-010
  -2.3162193450580829E-010
  -2.6596625140425206E-010
  -3.0540276052028589E-010
  -3.5068643058417384E-010
  -4.0268415528896216E-010
  -4.6239134527410298E-010
  -5.3095097958482940E-010
  -6.0967548115902276E-010
  -7.0007183492489598E-010
  -8.0387042913209955E-010
  -9.2305817177252577E-010
  -1.0599165157376882E-009
  -1.2170651202715369E-009
  -1.3975119841071920E-009
  -1.6047110094857926E-009
  -1.8426280984135080E-009
  -2.1158170457376729E-009
  -2.4295066810368299E-009
  -2.7897009265065696E-009
  -3.2032936850989513E-009
  -3.6782007568633064E-009
  -4.2235113071657863E-009
  -4.8496617844635084E-009
  -5.5686356147288605E-009
  -6.3941924926725556E-009
  -7.3421316560291932E-009
  -8.4305941791721291E-009
  -9.6804100686452901E-009
  -1.1115496800109448E-008
  -1.2763316920085419E-008
  -1.4655403465549953E-008
  -1.6827963251502917E-008
  -1.9322569565877684E-008
  -2.2186957521086052E-008
  -2.5475937274768894E-008
  -2.9252442586501976E-008
  -3.3588734765382146E-008
  -3.8567785035076812E-008
  -4.4284861754874480E-008
  -5.0849352852757958E-008
  -5.8386858324431148E-008
  -6.7041592816555763E-008
  -7.6979144241925550E-008
  -8.8389641182279737E-008
  -1.0149138965108064E-007
  -1.1653504876328223E-007
  -1.3380842516345953E-007
  -1.5364197789462986E-007
  -1.7641513897383540E-007
  -2.0256357053672564E-007
  -2.3258749732010126E-007
  -2.6706127381093724E-007
  -3.0664436899577168E-007
  -3.5209397874672191E-007
  -4.0427950699779081E-007
  -4.6419919259231142E-007
  -5.3299919970219293E-007
  -6.1199553681606832E-007
  -7.0269922336662423E-007
  -8.0684518515074111E-007
  -9.2642543097610855E-007
  -1.0637271448069267E-006
  -1.2213764216431849E-006
  -1.4023884832484578E-006
  -1.6102253337017767E-006
  -1.8488619569568796E-006
  -2.1228623218644755E-006
  -2.4374666475700767E-006
  -2.7986915974234842E-006
  -3.2134453166386913E-006
  -3.6896595126464315E-006
  -4.2364411028066879E-006
  -4.8642463281189000E-006
  -5.5850806609287071E-006
  -6.4127283275854518E-006
  -7.3630158329726898E-006
  -8.4541145236279575E-006
  -9.7068879722023665E-006
  -1.1145290822538456E-005
  -1.2796826718029374E-005
  -1.4693074064951109E-005
  -1.6870289678700497E-005
  -1.9370101849088180E-005
  -2.2240306069456791E-005
  -2.5535778636059900E-005
  -2.9319525576319128E-005
  -3.3663886950296079E-005
  -3.8651919538364140E-005
  -4.4378984336347174E-005
  -5.0954569192408898E-005
  -5.8504381412468308E-005
  -6.7172750318690642E-005
  -7.7125385667170174E-005
  -8.8552544629380713E-005
  -1.0167266784716284E-004
  -1.1673655403201281E-004
  -1.3403215286737481E-004
  -1.5389006778399140E-004
  -1.7668987373870314E-004
  -2.0286737069536855E-004
  -2.3292291138010015E-004
  -2.6743096240309719E-004
  -3.0705108139785035E-004
  -3.5254051987525166E-004
  -4.0476869254163012E-004
  -4.6473378947885485E-004
  -5.3358184851210627E-004
  -6.1262865207816256E-004
  -7.0338486685123862E-004
  -8.0758490631449402E-004
  -9.2722006756573412E-004
  -1.0645765752730109E-003
  -1.2222792594082169E-003
  -1.4033417009734273E-003
  -1.6112238034496555E-003
  -1.8498978894987727E-003
  -2.1239245852436492E-003
  -2.4385399413467687E-003
  -2.7997554546713979E-003
  -3.2144729006375978E-003
  -3.6906161691800448E-003
  -4.2372826218737471E-003
  -4.8649168605143234E-003
  -5.5855102253357528E-003
  -6.4128298322876122E-003
  -7.3626815227517779E-003
  -8.4532117465191160E-003
  -9.7052541421265570E-003
  -1.1142727431959862E-002
  -1.2793092229142265E-002
  -1.4687875477849567E-002
  -1.6863272539780032E-002
  -1.9360838421701158E-002
  -2.2228281340579914E-002
  -2.5520373776248679E-002
  -2.9299998404142456E-002
  -3.3639348875155586E-002
  -3.8621308365234225E-002
  -4.4341032210337861E-002
  -5.0907764837610864E-002
  -5.8446925675322600E-002
  -6.7102503857681475E-002
  -7.7039807433947685E-002
  -8.8448619556797767E-002
 -0.10154682189170687     
 -0.11658455440538366     
 -0.13384899092711972     
 -0.15366982162756462     
 -0.17642554704907426     
 -0.20255070380772752     
 -0.23254415986477389     
 -0.26697863767376651     
 -0.30651164693824284     
 -0.35189803561041699     
 -0.40400439863694382     
 -0.46382561940230760     
 -0.53250385950980306     
 -0.61135035925045322     
 -0.70187046473241677     
 -0.80579235920011238     
 -0.92510004673739465     
  -1.0620712176702656     
  -1.2193207181087846     
  -1.3998504529709010     
  -1.6071066745513998     
  -1.8450457495771722     
  -2.1182096594118667     
  -2.4318126737223018     
  -2.7918408510356865     
  -3.2051662642641090     
  -3.6796781301154531     
  -4.2244333437023975     
  -4.8498292897499340     
  -5.5678022266426481     
  -6.3920550272450898     
  -7.3383186202693498     
  -8.4246521186257866     
  -9.6717873589268422     
  -11.103524423183034     
  -12.747185685877396     
  -14.634137045560594     
  -16.800386281144625     
  -19.287269943605775     
  -22.142241881865623     
  -25.419778439375698     
  -29.182417582318902     
  -33.501951773752097     
  -38.460797339112588     
  -44.153566433155518     
  -50.688871580699868     
  -58.191397197139281     
  -66.804277584006940     
  -76.691826736950759     
  -88.042672009595407     
  -101.07335137472475     
  -116.03244286068553     
  -133.20530488425814     
  -152.91951784472084     
  -175.55113070928766     
  -201.53183166216201     
  -231.35717950040726     
  -265.59605267519146     
  -304.90149608182855     
  -350.02317233845542     
  -401.82165486856150     
  -461.28483519933894     
  -529.54675717448652     
  -607.90923702403268     
  -697.86668131576334     
  -801.13457574398274     
  -919.68218765207871     
  -1055.7701054677898     
  -1211.9933303831288     
  -1391.3307413896257     
  -1597.2018761983406     
  -1833.5321099451728     
  -2104.8274735593841     
  -2416.2605373032688     
  -2773.7689957701841     
  -3184.1688325701343     
  -3655.2842206435607     
  -4196.0966329124676     
  -4816.9160038727632     
  -5529.5772027189032     
  -6347.6655606674440     
  -7286.7757484876065     
  -8364.8089353884679     
  -9602.3138894448930     
  -11022.878516545697     
  -12653.579295346781     
  -14525.497168191901     
  -16674.309713409726     
  -19140.970876893556     
  -21972.491208065730     
  -25222.833458952930     
  -28953.940601571787     
  -33236.915839948473     
  -38153.377086849905     
  -43797.011696757610     
  -50275.361058973700     
  -57711.869030557566     
  -66248.233211317274     
  -76047.103827888815     
  -87295.181610718428     
  -100206.77364241354     
  -115027.87487294302     
  -132040.85300239333     
  -151569.82591577084     
  -173986.83403515528     
  -199718.92508309908     
  -229256.28611532785     
  -263161.57761083485     
  -302080.64728248323     
  -346754.82752634684     
  -398035.05056261708     
  -456898.04990814521     
  -524464.95651839545     
  -602022.64349976357     
  -691048.22558838292     
  -793237.17961322539     
  -910535.62105092721     
  -1045177.3508473430     
  -1199726.3774298844     
  -1377125.7229907990     
  -1580753.4426651609     
  -1814486.9224314294     
  -2082776.6790356413     
  -2390731.0659765871     
  -2744213.4970247597     
  -3149954.0368260527     
  -3615677.4813880529     
  -4150250.3648566878     
  -4763849.6889253836     
  -5468156.5843195422     
  -6276578.5879181726     
  -7204504.7632235289     
  -8269598.5164109683     
  -9492133.6769543681     
  -10895380.234449584     
  -12506047.067383002     
  -14354790.083156198     
  -16476795.432272077     
  -18912448.886843834     
  -21708104.111625850     
  -24916964.435709663     
  -28600094.890598018     
  -32827583.756558154     
  -37679875.701007821     
  -43249301.854192831     
  -49641835.910535268     
  -56979109.639872603     
  -65400726.122975595     
  -75066914.683876410     
  -86161577.985133454     
  -98895789.204544425     
  -113511805.76454012     
  -130287675.90098558     
  -149542525.62279764     
  -171642626.54158598     
  -197008359.88694507     
  -226122209.04980141     
  -259537932.53667948     
  -297891091.64292413     
  -341911132.88860726     
  -392435254.79568708     
  -450424322.47972935     
  -516981132.42763638     
  -593371374.47283196     
  -681047689.20863986     
  -781677277.87167048     
  -897173589.19587004     
  -1029732685.1651467     
  -1181874976.4478092     
  -1356493120.2658806     
  -1556906990.4720178     
  -1786926763.8970933     
  -2050925321.1410255     
  -2353921336.8326683     
  -2701674637.3374991     
  -3100795636.7955461     
  -3558870929.6457458     
  -4084607424.5078673     
  -4687997756.2685957     
  -5380510117.1320810     
  -6175306110.9100008     
  -7087490766.7350998     
  -8134399458.7755108     
  -9335927178.9833336     
  -10714906413.716507     
  -12297540797.473797     
  -14113902775.473707     
  -16198504721.464199     
  -18590954351.007137     
  -21336706869.972736     
  -24487928133.436237     
  -28104485196.396553     
  -32255083054.672176     
  -37018569147.799751     
  -42485430378.350723     
  -48759511054.129829     
  -55959984350.462799     
  -64223614698.664246     
  -73707354024.961227     
  -84591321096.232941     
  -97082220494.937164     
  -111417266083.24789     
  -127868683383.75198     
  -146748876282.36523     
  -168416356056.48621     
  -193282545186.53391     
  -221819584995.83249     
  -254569295196.60968     
  -292153455259.29828     
  -335285602582.16071     
  -384784571193.27716     
  -441590027711.92157     
  -506780299156.35608     
  -581592830627.30151     
  -667447660743.68933     
  -765974359903.94946     
  -879042942075.39062     
  -1008799336119.1581     
  -1157706089065.0190     
  -1328589072895.1633     
  -1524691080156.8159     
  -1749733324253.9265     
  -2007986010040.0818     
  -2304349312183.9341     
  -2644446295958.4258     
  -3034729541349.0391     
  -3482603490967.1978     
  -3996564840107.0347     
  -4586363629035.0117     
  -5263188089721.2666     
  -6039876749130.7148     
  -6931161807406.1465     
  -7953948401564.2617     
  -9127635044897.6543     
  -10474481311990.910     
  -12020029733871.408     
  -13793589894252.549     
  -15828793895509.428     
  -18164233714235.910     
  -20844192516529.961     
  -23919483781869.055     
  -27448414125216.133     
  -31497888048441.203     
  -36144675538541.289     
  -41476866512300.469     
  -47595539643243.719     
  -54616677163876.258     
  -62673361890986.953     
  -71918298062246.828     
  -82526703699431.297     
  -94699629243181.031     
  -108667765269195.52     
  -124695811348589.53     
  -143087488730755.28     
  -164191291706120.78     
  -188407086478890.16     
  -216193682410278.50     
  -248077518883888.34     
  -284662632144275.56     
  -326642090666143.12     
  -374811115382393.88     
  -430082132959197.69     
  -493502046857248.88     
  -566272052851060.38     
  -649770373784642.00     
  -745578343531011.50     
  -855510333437169.62     
  -981648087171357.75     
  -1126380113217460.5     
  -1292446879856072.5     
  -1482992667138320.2     
  -1701625056167903.5     
  -1952483180334645.8     
  -2240316028714197.2     
  -2570572281789463.5     
  -2949503377545734.0     
  -3384281755956787.5     
  -3883136516631966.5     
  -4455509053346907.0     
  -5112231606542096.0     
  -5865732107765572.0     
  -6730269186628465.0     
  -7722201780505605.0     
  -8860298440697391.0     
  -10166092178403474.     
  -11664287553786964.     
  -13383227697852826.     
  -15355430088434676.     
  -17618201199625364.     
  -20214341632981916.     
  -23192955046868228.     
  -26610376159581504.     
  -30531235349389352.     
  -35029679952663828.     
  -40190775318547144.     
  -46112112070777888.     
  -52905649918399016.     
  -60699832820412592.     
  -69642015429177272.     
  -79901246609962736.     
  -91671462570267648.     
  -1.0517514985922362E+017
  -1.2066754736025941E+017
  -1.3844146656619181E+017
  -1.5883282108659469E+017
  -1.8222696971237075E+017
  -2.0906599270389258E+017
  -2.3985703856589101E+017
  -2.7518189875592064E+017
  -3.1570799092388378E+017
  -3.6220095783376723E+017
  -4.1553911957550995E+017
  -4.7673005160831181E+017
  -5.4692960124449043E+017
  -6.2746370113961229E+017
  -7.1985339106526950E+017
  -8.2584351969785050E+017
  -9.4743566749799488E+017
  -1.0869259112863005E+018
  -1.2469481423381171E+018
  -1.4305237544405837E+018
  -1.6411186383471813E+018
  -1.8827085566868298E+018
  -2.1598541312253056E+018
  -2.4777868554060436E+018
  -2.8425077527207398E+018
  -3.2609005395830917E+018
  -3.7408614244803348E+018
  -4.2914479883933271E+018
  -4.9230499506970665E+018
  -5.6475850367346432E+018
  -6.4787236357451336E+018
  -7.4321464797031066E+018
  -8.5258401950814495E+018
  -9.7804362922620948E+018
  -1.1219599974687621E+019
  -1.2870476087232659E+019
  -1.4764200598294419E+019
  -1.6936487242957466E+019
  -1.9428300368444830E+019
  -2.2286626644489351E+019
  -2.5565360160707265E+019
  -2.9326317565460165E+019
  -3.3640402346105254E+019
  -3.8588940154886619E+019
  -4.4265210300677546E+019
  -5.0776202214736339E+019
  -5.8244629927832723E+019
  -6.6811242445941654E+019
  -7.6637473473233453E+019
  -8.7908480308710949E+019
  -1.0083662905626334E+020
  -1.1566549167437896E+020
  -1.3267443000867024E+020
  -1.5218385297816565E+020
  -1.7456124573193136E+020
  -2.0022808409323821E+020
  -2.2966776423620831E+020
  -2.6343469660654944E+020
  -3.0216473496122163E+020
  -3.4658713647168638E+020
  -3.9753827758187636E+020
  -4.5597738327418215E+020
  -5.2300456519255602E+020
  -5.9988150740981475E+020
  -6.8805518831871695E+020
  -7.8918508410475538E+020
  -9.0517436459064413E+020
  -1.0382056671524139E+021
  -1.1907821202984356E+021
  -1.3657743869846980E+021
  -1.5664746106571213E+021
  -1.7966582764796324E+021
  -2.0606551486499154E+021
  -2.3634306149030707E+021
  -2.7106789644437967E+021
  -3.1089303492837004E+021
  -3.5656734354804850E+021
  -4.0894960448817815E+021
  -4.6902464251729302E+021
  -5.3792181726256709E+021
  -6.1693622751775854E+021
  -7.0755302516334432E+021
  -8.1147529453760886E+021
  -9.3065601989045020E+021
  -1.0673347401272997E+022
  -1.2240795778409627E+022
  -1.4038354302760080E+022
  -1.6099792252554535E+022
  -1.8463832773800720E+022
  -2.1174879314594394E+022
  -2.4283848539853581E+022
  -2.7849125327615597E+022
  -3.1937657732829771E+022
  -3.6626212423823159E+022
  -4.2002814099244871E+022
  -4.8168395835395065E+022
  -5.5238691259707493E+022
  -6.3346403969469103E+022
  -7.2643694800090234E+022
  -8.3305033491195519E+022
  -9.5530468112451332E+022
  -1.0954937342156316E+023
  -1.2562474828003622E+023
  -1.4405814251517130E+023
  -1.6519530538085450E+023
  -1.8943266125446941E+023
  -2.1722473366425244E+023
  -2.4909265645892128E+023
  -2.8563393123984063E+023
  -3.2753361345402662E+023
  -3.7557713622792327E+023
  -4.3066501160448504E+023
  -4.9382968389969528E+023
  -5.6625485007249841E+023
  -6.4929760805288222E+023
  -7.4451384675448348E+023
  -8.5368735199383670E+023
  -9.7886317187502372E+023
  -1.1223858646672494E+024
  -1.2869433432835297E+024
  -1.4756171348569111E+024
  -1.6919399935496437E+024
  -1.9399619418472486E+024
  -2.2243259727350938E+024
  -2.5503548252539188E+024
  -2.9241504523332226E+024
  -3.3527080363468960E+024
  -3.8440466789232356E+024
  -4.4073592022125355E+024
  -5.0531838548459504E+024
  -5.7936011238277329E+024
  -6.6424593211728324E+024
  -7.6156331499223570E+024
  -8.7313200681966398E+024
  -1.0010379973586722E+025
  -1.1476724536510275E+025
  -1.3157763435141914E+025
  -1.5084915803328103E+025
  -1.7294196416170511E+025
  -1.9826887528230442E+025
  -2.2730308872373463E+025
  -2.6058700152699172E+025
  -2.9874232456653615E+025
  -3.4248167408101340E+025
  -3.9262185629291481E+025
  -4.5009909226210750E+025
  -5.1598646617114252E+025
  -5.9151392154894556E+025
  -6.7809117726949392E+025
  -7.7733398939045473E+025
  -8.9109424702816276E+025
  -1.0214944616506879E+026
  -1.1709672907284058E+026
  -1.3423008301216806E+026
  -1.5386905166378336E+026
  -1.7637986048360608E+026
  -2.0218223226691048E+026
  -2.3175719715240898E+026
  -2.6565604206398945E+026
  -3.0451056571455996E+026
  -3.4904482949906580E+026
  -4.0008862232971385E+026
  -4.5859288922826732E+026
  -5.2564740987495074E+026
  -6.0250105499330568E+026
  -6.9058499619523097E+026
  -7.9153929960224342E+026
  -9.0724339620762654E+026
  -1.0398509937061988E+027
  -1.1918300767184862E+027
  -1.3660087364910588E+027
  -1.5656276790017954E+027
  -1.7944003839272454E+027
  -2.0565820284171017E+027
  -2.3570484516768396E+027
  -2.7013866219710361E+027
  -3.0959982802475053E+027
  -3.5482186780631338E+027
  -4.0664526063513128E+027
  -4.6603302309438103E+027
  -5.3408856165272707E+027
  -6.1207612396092144E+027
  -7.0144422707998477E+027
  -8.0385249561105679E+027
  -9.2120240561341264E+027
  -1.0556725022475104E+028
  -1.2097587415889979E+028
  -1.3863207015439469E+028
  -1.5886345149915156E+028
  -1.8204535021755001E+028
  -2.0860776212364409E+028
  -2.3904330182261770E+028
  -2.7391631439591399E+028
  -3.1387331180431567E+028
  -3.5965492643048663E+028
  -4.1210960210544661E+028
  -4.7220927493418027E+028
  -5.4106733284019846E+028
  -6.1995918465825489E+028
  -7.1034581758646413E+028
  -8.1390077674267719E+028
  -9.3254106346110922E+028
  -1.0684625209652157E+029
  -1.2241803584794160E+029
  -1.4025755592035273E+029
  -1.6069480255956843E+029
  -1.8410774390672532E+029
  -2.1092929527472599E+029
  -2.4165529980109062E+029
  -2.7685366709470244E+029
  -3.1717483772501931E+029
  -3.6336376570408638E+029
  -4.1627363892765778E+029
  -4.7688158937942742E+029
  -5.4630668134247892E+029
  -6.2583050756900950E+029
  -7.1692077109337004E+029
  -8.2125828500424514E+029
  -9.4076788501447708E+029
  -1.0776538212200440E+030
  -1.2344402773254719E+030
  -1.4140177593214644E+030
  -1.6196962028362463E+030
  -1.8552657710949149E+030
  -2.1250664558413512E+030
  -2.4340677542564075E+030
  -2.7879598787623931E+030
  -3.1932581669755082E+030
  -3.6574225997727199E+030
  -4.1889946108445348E+030
  -4.7977536862045593E+030
  -5.4948966126326745E+030
  -6.2932426464735674E+030
  -7.2074683460668386E+030
  -8.2543763508922545E+030
  -9.4532030080432860E+030
  -1.0825970453065400E+031
  -1.2397889560286714E+031
  -1.4197821102133981E+031
  -1.6258803514266905E+031
  -1.8618656872773580E+031
  -2.1320674072980409E+031
  -2.4414411781600406E+031
  -2.7956595543508438E+031
  -3.2012155494010802E+031
  -3.6655411494358912E+031
  -4.1971429215069320E+031
  -4.8057571787079192E+031
  -5.5025275180581608E+031
  -6.3002079519204781E+031
  -7.2133953165780570E+031
  -8.2587951708441494E+031
  -9.4555260027223324E+031
  -1.0825467254033374E+032
  -1.2393657463988095E+032
  -1.4188749737095687E+032
  -1.6243532774758547E+032
  -1.8595526891933642E+032
  -2.1287665791492608E+032
  -2.4369076413558558E+032
  -2.7895970942751318E+032
  -3.1932667074481443E+032
  -3.6552754948234464E+032
  -4.1840431792347297E+032
  -4.7892028338121052E+032
  -5.4817754504948125E+032
  -6.2743695793800169E+032
  -7.1814096323988716E+032
  -8.2193969587581472E+032
  -9.4072083868607846E+032
  -1.0766437598455323E+033
  -1.2321785467476363E+033
  -1.4101506372029169E+033
  -1.6137918488772720E+033
  -1.8467987222298337E+033
  -2.1133992228228460E+033
  -2.4184289980779584E+033
  -2.7674185539822109E+033
  -3.1666929119134898E+033
  -3.6234855280955610E+033
  -4.1460685121286849E+033
  -4.7439014710486277E+033
  -5.4278016365516901E+033
  -6.2101383112135961E+033
  -7.1050551013746244E+033
  -8.1287238974481306E+033
  -9.2996351253886977E+033
  -1.0638929435801771E+034
  -1.2170776730949718E+034
  -1.3922809267553798E+034
  -1.5926616529456270E+034
  -1.8218310655597487E+034
  -2.0839172454429144E+034
  -2.3836389457548760E+034
  -2.7263899087767762E+034
  -3.1183351868251025E+034
  -3.5665211711976539E+034
  -4.0790012741248191E+034
  -4.6649794837170357E+034
  -5.3349743256517349E+034
  -6.1010061232613694E+034
  -6.9768108559567693E+034
  -7.9780843815978185E+034
  -9.1227613195392224E+034
  -1.0431333496783328E+035
  -1.1927213550387328E+035
  -1.3637150066869249E+035
  -1.5591701537354267E+035
  -1.7825777430992863E+035
  -2.0379255856290778E+035
  -2.3297688610369547E+035
  -2.6633105932536140E+035
  -3.0444935006730074E+035
  -3.4801048226852806E+035
  -3.9778959483140112E+035
  -4.5467189284697303E+035
  -5.1966822446403656E+035
  -5.9393285386885007E+035
  -6.7878373864197096E+035
  -7.7572566280987261E+035
  -8.8647662593669018E+035
  -1.0129979444292608E+036
  -1.1575285847928802E+036
  -1.3226243209399592E+036
  -1.5112023900280749E+036
  -1.7265924150614223E+036
  -1.9725944691906548E+036
  -2.2535452780626158E+036
  -2.5743936947156857E+036
  -2.9407867386728045E+036
  -3.3591676696456632E+036
  -3.8368877695728324E+036
  -4.3823337379105332E+036
  -5.0050728679650147E+036
  -5.7160184708958406E+036
  -6.5276183537007132E+036
  -7.4540695435367824E+036
  -8.5115628893991259E+036
  -9.7185616705555982E+036
  -1.1096118907261872E+037
  -1.2668238712248966E+037
  -1.4462287751588344E+037
  -1.6509463712455905E+037
  -1.8845328616228680E+037
  -2.1510415883180584E+037
  -2.4550921266672963E+037
  -2.8019489149240650E+037
  -3.1976107251915495E+037
  -3.6489124575864121E+037
  -4.1636409399450455E+037
  -4.7506666425215716E+037
  -5.4200934745034427E+037
  -6.1834291207370661E+037
  -7.0537787072674509E+037
  -8.0460649581727542E+037
  -9.1772784293712351E+037
  -1.0466761883959959E+038
  -1.1936533415373822E+038
  -1.3611653537283838E+038
  -1.5520642151736479E+038
  -1.7695952089736716E+038
  -2.0174506802706456E+038
  -2.2998310781804084E+038
  -2.6215142409313121E+038
  -2.9879340218259833E+038
  -3.4052694971074110E+038
  -3.8805461585556117E+038
  -4.4217506759093111E+038
  -5.0379610195022522E+038
  -5.7394939646161835E+038
  -6.5380722590882230E+038
  -7.4470140281224189E+038
  -8.4814473188775230E+038
  -9.6585530564852932E+038
  -1.0997840097399598E+039
  -1.2521456530582890E+039
  -1.4254541897733072E+039
  -1.6225625586845014E+039
  -1.8467077305807435E+039
  -2.1015616272033810E+039
  -2.3912886568585244E+039
  -2.7206107025861832E+039
  -3.0948805000467986E+039
  -3.5201644549821958E+039
  -4.0033360753782239E+039
  -4.5521813325071547E+039
  -5.1755174191390835E+039
  -5.8833265437294311E+039
  -6.6869065877163929E+039
  -7.5990406606407685E+039
  -8.6341878160926518E+039
  -9.8086974419456278E+039
  -1.1141050112359359E+040
  -1.2652127987912438E+040
  -1.4365518175094850E+040
  -1.6307852808110524E+040
  -1.8509189995012825E+040
  -2.1003440176606292E+040
  -2.3828842879595126E+040
  -2.7028499303531771E+040
  -3.0650966661417170E+040
  -3.4750920691995744E+040
  -3.9389893271577979E+040
  -4.4637092565824205E+040
  -5.0570313665400070E+040
  -5.7276948127874243E+040
  -6.4855101280824921E+040
  -7.3414826500825512E+040
  -8.3079485935068692E+040
  -9.3987247232590373E+040
  -1.0629272574426531E+041
  -1.2016878126421390E+041
  -1.3580847763114277E+041
  -1.5342721227525037E+041
  -1.7326502094590648E+041
  -1.9558906021459505E+041
  -2.2069626670188096E+041
  -2.4891618705998324E+041
  -2.8061396622364263E+041
  -3.1619347291231094E+041
  -3.5610053031992284E+041
  -4.0082620573801961E+041
  -4.5091009474835000E+041
  -5.0694351263251924E+041
  -5.6957247659039363E+041
  -6.3950032576342320E+041
  -7.1748978009816001E+041
  -8.0436418149309926E+041
  -9.0100758863300234E+041
  -1.0083633069259530E+042
  -1.1274303226545708E+042
  -1.2592569703863844E+042
  -1.4049309880484050E+042
  -1.5655648963258711E+042
  -1.7422753674864195E+042
  -1.9361549098884828E+042
  -2.1482337713243139E+042
  -2.3794294355125207E+042
  -2.6304804243036968E+042
  -2.9018602889622983E+042
  -3.1936666332599496E+042
  -3.5054787029011241E+042
  -3.8361754280914166E+042
  -4.1837037265159572E+042
  -4.5447842437335878E+042
  -4.9145383735299617E+042
  -5.2860161634837382E+042
  -5.6495993133078350E+042
  -5.9922465809772415E+042
  -6.2965400900408036E+042
  -6.5394797188835002E+042
  -6.6909582286579905E+042
  -6.7118311504652640E+042
  -6.5514716546256707E+042
  -6.1446707264666493E+042
  -5.4077074211972140E+042
  -4.2333815089388196E+042
  -2.4848457026525537E+042
  -2.2564869062297674E+038
