   0.0000000000000000     
  -1.1011010049952404E-016
  -2.2331698123387016E-016
  -3.4280447191695044E-016
  -4.7193298745402283E-016
  -6.1433403109799294E-016
  -7.7401231854219028E-016
  -9.5545839469858418E-016
  -1.1637749098575087E-015
  -1.4048201059111160E-015
  -1.6853725471408264E-015
  -2.0133217273185082E-015
  -2.3978899123404340E-015
  -2.8498914557513758E-015
  -3.3820368780082104E-015
  -4.0092902587920781E-015
  -4.7492899904811715E-015
  -5.6228447221742454E-015
  -6.6545184374798302E-015
  -7.8733211150772544E-015
  -9.3135243892499983E-015
  -1.1015625141624080E-014
  -1.3027484113990911E-014
  -1.5405671552251029E-014
  -1.8217057711481842E-014
  -2.1540692935500016E-014
  -2.5470030164537145E-014
  -3.0115552350582201E-014
  -3.5607878642130356E-014
  -4.2101436658439755E-014
  -4.9778804086214474E-014
  -5.8855841646164814E-014
  -6.9587761721961742E-014
  -8.2276303244931435E-014
  -9.7278214523646787E-014
  -1.1501528247234510E-013
  -1.3598619015913389E-013
  -1.6078053598590504E-013
  -1.9009540857111178E-013
  -2.2475498324171172E-013
  -2.6573369097054534E-013
  -3.1418361100711241E-013
  -3.7146685716511291E-013
  -4.3919386808560588E-013
  -5.1926867773469799E-013
  -6.1394243858279174E-013
  -7.2587670186208397E-013
  -8.5821823352865261E-013
  -1.0146874687716757E-012
  -1.1996830912262836E-012
  -1.4184056762301835E-012
  -1.6770038732527480E-012
  -1.9827472360751994E-012
  -2.3442305582125564E-012
  -2.7716154564872706E-012
  -3.2769159924718658E-012
  -3.8743363591290901E-012
  -4.5806701231701482E-012
  -5.4157722435399809E-012
  -6.4031171316324269E-012
  -7.5704584368060079E-012
  -8.9506090994555163E-012
  -1.0582363593621058E-011
  -1.2511588276849938E-011
  -1.4792510489040532E-011
  -1.7489242627026234E-011
  -2.0677584024627753E-011
  -2.4447151274339426E-011
  -2.8903896856058194E-011
  -3.4173086849624318E-011
  -4.0402821407992514E-011
  -4.7768196919033326E-011
  -5.6476226814774281E-011
  -6.6771659303916122E-011
  -7.8943855505611406E-011
  -9.3334921257828080E-011
  -1.1034932109923438E-010
  -1.3046524456907972E-010
  -1.5424804420501066E-010
  -1.8236612282736966E-010
  -2.1560971651557132E-010
  -2.5491310104093976E-010
  -3.0138084570654360E-010
  -3.5631885226021618E-010
  -4.2127105098666471E-010
  -4.9806278502505492E-010
  -5.8885210186466025E-010
  -6.9619039312167585E-010
  -8.2309408633562951E-010
  -9.7312940302167004E-010
  -1.1505125642975108E-009
  -1.3602282593824574E-009
  -1.6081697053312977E-009
  -1.9013042329298200E-009
  -2.2478690507794594E-009
  -2.6576026873789370E-009
  -3.1420186132839704E-009
  -3.7147287303448094E-009
  -4.3918258158678690E-009
  -5.1923356656692068E-009
  -6.1387516379008191E-009
  -7.2576666142285157E-009
  -8.5805201314358032E-009
  -1.0144481671681415E-008
  -1.1993494924313110E-008
  -1.4179512353758124E-008
  -1.6763954753564856E-008
  -1.9819436786294835E-008
  -2.3431806980146986E-008
  -2.7702559485766713E-008
  -3.2751685338710235E-008
  -3.8721043317758140E-008
  -4.5778345083391858E-008
  -5.4121866534120855E-008
  -6.3986017715511743E-008
  -7.5647927730540470E-008
  -8.9435229607448636E-008
  -1.0573526378319982E-007
  -1.2500595870332675E-007
  -1.4778869414129457E-007
  -1.7472350852518757E-007
  -2.0656707739025544E-007
  -2.4421396790121964E-007
  -2.8872176639362845E-007
  -3.4134078465250240E-007
  -4.0354917923326247E-007
  -4.7709447014516039E-007
  -5.6404262492962316E-007
  -6.6683608662122852E-007
  -7.8836237524292559E-007
  -9.3203518941187432E-007
  -1.1018902856549892E-006
  -1.3026988280098519E-006
  -1.5401013910685908E-006
  -1.8207663795837170E-006
  -2.1525773133792227E-006
  -2.5448542368473429E-006
  -3.0086154705180410E-006
  -3.5568870549668517E-006
  -4.2050685764805228E-006
  -4.9713656470257989E-006
  -5.8773011826106776E-006
  -6.9483198366320437E-006
  -8.2145025603829587E-006
  -9.7114113549761972E-006
  -1.1481087934333408E-005
  -1.3573234340209752E-005
  -1.6046608658783492E-005
  -1.8970675027548621E-005
  -2.2427554260639373E-005
  -2.6514329860703717E-005
  -3.1345774162951192E-005
  -3.7057571152107991E-005
  -4.3810126436816741E-005
  -5.1793071349927435E-005
  -6.1230587629844640E-005
  -7.2387702174609632E-005
  -8.5577728593325914E-005
  -1.0117106447328295E-004
  -1.1960559133933319E-004
  -1.4139896927295833E-004
  -1.6716317134482866E-004
  -1.9762166588932552E-004
  -2.3362972897718364E-004
  -2.7619845730926518E-004
  -3.2652315562662325E-004
  -3.8601689552474153E-004
  -4.5635018771944237E-004
  -5.3949788141239880E-004
  -6.3779460726147582E-004
  -7.5400032026839384E-004
  -8.9137778238351491E-004
  -1.0537841597507056E-003
  -1.2457793056790281E-003
  -1.4727537687501289E-003
  -1.7410801190931699E-003
  -2.0582918403190568E-003
  -2.4332948082682352E-003
  -2.8766172923018279E-003
  -3.4007054960188319E-003
  -4.0202729323508043E-003
  -4.7527134388336599E-003
  -5.6185894248788459E-003
  -6.6422090541792128E-003
  -7.8523085612310795E-003
  -9.2828588513651344E-003
  -1.0974019021440205E-002
  -1.2973263561327325E-002
  -1.5336714870179978E-002
  -1.8130718483000120E-002
  -2.1433705213821978E-002
  -2.5338392473037950E-002
  -2.9954386533873421E-002
  -3.5411258773805458E-002
  -4.1862182216465316E-002
  -4.9488230421398251E-002
  -5.8503459354054925E-002
  -6.9160914837955001E-002
  -8.1759734161438349E-002
  -9.6653541111378444E-002
 -0.11426036999692167     
 -0.13507439712580735     
 -0.15967980890756708     
 -0.18876719570449293     
 -0.22315293141432088     
 -0.26380208253593557     
 -0.31185548949083902     
 -0.36866178002628652     
 -0.43581521289427200     
 -0.51520041356519364     
 -0.60904525708398383     
 -0.71998338173305321     
 -0.85112808734134682     
  -1.0061596914501321     
  -1.1894287940716164     
  -1.4060783480448327     
  -1.6621879595210847     
  -1.9649444666940987     
  -2.3228435820172537     
  -2.7459282544953312     
  -3.2460704386386792     
  -3.8373041742101162     
  -4.5362193201251646     
  -5.3624269871467041     
  -6.3391097250566926     
  -7.4936718971871095     
  -8.8585084852140543     
  -10.471913888763899     
  -12.379156210795374     
  -14.633747161010906     
  -17.298943195863348     
  -20.449519998902908     
  -24.173870071102570     
  -28.576482262362525     
  -33.780872786710042     
  -39.933049925120116     
  -47.205609586397799     
  -55.802576587824483     
  -65.965127429309845     
  -77.978355053932049     
  -92.179265307052376     
  -108.96622934487111     
  -128.81015706969447     
  -152.26770492791286     
  -179.99688845071336     
  -212.77553734609774     
  -251.52311065419289     
  -297.32648369054544     
  -351.47042986523422     
  -415.47365210108791     
  -491.13137417220179     
  -580.56568620608641     
  -686.28505599488426     
  -811.25467473726394     
  -958.97960958620774     
  -1133.6030944233464     
  -1340.0227146819200     
  -1584.0277436937254     
  -1872.4614810015717     
  -2213.4131439779821     
  -2616.4446925682651     
  -3092.8589462521722     
  -3656.0165098398406     
  -4321.7103929265295     
  -5108.6088250730008     
  -6038.7786803793670     
  -7138.3041846537199     
  -8438.0182491667201     
  -9974.3669318778684     
  -11790.431258487970     
  -13937.135046285368     
  -16474.672587110923     
  -19474.196207961741     
  -23019.811011465561     
  -27210.932707790387     
  -32165.074625752906     
  -38021.142019101884     
  -44943.326001214904     
  -53125.706246126712     
  -62797.691456764100     
  -74230.450079036571     
  -87744.511490837715     
  -103718.75069556135     
  -122601.00831942326     
  -144920.64353691429     
  -171303.37171296068     
  -202488.80257129873     
  -239351.17036977594     
  -282923.83700470236     
  -334428.25468366628     
  -395308.19976097485     
  -467270.23702251870     
  -552331.54827472707     
  -652876.46542547585     
  -771723.29212318105     
  -912203.28627526399     
  -1078254.0164730782     
  -1274529.7080506079     
  -1506531.6704784650     
  -1780762.4603747576     
  -2104908.0993576627     
  -2488053.4518950563     
  -2940936.7972367746     
  -3476250.7274620184     
  -4108997.8013882698     
  -4856910.9179133093     
  -5740950.1852547452     
  -6785890.2052827934     
  -8021014.2247188482     
  -9480934.5983180311     
  -11206562.547093529     
  -13246254.376248425     
  -15657166.259853328     
  -18506855.540843595     
  -21875173.399180710     
  -25856501.901357181     
  -30562398.089316998     
  -36124719.166373260     
  -42699316.311011843     
  -50470400.573814854     
  -59655703.133977875     
  -70512574.436986104     
  -83345193.026761785     
  -98513085.960084021     
  -116441199.41828312     
  -137631801.53933018     
  -162678550.79769605     
  -192283123.89598706     
  -227274868.79884186     
  -268634033.24209231     
  -317519219.15982217     
  -375299831.79100937     
  -443594432.06787342     
  -524316066.16417611     
  -619725841.41973674     
  -732496248.72484231     
  -865786004.30694246     
  -1023328506.3490350     
  -1209536383.0103664     
  -1429625058.8827908     
  -1689758799.3075509     
  -1997223321.1972010     
  -2360629802.6652741     
  -2790156002.6737022     
  -3297831240.6610370     
  -3897873213.7819624     
  -4607086080.3250828     
  -5445330952.6831951     
  -6436081969.9128523     
  -7607083515.1477556     
  -8991126973.9451122     
  -10626968775.253515     
  -12560415410.705862     
  -14845605800.992317     
  -17546526900.903378     
  -20738804961.770832     
  -24511822584.088890     
  -28971220809.885479     
  -34241856278.989594     
  -40471296207.132156     
  -47833948993.055283     
  -56535946047.483818     
  -66820911456.469063     
  -78976780933.236877     
  -93343860871.147781     
  -110324353006.92198     
  -130393611208.40794     
  -154113445361.82660     
  -182147844605.05292     
  -215281559837.96405     
  -254442065431.24457     
  -300725514588.48077     
  -355427414536.77191     
  -420078879752.90771     
  -496489477467.84711     
  -586797864095.42200     
  -693531629158.69666     
  -819678020833.44971     
  -968767531594.71118     
  -1144972682150.2019     
  -1353224766931.8508     
  -1599351826779.4646     
  -1890241708135.6479     
  -2234034769677.8398     
  -2640351626458.5034     
  -3120562301490.1294     
  -3688104312693.1548     
  -4358858591596.4868     
  -5151593747400.4004     
  -6088491101191.4082     
  -7195765173666.4512     
  -8504396978817.2988     
  -10051000630257.658     
  -11878847494416.871     
  -14039076529870.346     
  -16592124657758.088     
  -19609417160064.844     
  -23175365372445.883     
  -27389727529474.875     
  -32370398772782.098     
  -38256708330292.250     
  -45213316052971.859     
  -53434817250396.570     
  -63151184566286.625     
  -74634199033254.234     
  -88205050096217.344     
  -104243317068922.64     
  -123197583100840.16     
  -145597978361288.31     
  -172071003069005.16     
  -203357044715127.75     
  -240331079126040.56     
  -284027133993626.69     
  -335667198650146.69     
  -396695388120980.94     
  -468818316322202.25     
  -554052806783461.31     
  -654782274317233.50     
  -773823353350959.50     
  -914504634957398.88     
  -1080759712958560.9     
  -1277237139290708.2     
  -1509430361269760.8     
  -1783831271684201.0     
  -2108111662359620.5     
  -2491337651411109.5     
  -2944223075599530.5     
  -3479428927762766.5     
  -4111917205603966.5     
  -4859369058107913.0     
  -5742678911971042.0     
  -6786538382826875.0     
  -8020126283993174.0     
  -9477924008990386.0     
  -11200679065932498.     
  -13236543679849260.     
  -15642420268599178.     
  -18485551375794116.     
  -21845398471390672.     
  -25815862097917052.     
  -30507905372918504.     
  -36052654122240136.     
  -42605060228671352.     
  -50348230507800184.     
  -59498542006687040.     
  -70311686579905240.     
  -83089813544543280.     
  -98189969875151152.     
  -1.1603407362707554E+017
  -1.3712069908327842E+017
  -1.6203900270027606E+017
  -1.9148517869489123E+017
  -2.2628190373300714E+017
  -2.6740131362520272E+017
  -3.1599215353059840E+017
  -3.7341185967077901E+017
  -4.4126446821111994E+017
  -5.2144540961825152E+017
  -6.1619443898809523E+017
  -7.2815817992114752E+017
  -8.6046402783617011E+017
  -1.0168074756460492E+018
  -1.2015552993150830E+018
  -1.4198674834257595E+018
  -1.6778412898525670E+018
  -1.9826814905593024E+018
  -2.3429015156415560E+018
  -2.7685611303932283E+018
  -3.2715472744473129E+018
  -3.8659059003565660E+018
  -4.5682340719290568E+018
  -5.3981432639035372E+018
  -6.3788067910298399E+018
  -7.5376066417100882E+018
  -8.9068977645119703E+018
  -1.0524911132419715E+019
  -1.2436820781010493E+019
  -1.4696004590784459E+019
  -1.7365533988176812E+019
  -2.0519934125027156E+019
  -2.4247263640506798E+019
  -2.8651572023048122E+019
  -3.3855803121189618E+019
  -4.0005225795048145E+019
  -4.7271487401235448E+019
  -5.5857403173269119E+019
  -6.6002615081072435E+019
  -7.7990277999047737E+019
  -9.2154959658271293E+019
  -1.0889197470304153E+020
  -1.2866841315863085E+020
  -1.5203617086010494E+020
  -1.7964734520813424E+020
  -2.1227242556235783E+020
  -2.5082178549379691E+020
  -2.9637107616617595E+020
  -3.5019122886678276E+020
  -4.1378390319098403E+020
  -4.8892336918072079E+020
  -5.7770599105566002E+020
  -6.8260869205280830E+020
  -8.0655803020927605E+020
  -9.5301181065723852E+020
  -1.1260555093886112E+021
  -1.3305161962225258E+021
  -1.5720971323696635E+021
  -1.8575367941176930E+021
  -2.1947967548089382E+021
  -2.5932836614029081E+021
  -3.0641114919086252E+021
  -3.6204114022926548E+021
  -4.2776977973744412E+021
  -5.0543008266353335E+021
  -5.9718773564118957E+021
  -7.0560146561482422E+021
  -8.3369436191210865E+021
  -9.8503813892383766E+021
  -1.1638526870101172E+022
  -1.3751236850866249E+022
  -1.6247415514107950E+022
  -1.9196656033902059E+022
  -2.2681179993184334E+022
  -2.6798128643510286E+022
  -3.1662269828532665E+022
  -3.7409195967547364E+022
  -4.4199102169509611E+022
  -5.2221249701569588E+022
  -6.1699239118991817E+022
  -7.2897239906377422E+022
  -8.6127350110744327E+022
  -1.0175829090629779E+023
  -1.2022567819403527E+023
  -1.4204415724074074E+023
  -1.6782173822293624E+023
  -1.9827673180487274E+023
  -2.3425775625008853E+023
  -2.7676737305678144E+023
  -3.2699000909648054E+023
  -3.8632494253252511E+023
  -4.5642527071805882E+023
  -5.3924394474239042E+023
  -6.3708815193978341E+023
  -7.5268355996517909E+023
  -8.8925021043728585E+023
  -1.0505921742817759E+024
  -1.2412034637896452E+024
  -1.4663931486850025E+024
  -1.7324331577486531E+024
  -2.0467328786234971E+024
  -2.4180454138809960E+024
  -2.8567112319797717E+024
  -3.3749459918776416E+024
  -3.9871805486817847E+024
  -4.7104625989914301E+024
  -5.5649311388435447E+024
  -6.5743769320625286E+024
  -7.7669045786190447E+024
  -9.1757145977947989E+024
  -1.0840027278044033E+025
  -1.2806173987175224E+025
  -1.5128886292381365E+025
  -1.7872818739096899E+025
  -2.1114347633457789E+025
  -2.4943695845767242E+025
  -2.9467442714987585E+025
  -3.4811488838658109E+025
  -4.1124558176142220E+025
  -4.8582334826948585E+025
  -5.7392349484862290E+025
  -6.7799751402690194E+025
  -8.0094126310210153E+025
  -9.4617549792829382E+025
  -1.1177409996765915E+026
  -1.3204109384049614E+026
  -1.5598235961746087E+026
  -1.8426391380851095E+026
  -2.1767247876719180E+026
  -2.5713735521658855E+026
  -3.0375625750605194E+026
  -3.5882582941397534E+026
  -4.2387768831410991E+026
  -5.0072099906508207E+026
  -5.9149276032655492E+026
  -6.9871720018383496E+026
  -8.2537593091959437E+026
  -9.7499081152648389E+026
  -1.1517218193979106E+027
  -1.3604826493566476E+027
  -1.6070772503445346E+027
  -1.8983610913559859E+027
  -2.2424316346789510E+027
  -2.6488533052529588E+027
  -3.1289232024543895E+027
  -3.6959849314328720E+027
  -4.3657992666138090E+027
  -5.1569819371892581E+027
  -6.0915206870826152E+027
  -7.1953859616449167E+027
  -8.4992521712196826E+027
  -1.0039349549731436E+028
  -1.1858470249672992E+028
  -1.4007156593738003E+028
  -1.6545104456487528E+028
  -1.9542820716927269E+028
  -2.3083580770116087E+028
  -2.7265740408253421E+028
  -3.2205466209756459E+028
  -3.8039960181004758E+028
  -4.4931268101322985E+028
  -5.3070777207176214E+028
  -6.2684527964927266E+028
  -7.4039487252404675E+028
  -8.7450956923258140E+028
  -1.0329132320300037E+029
  -1.2200038953361619E+029
  -1.4409757937415158E+029
  -1.7019634729339443E+029
  -2.0102119789299485E+029
  -2.3742778437000186E+029
  -2.8042664386803826E+029
  -3.3121122753916326E+029
  -3.9119100223396520E+029
  -4.6203054124994748E+029
  -5.4569568748762417E+029
  -6.4450806828269942E+029
  -7.6120947252410460E+029
  -8.9903787383428957E+029
  -1.0618172061398643E+030
  -1.2540633788233582E+030
  -1.4811094683592502E+030
  -1.7492535543424808E+030
  -2.0659332948064557E+030
  -2.4399320760454491E+030
  -2.8816224462822356E+030
  -3.4032535746343166E+030
  -4.0192906954775420E+030
  -4.7468159371871440E+030
  -5.6060016331437387E+030
  -6.6206692188033882E+030
  -7.8189491870087134E+030
  -9.2340603700415956E+030
  -1.0905230118491617E+031
  -1.2878780845103201E+031
  -1.5209413004113632E+031
  -1.7961720010405415E+031
  -2.1211977018238791E+031
  -2.5050253053686775E+031
  -2.9582904937456664E+031
  -3.4935521992624227E+031
  -4.1256402996609661E+031
  -4.8720661552822183E+031
  -5.7535073431282806E+031
  -6.7943799939065711E+031
  -8.0235145597051925E+031
  -9.4749536987980450E+031
  -1.1188894339151224E+032
  -1.3212799966685414E+032
  -1.5602713888244515E+032
  -1.8424809772380687E+032
  -2.1757222326772616E+032
  -2.5692208710285918E+032
  -3.0338700413946100E+032
  -3.5825316130541924E+032
  -4.2303918864808702E+032
  -4.9953815566439895E+032
  -5.8986715311188327E+032
  -6.9652583000483802E+032
  -8.2246550275025382E+032
  -9.7117074524609262E+032
  -1.1467557132990932E+033
  -1.3540778634206294E+033
  -1.5988722061406757E+033
  -1.8879098006769040E+033
  -2.2291848667299544E+033
  -2.6321356787850047E+033
  -3.1079053403459794E+033
  -3.6696496356971356E+033
  -4.3329004553924037E+033
  -5.1159948244950469E+033
  -6.0405813718569326E+033
  -7.1322182142767732E+033
  -8.4210787500303370E+033
  -9.9427848314432289E+033
  -1.1739390297807293E+034
  -1.3860541994716738E+034
  -1.6364850297931992E+034
  -1.9321506933839075E+034
  -2.2812194703391724E+034
  -2.6933341759663864E+034
  -3.1798782582147142E+034
  -3.7542898994915301E+034
  -4.4324327799002760E+034
  -5.2330337195581148E+034
  -6.1781992595045141E+034
  -7.2940254144516649E+034
  -8.6113173960334468E+034
  -1.0166439132823319E+035
  -1.2002315986454386E+035
  -1.4169618279913119E+035
  -1.6728158230399285E+035
  -1.9748538751818295E+035
  -2.3314099522383611E+035
  -2.7523213891385690E+035
  -3.2491999850627658E+035
  -3.8357519685466365E+035
  -4.5281556360664295E+035
  -5.3455070556470140E+035
  -6.3103460986024217E+035
  -7.4492772710195445E+035
  -8.7937024226594101E+035
  -1.0380685486111527E+036
  -1.2253973027694383E+036
  -1.4465198673326924E+036
  -1.7075304524884339E+036
  -2.0156218644003787E+036
  -2.3792834714448311E+036
  -2.8085348293894962E+036
  -3.3152013858990755E+036
  -3.9132398402233057E+036
  -4.6191220972455375E+036
  -5.4522883636141231E+036
  -6.4356818315307231E+036
  -7.5963796349369337E+036
  -8.9663374046751706E+036
  -1.0583267866075362E+037
  -1.2491677599711063E+037
  -1.4744090424487258E+037
  -1.7402490980566123E+037
  -2.0540028128040330E+037
  -2.4243024901024128E+037
  -2.8613350160929463E+037
  -3.3771217007113581E+037
  -3.9858484699099717E+037
  -4.7042554642153194E+037
  -5.5520967264543431E+037
  -6.5526825815472826E+037
  -7.7335195762423548E+037
  -9.1270655184790569E+037
  -1.0771620307746093E+038
  -1.2712376965481926E+038
  -1.5002661659837415E+038
  -1.7705396691789042E+038
  -2.0894826510953184E+038
  -2.4658554026141376E+038
  -2.9099942964226499E+038
  -3.4340952043008425E+038
  -4.0525478532767371E+038
  -4.7823302709357993E+038
  -5.6434741129072760E+038
  -6.6596136030248532E+038
  -7.8586331017169784E+038
  -9.2734310131390882E+038
  -1.0942820919895176E+039
  -1.2912594582552245E+039
  -1.5236775861689020E+039
  -1.7979099833397939E+039
  -2.1214757517004807E+039
  -2.5032453883742497E+039
  -2.9536835364652239E+039
  -3.4851353157870294E+039
  -4.1121640524135568E+039
  -4.8519496278387254E+039
  -5.7247583216172494E+039
  -6.7544969705962913E+039
  -7.9693665662549750E+039
  -9.4026331217443485E+039
  -1.1093536835642000E+040
  -1.3088364347055855E+040
  -1.5441713318912865E+040
  -1.8217983823735993E+040
  -2.1493137181205722E+040
  -2.5356770177004168E+040
  -2.9914561175500525E+040
  -3.5291154757720785E+040
  -4.1633563445337623E+040
  -4.9115179134749230E+040
  -5.7940503444123096E+040
  -6.8350725720106879E+040
  -8.0630300489565812E+040
  -9.5114703299585006E+040
  -1.1219957590191705E+041
  -1.3235150947321968E+041
  -1.5612075904170710E+041
  -1.8415623471843763E+041
  -2.1722317712638304E+041
  -2.5622399725476051E+041
  -3.0222284681010031E+041
  -3.5647458631069394E+041
  -4.2045893741277181E+041
  -4.9592074648786085E+041
  -5.8491745208844161E+041
  -6.8987504411695685E+041
  -8.1365403252202321E+041
  -9.5962721439467117E+041
  -1.1317713477415695E+042
  -1.3347752165887844E+042
  -1.5741670155698862E+042
  -1.8564645047339112E+042
  -2.1893520010572933E+042
  -2.5818889986506106E+042
  -3.0447560644580559E+042
  -3.5905446633722226E+042
  -4.2340987532386532E+042
  -4.9929173881320335E+042
  -5.8876292151513692E+042
  -6.9425516900887604E+042
  -8.1863501228255502E+042
  -9.6528143556128516E+042
  -1.1381774048817220E+043
  -1.3420177284410498E+043
  -1.5823361597723253E+043
  -1.8656551730821846E+043
  -2.1996624505312295E+043
  -2.5934188402073582E+043
  -3.0576033903051334E+043
  -3.6048020622626120E+043
  -4.2498479000234223E+043
  -5.0102218156199299E+043
  -5.9065247799145256E+043
  -6.9630341251444114E+043
  -8.2083589241553264E+043
  -9.6762120702195086E+043
  -1.1406319812126906E+044
  -1.3445493185392560E+044
  -1.5848890120292698E+044
  -1.8681502116771681E+044
  -2.2019905391252150E+044
  -2.5954323481296452E+044
  -3.0591056629482049E+044
  -3.6055343079637943E+044
  -4.2494728967778532E+044
  -5.0083037083766238E+044
  -5.9025040779207339E+044
  -6.9561968127323698E+044
  -8.1977983601448737E+044
  -9.6607820618375373E+044
  -1.1384576898262453E+045
  -1.3415625738118913E+045
  -1.5808631357201354E+045
  -1.8628023490829596E+045
  -2.1949686066744235E+045
  -2.5862990686354591E+045
  -3.0473190564440584E+045
  -3.5904238715845108E+045
  -4.2302105445124360E+045
  -4.9838683448702788E+045
  -5.8716384428104643E+045
  -6.9173549447875249E+045
  -8.1490816835417249E+045
  -9.5998616779277688E+045
  -1.1308599160390338E+046
  -1.3321097576570372E+046
  -1.5691281084765307E+046
  -1.8482631930883316E+046
  -2.1769881774149679E+046
  -2.5641001739364310E+046
  -3.0199543848257229E+046
  -3.5567395741326096E+046
  -4.1888021484270995E+046
  -4.9330274043733978E+046
  -5.8092880048962137E+046
  -6.8409715120779998E+046
  -8.0556008806571743E+046
  -9.4855642549500591E+046
  -1.1168973277541792E+047
  -1.3150672484539331E+047
  -1.5483426316818832E+047
  -1.8229314921938122E+047
  -2.1461375377388149E+047
  -2.5265531373612406E+047
  -2.9742861920129203E+047
  -3.5012268474165333E+047
  -4.1213610266011513E+047
  -4.8511389775712842E+047
  -5.7099084614650367E+047
  -6.7204238849967256E+047
  -7.9094446509786661E+047
  -9.3084383126964246E+047
  -1.0954406830965382E+048
  -1.2890857416074319E+048
  -1.5168943171664103E+048
  -1.7848803138955575E+048
  -2.1001136478978127E+048
  -2.4709051557968650E+048
  -2.9070237769617906E+048
  -3.4199516216131189E+048
  -4.0231835087439831E+048
  -4.7325786969314742E+048
  -5.5667738663251563E+048
  -6.5476679749207992E+048
  -7.7009914458905313E+048
  -9.0569742911299697E+048
  -1.0651130292951179E+049
  -1.2525177313720448E+049
  -1.4728117255522784E+049
  -1.7317503234297375E+049
  -2.0360926265411534E+049
  -2.3937759297218742E+049
  -2.8141202912274444E+049
  -3.3080684601904369E+049
  -3.8884672394697229E+049
  -4.5703974000197373E+049
  -5.3715604768674884E+049
  -6.3127321961440783E+049
  -7.4182939417727702E+049
  -8.7168556094492350E+049
  -1.0241985461151528E+050
  -1.2033065239954825E+050
  -1.4136291895681492E+050
  -1.6605850880520509E+050
  -1.9505290185835323E+050
  -2.2909129206494005E+050
  -2.6904742252872653E+050
  -3.1594563217540783E+050
  -3.7098665699475006E+050
  -4.3557781974374404E+050
  -5.1136834785027092E+050
  -6.0029068253759503E+050
  -7.0460878571246455E+050
  -8.2697461818065799E+050
  -9.7049415703955061E+050
  -1.1388045459989904E+051
  -1.3361642349226574E+051
  -1.5675582698556709E+051
  -1.8388212488859282E+051
  -2.1567808700599216E+051
  -2.5294254740720261E+051
  -2.9660995367125001E+051
  -3.4777317057245559E+051
  -4.0771007171021483E+051
  -4.7791453821811773E+051
  -5.6013258265090719E+051
  -6.5640443042047384E+051
  -7.6911352298235517E+051
  -9.0104355891038471E+051
  -1.0554448639200134E+052
  -1.2361115820567932E+052
  -1.4474714113011077E+052
  -1.6946898718304403E+052
  -1.9837913986643776E+052
  -2.3217998974185920E+052
  -2.7169017979365038E+052
  -3.1786350916785366E+052
  -3.7181083514418942E+052
  -4.3482543132119652E+052
  -5.0841232570197947E+052
  -5.9432221641274330E+052
  -6.9459064592232050E+052
  -8.1158320758237770E+052
  -9.4804766172580657E+052
  -1.1071739529617324E+053
  -1.2926632459887573E+053
  -1.5088072341816266E+053
  -1.7605791228749515E+053
  -2.0537378464677984E+053
  -2.3949472430429243E+053
  -2.7919120786546822E+053
  -3.2535329805197013E+053
  -3.7900824963605478E+053
  -4.4134046351903108E+053
  -5.1371403476693296E+053
  -5.9769814508935665E+053
  -6.9509554646271895E+053
  -8.0797436651676699E+053
  -9.3870343277438117E+053
  -1.0899912549910764E+054
  -1.2649287135548122E+054
  -1.4670353650859732E+054
  -1.7003090780356910E+054
  -1.9692784301192921E+054
  -2.2790569080235314E+054
  -2.6353974113381622E+054
  -3.0447448287964579E+054
  -3.5142834620368493E+054
  -4.0519747363309408E+054
  -4.6665788483705111E+054
  -5.3676516120458664E+054
  -6.1655045807567107E+054
  -7.0711122929003825E+054
  -8.0959448656121429E+054
  -9.2516966981443480E+054
  -1.0549872137356967E+055
  -1.2001175797791532E+055
  -1.3614637738221332E+055
  -1.5396380425536366E+055
  -1.7347903412646061E+055
  -1.9463720282549293E+055
  -2.1728127094244048E+055
  -2.4110807457980001E+055
  -2.6560879867065877E+055
  -2.8998859023844066E+055
  -3.1305822353369913E+055
  -3.3308829031670513E+055
  -3.4761309250667957E+055
  -3.5316696839079192E+055
  -3.4492983971931966E+055
  -3.1625106349105167E+055
  -2.5801191841542370E+055
  -1.5778645524226871E+055
  -1.4328578625807877E+051
