   0.0000000000000000     
  -1.1011010049952404E-016
  -2.2229024643147046E-016
  -3.3864935432533826E-016
  -4.6137485252392295E-016
  -5.9277380002248695E-016
  -7.3531625226771731E-016
  -8.9168168899325415E-016
  -1.0648093766709361E-015
  -1.2579536120570057E-015
  -1.4747448849978930E-015
  -1.7192581098525806E-015
  -1.9960892076761438E-015
  -2.3104414781857547E-015
  -2.6682233844426299E-015
  -3.0761595875853429E-015
  -3.5419173178685726E-015
  -4.0742504563719508E-015
  -4.6831640344576418E-015
  -5.3801022416217138E-015
  -6.1781634740074437E-015
  -7.0923464638230353E-015
  -8.1398321137724330E-015
  -9.3403063313320165E-015
  -1.0716329927884977E-014
  -1.2293762531824171E-014
  -1.4102248479357153E-014
  -1.6175773810949576E-014
  -1.8553304836989084E-014
  -2.1279520268425369E-014
  -2.4405650665616779E-014
  -2.7990440974395309E-014
  -3.2101254230304462E-014
  -3.6815337163485309E-014
  -4.2221271477577554E-014
  -4.8420638063368037E-014
  -5.5529925407246854E-014
  -6.3682718040919732E-014
  -7.3032206138398451E-014
  -8.3754063397809343E-014
  -9.6049747262280896E-014
  -1.1015028346596899E-013
  -1.2632060598708701E-013
  -1.4486453392041535E-013
  -1.6613047874301804E-013
  -1.9051798916337694E-013
  -2.1848525647340432E-013
  -2.5055772136013353E-013
  -2.8733794381797026E-013
  -3.2951692152155501E-013
  -3.7788706921885555E-013
  -4.3335710289473418E-013
  -4.9696910822248976E-013
  -5.6991811383624412E-013
  -6.5357453699053339E-013
  -7.4950992310803737E-013
  -8.5952646256455790E-013
  -9.8569083898317916E-013
  -1.1303730446384127E-012
  -1.2962908918327509E-012
  -1.4865610560531236E-012
  -1.7047576093507826E-012
  -1.9549791430171781E-012
  -2.2419257398901661E-012
  -2.5709872415463985E-012
  -2.9483444676880434E-012
  -3.3810852881953210E-012
  -3.8773377271548306E-012
  -4.4464225979209787E-012
  -5.0990285349254075E-012
  -5.8474127083989564E-012
  -6.7056309903036355E-012
  -7.6898018926372235E-012
  -8.8184092332466645E-012
  -1.0112649211266674E-011
  -1.1596828407930569E-011
  -1.3298820184426143E-011
  -1.5250588044630303E-011
  -1.7488785787523444E-011
  -2.0055445715446671E-011
  -2.2998767817170923E-011
  -2.6374024740012799E-011
  -3.0244599538523003E-011
  -3.4683175679371942E-011
  -3.9773101639727329E-011
  -4.5609955713283017E-011
  -5.2303340395645520E-011
  -5.9978940029520362E-011
  -6.8780880330913305E-011
  -7.8874434083076213E-011
  -9.0449123781486677E-011
  -1.0372227946264891E-010
  -1.1894311849170967E-010
  -1.3639742387906989E-010
  -1.5641290892811441E-010
  -1.7936536889560821E-010
  -2.0568573511485216E-010
  -2.3586816396642550E-010
  -2.7047931249997417E-010
  -3.1016897477733131E-010
  -3.5568227854000790E-010
  -4.0787367108175177E-010
  -4.6772295677867545E-010
  -5.3635368722517529E-010
  -6.1505424906563350E-010
  -7.0530204522775192E-010
  -8.0879122330276232E-010
  -9.2746447136939769E-010
  -1.0635494778707203E-009
  -1.2196007396571134E-009
  -1.3985475026462392E-009
  -1.6037487346035450E-009
  -1.8390561614729311E-009
  -2.1088865499608564E-009
  -2.4183045925356988E-009
  -2.7731179499008758E-009
  -3.1799862340653655E-009
  -3.6465459766461291E-009
  -4.1815539268980117E-009
  -4.7950513678015694E-009
  -5.4985525327961162E-009
  -6.3052606578177663E-009
  -7.2303157216680927E-009
  -8.2910785221189732E-009
  -9.5074564166994269E-009
  -1.0902276838590806E-008
  -1.2501715594132047E-008
  -1.4335787975909154E-008
  -1.6438911903539177E-008
  -1.8850553655149430E-008
  -2.1615968301527397E-008
  -2.4787048731019170E-008
  -2.8423299189785671E-008
  -3.2592951597170424E-008
  -3.7374245573471643E-008
  -4.2856896187546043E-008
  -4.9143776951961425E-008
  -5.6352849629859281E-008
  -6.4619377045960956E-008
  -7.4098460401019577E-008
  -8.4967948673973522E-008
  -9.7431774673168089E-008
  -1.1172378029807640E-007
  -1.2811210274593721E-007
  -1.4690420391559126E-007
  -1.6845263732069918E-007
  -1.9316166065252584E-007
  -2.2149481798778154E-007
  -2.5398363381681219E-007
  -2.9123758191249538E-007
  -3.3395551596123595E-007
  -3.8293877628244549E-007
  -4.3910621838549127E-007
  -5.0351144514224239E-007
  -5.7736256566429905E-007
  -6.6204485134100396E-007
  -7.5914671380513510E-007
  -8.7048949186561353E-007
  -9.9816160584765995E-007
  -1.1445577196486971E-006
  -1.3124236446871249E-006
  -1.5049078275499653E-006
  -1.7256203865511985E-006
  -1.9787008039078731E-006
  -2.2688955424772168E-006
  -2.6016470420150200E-006
  -2.9831957631990960E-006
  -3.4206971922080356E-006
  -3.9223559990369163E-006
  -4.4975798642216877E-006
  -5.1571558572563272E-006
  -5.9134526726277502E-006
  -6.7806525139815241E-006
  -7.7750169725454624E-006
  -8.9151918829876961E-006
  -1.0222556870305644E-005
  -1.1721626138816348E-005
  -1.3440508014535985E-005
  -1.5411431853185355E-005
  -1.7671352188362855E-005
  -2.0262641441733371E-005
  -2.3233884176502307E-005
  -2.6640787778062570E-005
  -3.0547226627158172E-005
  -3.5026439332062395E-005
  -4.0162401453970028E-005
  -4.6051399447765341E-005
  -5.2803835310134290E-005
  -6.0546295749247899E-005
  -6.9423924645907329E-005
  -7.9603143257923756E-005
  -9.1274769134021440E-005
  -1.0465759217270501E-004
  -1.2000247482520299E-004
  -1.3759705326016352E-004
  -1.5777112756510777E-004
  -1.8090284196655321E-004
  -2.0742577084889910E-004
  -2.3783704331873038E-004
  -2.7270665851384648E-004
  -3.1268816615931307E-004
  -3.5853091244378055E-004
  -4.1109408060700770E-004
  -4.7136278924291735E-004
  -5.4046654986094342E-004
  -6.1970042943346843E-004
  -7.1054931431605028E-004
  -8.1471573000835068E-004
  -9.3415173781458518E-004
  -1.0710955058095912E-003
  -1.2281132390495645E-003
  -1.4081472543237853E-003
  -1.6145710998040023E-003
  -1.8512527518653914E-003
  -2.1226270725966546E-003
  -2.4337788849179004E-003
  -2.7905382210293562E-003
  -3.1995895278428476E-003
  -3.6685968743677706E-003
  -4.2063475056250132E-003
  -4.8229164311537611E-003
  -5.5298551299860403E-003
  -6.3404079054630502E-003
  -7.2697599409055885E-003
  -8.3353217006161672E-003
  -9.5570550010890577E-003
  -1.0957846857369866E-002
  -1.2563938103836296E-002
  -1.4405414814002591E-002
  -1.6516771719468748E-002
  -1.8937558175839048E-002
  -2.1713118768541199E-002
  -2.4895442422899174E-002
  -2.8544135913694930E-002
  -3.2727539997796914E-002
  -3.7524009062800054E-002
  -4.3023378244957292E-002
  -4.9328645478244115E-002
  -5.6557899958826700E-002
  -6.4846533120756028E-002
  -7.4349773505658551E-002
  -8.5245592970445788E-002
  -9.7738038626010354E-002
 -0.11206105286650833     
 -0.12848285298217468     
 -0.14731095231952715     
 -0.16889791695715178     
 -0.19364796562756770     
 -0.22202453639336547     
 -0.25455896167400416     
 -0.29186041395666174     
 -0.33462730829820481     
 -0.38366037498031824     
 -0.43987764692584125     
 -0.50433164230575378     
 -0.57822906383296580     
 -0.66295338331905518     
 -0.76009073404381478     
 -0.87145959536420370     
 -0.99914482492613244     
  -1.1455366751658900     
  -1.3133755240185987     
  -1.5058031566320795     
  -1.7264215574143784     
  -1.9793603122128933     
  -2.2693538814588985     
  -2.6018301897240339     
  -2.9830121887765277     
  -3.4200342938512227     
  -3.9210758709947555     
  -4.4955142722152752     
  -5.1541002807157632     
  -5.9091592475546904     
  -6.7748216814909412     
  -7.7672876045117762     
  -8.9051296169074501     
  -10.209640339545114     
  -11.705230730736094     
  -13.419886726292809     
  -15.385692741812276     
  -17.639431826282326     
  -20.223273689146328     
  -23.185563465763899     
  -26.581725969469296     
  -30.475302337349291     
  -34.939138451782043     
  -40.056747356945067     
  -45.923871141929190     
  -52.650271490559184     
  -60.361782372186539     
  -69.202663247446026     
  -79.338296779800885     
  -90.958281482583430     
  -104.27997711246455     
  -119.55256908175629     
  -137.06172786174167     
  -157.13495046853942     
  -180.14768386956612     
  -206.53034476056311     
  -236.77636691335513     
  -271.45142649588519     
  -311.20401777727818     
  -356.77757686285315     
  -409.02438002840961     
  -468.92147637997482     
  -537.58895257377537     
  -616.31087090133224     
  -706.55927198996756     
  -810.02169062237613     
  -928.63269880942414     
  -1064.6100654835698     
  -1220.4962084210961     
  -1399.2057128600552     
  -1604.0798046033681     
  -1838.9487952987886     
  -2108.2036664948669     
  -2416.8781297647952     
  -2770.7426958549095     
  -3176.4125101046211     
  -3641.4709684868444     
  -4174.6114233322824     
  -4785.7996256288270     
  -5486.4599380350955     
  -6289.6887966434006     
  -7210.4994083579049     
  -8266.1022540159920     
  -9476.2266359613805     
  -10863.489275154880     
  -12453.816841386271     
  -14276.930307123830     
  -16366.900169799046     
  -18762.782910413982     
  -21509.350572968022     
  -24657.927087630731     
  -28267.346953277487     
  -32405.054179137223     
  -37148.362003496870     
  -42585.896908515999     
  -48819.253890222149     
  -55964.893885863297     
  -64156.318780553811     
  -73546.564595885284     
  -84311.059401531747     
  -96650.899297639553     
  -110796.60361792971     
  -127012.41944649306     
  -145601.25579204055     
  -166910.33951308255     
  -191337.69855530732     
  -219339.59349949591     
  -251439.03611256034     
  -288235.55387571815     
  -330416.38271065440     
  -378769.29677028873     
  -434197.31470235885     
  -497735.55680096446     
  -570570.56758625363     
  -654062.46434376098     
  -749770.32487003820     
  -859481.28809302778     
  -985243.91049063404     
  -1129406.4006102916     
  -1294660.4449758881     
  -1484091.4429523030     
  -1701236.0876660836     
  -1950148.3670815264     
  -2235475.2163583874     
  -2562543.2325975308     
  -2937458.0693687000     
  -3367218.3648550753     
  -3859846.3284491152     
  -4424537.4212439107     
  -5071831.9218725972     
  -5813811.5771896364     
  -6664325.0049658874     
  -7639246.0517991502     
  -8756769.9238114115     
  -10037752.611860935     
  -11506099.940061511     
  -13189213.491409628     
  -15118501.724506512     
  -17329965.810477644     
  -19864871.111874159     
  -22770516.821532745     
  -26101118.108806904     
  -29918817.217340704     
  -34294842.361691825     
  -39310836.024384491     
  -45060377.411684163     
  -51650727.444326580     
  -59204828.805983923     
  -67863598.324632823     
  -77788554.408702001     
  -89164828.502350628     
  -102204616.67870024     
  -117151135.68953407     
  -134283157.18755919     
  -153920204.60777295     
  -176428509.53830865     
  -202227838.55816612     
  -231799317.73282877     
  -265694400.54076153     
  -304545146.30007541     
  -349076000.57165426     
  -400117296.98706675     
  -458620732.00727105     
  -525677100.85812145     
  -602536624.99478269     
  -690632249.70297110     
  -791606345.74849558     
  -907341312.36701620     
  -1039994651.5226715     
  -1192039166.6088316     
  -1366309034.1656189     
  -1566052606.5220389     
  -1794992928.5697358     
  -2057397095.4716296     
  -2358155742.6734300     
  -2702874148.1805959     
  -3097976643.1959600     
  -3550826274.9042826     
  -4069861949.0466051     
  -4664755605.2290163     
  -5346592350.7075949     
  -6128076905.6170464     
  -7023770202.2101641     
  -8050360541.7534409     
  -9226974355.7144566     
  -10575532354.735348     
  -12121157693.314659     
  -13892643745.817926     
  -15922990198.396683     
  -18250017432.233780     
  -20917070629.875149     
  -23973826705.327641     
  -27477219071.122437     
  -31492497447.213978     
  -36094442428.141953     
  -41368757403.009598     
  -47413663721.016296     
  -54341728774.821991     
  -62281961005.152641     
  -71382210793.265411     
  -81811921895.404999     
  -93765284590.879318     
  -107464849183.95973     
  -123165667058.23079     
  -141160036289.27673     
  -161782940059.89566     
  -185418279000.14319     
  -212506013331.65262     
  -243550347605.96231     
  -279129110204.10468     
  -319904501969.36493     
  -366635413789.29797     
  -420191542099.32520     
  -481569564689.96033     
  -551911677483.33691     
  -632526836813.09412     
  -724915102009.35791     
  -830795530690.82227     
  -952138145168.19250     
  -1091200563992.8031     
  -1250569979345.0427     
  -1433211260257.9893     
  -1642522075455.5676     
  -1882396059963.5671     
  -2157295199045.7756     
  -2472332774198.9702     
  -2833368412086.2876     
  -3247117002038.5044     
  -3721273505277.4941     
  -4264655974093.9336     
  -4887369437317.1982     
  -5600993695822.1768     
  -6418798515712.7373     
  -7355990215439.5293     
  -8429994225885.6338     
  -9660778870197.3184     
  -11071226375234.229     
  -12687558003154.018     
  -14539821196089.062     
  -16662447777744.998     
  -19094893574394.027     
  -21882371328602.234     
  -25076690510133.566     
  -28737219611910.438     
  -32931988791454.371     
  -37738953322010.500     
  -43247441300845.125     
  -49559812480296.273     
  -56793359003410.414     
  -65082483312999.484     
  -74581193643861.922     
  -85465963398003.078     
  -97939007451114.906     
  -112232036170383.59     
  -128610556782149.58     
  -147378801877179.28     
  -168885376469354.31     
  -193529728345864.16     
  -221769561710292.16     
  -254129331607046.84     
  -291209976650312.81     
  -333700070534151.19     
  -382388599097672.69     
  -438179599847337.44     
  -502108935355321.94     
  -575363511497671.62     
  -659303296800835.75     
  -755486551068945.75     
  -865698730927776.62     
  -991985608045509.12     
  -1136691213836251.5     
  -1302501313864385.0     
  -1492493217601081.2     
  -1710192846534561.5     
  -1959640118074562.2     
  -2245463856706828.5     
  -2572967620295149.0     
  -2948228031561127.5     
  -3378207436335280.5     
  -3870882975451136.0     
  -4435394461054153.0     
  -5082213796240964.0     
  -5823339075771040.0     
  -6672516962478883.0     
  -7645497457409791.0     
  -8760325781285231.0     
  -10037676771761916.     
  -11501237987782126.     
  -13178148613669142.     
  -15099502288164964.     
  -17300923166425566.     
  -19823225877946356.     
  -22713171595531812.     
  -26024334208435872.     
  -29818092629543084.     
  -34164767599573476.     
  -39144924023888912.     
  -44850862938936744.     
  -51388330712251616.     
  -58878477097034776.     
  -67460098363851496.     
  -77292207002928048.     
  -88556975528247264.     
  -1.0146310883064546E+017
  -1.1624970744912552E+017
  -1.3319069320391093E+017
  -1.5259987902892858E+017
  -1.7483677674733437E+017
  -2.0031325017119533E+017
  -2.2950113652726525E+017
  -2.6294097710329181E+017
  -3.0125201850371917E+017
  -3.4514366937825581E+017
  -3.9542862437478093E+017
  -4.5303789786563808E+017
  -5.1903804527178432E+017
  -5.9465089021337677E+017
  -6.8127612199359078E+017
  -7.8051718092850714E+017
  -8.9421090974750310E+017
  -1.0244615188255510E+018
  -1.1736794926536218E+018
  -1.3446261561747715E+018
  -1.5404647240935862E+018
  -1.7648187759319002E+018
  -2.0218392366603487E+018
  -2.3162810997100360E+018
  -2.6535913089550356E+018
  -3.0400094221684311E+018
  -3.4826829142872581E+018
  -3.9897992489211469E+018
  -4.5707371558829706E+018
  -5.2362399068072530E+018
  -5.9986137866809539E+018
  -6.8719554238167276E+018
  -7.8724121730109798E+018
  -9.0184803561513779E+018
  -1.0331346862596430E+019
  -1.1835280411099275E+019
  -1.3558079690609967E+019
  -1.5531586645823386E+019
  -1.7792274374148082E+019
  -2.0381920475960918E+019
  -2.3348378274897224E+019
  -2.6746460128493851E+019
  -3.0638949114945790E+019
  -3.5097757747065836E+019
  -4.0205255073274315E+019
  -4.6055786627430883E+019
  -5.2757415241620455E+019
  -6.0433914803966681E+019
  -6.9227053701994725E+019
  -7.9299210026676961E+019
  -9.0836366721176519E+019
  -1.0405154185378446E+020
  -1.1918871720525160E+020
  -1.3652733753391787E+020
  -1.5638746338637067E+020
  -1.7913567234990090E+020
  -2.0519181741684172E+020
  -2.3503676690309926E+020
  -2.6922126842363557E+020
  -3.0837610010817541E+020
  -3.5322369592091489E+020
  -4.0459145906351460E+020
  -4.6342700848921261E+020
  -5.3081563910772772E+020
  -6.0800031696860676E+020
  -6.9640457732228252E+020
  -7.9765874682912965E+020
  -9.1362997229702742E+020
  -1.0464566082990873E+021
  -1.1985875961395350E+021
  -1.3728275583675329E+021
  -1.5723884380692627E+021
  -1.8009486324249524E+021
  -2.0627207077058993E+021
  -2.3625289405326683E+021
  -2.7058981107109824E+021
  -3.0991551776166002E+021
  -3.5495457087042098E+021
  -4.0653671996062365E+021
  -4.6561217354318170E+021
  -5.3326907979592200E+021
  -6.1075354299450608E+021
  -6.9949254332010233E+021
  -8.0112018099422888E+021
  -9.1750772669545259E+021
  -1.0507980300534155E+022
  -1.2034449179723080E+022
  -1.3782583060728656E+022
  -1.5784558513355879E+022
  -1.8077220939970382E+022
  -2.0702761740923092E+022
  -2.3709493652642014E+022
  -2.7152738484513684E+022
  -3.1095843541177210E+022
  -3.5611345375644562E+022
  -4.0782302218900195E+022
  -4.6703819522722008E+022
  -5.3484796590947136E+022
  -6.1249926324998684E+022
  -7.0141984746269118E+022
  -8.0324452265705685E+022
  -9.1984514746703371E+022
  -1.0533649936224726E+023
  -1.2062580820827575E+023
  -1.3813342174795042E+023
  -1.5818105459242708E+023
  -1.8113705806340384E+023
  -2.0742317764927892E+023
  -2.3752228910980825E+023
  -2.7198725488938436E+023
  -3.1145106299341235E+023
  -3.5663843393990169E+023
  -4.0837910824753058E+023
  -4.6762305765212048E+023
  -5.3545789841648435E+023
  -6.1312882535576901E+023
  -7.0206143127613942E+023
  -8.0388782925940525E+023
  -9.2047655558177024E+023
  -1.0539668001318802E+024
  -1.2068075902512291E+024
  -1.3818026443999401E+024
  -1.5821617156021612E+024
  -1.8115593631349111E+024
  -2.0742022265515738E+024
  -2.3749060313472662E+024
  -2.7191837332052909E+024
  -3.1133464110469786E+024
  -3.5646187517430333E+024
  -4.0812712355685434E+024
  -4.6727714361422862E+024
  -5.3499571972287008E+024
  -6.1252348477422899E+024
  -7.0128060728379473E+024
  -8.0289275814019371E+024
  -9.1922083080789120E+024
  -1.0523949572051766E+025
  -1.2048534397571033E+025
  -1.3793873096938706E+025
  -1.5791913241567662E+025
  -1.8079223319486757E+025
  -2.0697660719551173E+025
  -2.3695136218022896E+025
  -2.7126488899994533E+025
  -3.1054487458241598E+025
  -3.5550976111999091E+025
  -4.0698186019615177E+025
  -4.6590236069795442E+025
  -5.3334850380846396E+025
  -6.1055323778448329E+025
  -6.9892771031521327E+025
  -8.0008700784461556E+025
  -9.1587961025953057E+025
  -1.0484210968668804E+026
  -1.2001327168303125E+026
  -1.3737855256091437E+026
  -1.5725508900414299E+026
  -1.8000582803696206E+026
  -2.0604613998159491E+026
  -2.3585138536709750E+026
  -2.6996557330022739E+026
  -3.0901126861546469E+026
  -3.5370092777821192E+026
  -4.0484986943240061E+026
  -4.6339111512997746E+026
  -5.3039236969109484E+026
  -6.0707544943333333E+026
  -6.9483851087701370E+026
  -7.9528148328334486E+026
  -9.1023516642963546E+026
  -1.0417945214194783E+027
  -1.1923567582646232E+027
  -1.3646649108300821E+027
  -1.5618576890725165E+027
  -1.7875265121166630E+027
  -2.0457807556550679E+027
  -2.3413223957663680E+027
  -2.6795314012063661E+027
  -3.0665634205981290E+027
  -3.5094615332352921E+027
  -4.0162840864219506E+027
  -4.5962509329820497E+027
  -5.2599107150164820E+027
  -6.0193322201524890E+027
  -6.8883232712603330E+027
  -7.8826811077292788E+027
  -9.0204787848420188E+027
  -1.0322392767787193E+028
  -1.1812077640090886E+028
  -1.3516594696089989E+028
  -1.5466902158784869E+028
  -1.7698415875453410E+028
  -2.0251650613737638E+028
  -2.3172953533336817E+028
  -2.6515343069028422E+028
  -3.0339468359289394E+028
  -3.4714706525363854E+028
  -3.9720417587147762E+028
  -4.5447379639226645E+028
  -5.1999430153657900E+028
  -5.9495342983746780E+028
  -6.8070974881538822E+028
  -7.7881720186938267E+028
  -8.9105317884997770E+028
  -1.0194506155912611E+029
  -1.1663347000499085E+029
  -1.3343648454218148E+029
  -1.5265826851613469E+029
  -1.7464669529040074E+029
  -1.9979962338213587E+029
  -2.2857207151236329E+029
  -2.6148442247913261E+029
  -2.9913180320422323E+029
  -3.4219480938152786E+029
  -3.9145176724364171E+029
  -4.4779275249193632E+029
  -5.1223561789514787E+029
  -5.8594431701273874E+029
  -6.7024985258226863E+029
  -7.6667422505611852E+029
  -8.7695781041759706E+029
  -1.0030906577040192E+030
  -1.1473482667047753E+030
  -1.3123324863307016E+030
  -1.5010182655891617E+030
  -1.7168070935712108E+030
  -1.9635880842177862E+030
  -2.2458077979993204E+030
  -2.5685500484365139E+030
  -2.9376271193717561E+030
  -3.3596840222253705E+030
  -3.8423176547407210E+030
  -4.3942129880504664E+030
  -5.0252987119794076E+030
  -5.7469251146999640E+030
  -6.5720673682968465E+030
  -7.5155578434681842E+030
  -8.5943515924715928E+030
  -9.8278297286262023E+030
  -1.1238146103605961E+031
  -1.2850623452278487E+031
  -1.4694206052509947E+031
  -1.6801976949639764E+031
  -1.9211748939887131E+031
  -2.1966739813937689E+031
  -2.5116343854375824E+031
  -2.8717013284727233E+031
  -3.2833265313617370E+031
  -3.7538832639123163E+031
  -4.2917977814813427E+031
  -4.9066994774756479E+031
  -5.6095924120721123E+031
  -6.4130512548870587E+031
  -7.3314451101578516E+031
  -8.3811931848029863E+031
  -9.5810568211083232E+031
  -1.0952473056565521E+032
  -1.2519935604765823E+032
  -1.4311429986004742E+032
  -1.6358930488955354E+032
  -1.8698967732042024E+032
  -2.1373276833951259E+032
  -2.4429537618673167E+032
  -2.7922219896232797E+032
  -3.1913548703963016E+032
  -3.6474606496851311E+032
  -4.1686591675719983E+032
  -4.7642255580453835E+032
  -5.4447543199693328E+032
  -6.2223466412539577E+032
  -7.1108242643629031E+032
  -8.1259736450829267E+032
  -9.2858246855025154E+032
  -1.0610968925546546E+033
  -1.2124922765615753E+033
  -1.3854542077762010E+033
  -1.5830495457929691E+033
  -1.8087804392534233E+033
  -2.0666459776606318E+033
  -2.3612125547927262E+033
  -2.6976941714830176E+033
  -3.0820440780628627E+033
  -3.5210593534560984E+033
  -4.0225002421420291E+033
  -4.5952263258075973E+033
  -5.2493518978616600E+033
  -5.9964232410650748E+033
  -6.8496208870101442E+033
  -7.8239903675179358E+033
  -8.9367054595625419E+033
  -1.0207368485444962E+034
  -1.1658352868150487E+034
  -1.3315193868973410E+034
  -1.5207034262919476E+034
  -1.7367132651140176E+034
  -1.9833443184690685E+034
  -2.2649276698412573E+034
  -2.5864054648404192E+034
  -2.9534168834880987E+034
  -3.3723961701004337E+034
  -3.8506844057904411E+034
  -4.3966569431250056E+034
  -5.0198686894681774E+034
  -5.7312197294967395E+034
  -6.5431441233732259E+034
  -7.4698251108879662E+034
  -8.5274404001072374E+034
  -9.7344417291580019E+034
  -1.1111873470227640E+035
  -1.2683735705301926E+035
  -1.4477397954560029E+035
  -1.6524070593133374E+035
  -1.8859341964246603E+035
  -2.1523790302639276E+035
  -2.4563680839834776E+035
  -2.8031759892960218E+035
  -3.1988159364902758E+035
  -3.6501426932254885E+035
  -4.1649699298983849E+035
  -4.7522038282353907E+035
  -5.4219952212236694E+035
  -6.1859128209685408E+035
  -7.0571404415549721E+035
  -8.0507015221689380E+035
  -9.1837147080293215E+035
  -1.0475684760378438E+036
  -1.1948833650134268E+036
  -1.3628477352171324E+036
  -1.5543454609160993E+036
  -1.7726614787458336E+036
  -2.0215372916246968E+036
  -2.3052341100411729E+036
  -2.6286046744786539E+036
  -2.9971749442188964E+036
  -3.4172369982246245E+036
  -3.8959546757586832E+036
  -4.4414836906941327E+036
  -5.0631081873184732E+036
  -5.7713959704640344E+036
  -6.5783749431024966E+036
  -7.4977336247498585E+036
  -8.5450490093584248E+036
  -9.7380454577129864E+036
  -1.1096888813339195E+037
  -1.2644520490058510E+037
  -1.4407036912019900E+037
  -1.6414120402803278E+037
  -1.8699528429718236E+037
  -2.1301649024748190E+037
  -2.4264131238251236E+037
  -2.7636600650740858E+037
  -3.1475471288929663E+037
  -3.5844866783926494E+037
  -4.0817665293578019E+037
  -4.6476684611605857E+037
  -5.2916026030495606E+037
  -6.0242597943381316E+037
  -6.8577842896392033E+037
  -7.8059694875056445E+037
  -8.8844797068827258E+037
  -1.0111101425395405E+038
  -1.1506027831963381E+038
  -1.3092181039446438E+038
  -1.4895576857522964E+038
  -1.6945737649078892E+038
  -1.9276159493118260E+038
  -2.1924840662565927E+038
  -2.4934879306242794E+038
  -2.8355149211725860E+038
  -3.2241063631864083E+038
  -3.6655438395738169E+038
  -4.1669466909477232E+038
  -4.7363821199640114E+038
  -5.3829894879396549E+038
  -6.1171205844655022E+038
  -6.9504978654391093E+038
  -7.8963928939268540E+038
  -8.9698274839514338E+038
  -1.0187800342297982E+039
  -1.1569542330521533E+039
  -1.3136803831469206E+039
  -1.4914178104903387E+039
  -1.6929464958457621E+039
  -1.9214079546499731E+039
  -2.1803511643889291E+039
  -2.4737841327451300E+039
  -2.8062317638492428E+039
  -3.1828007497885264E+039
  -3.6092522903795769E+039
  -4.0920835263123987E+039
  -4.6386186592459477E+039
  -5.2571108273001988E+039
  -5.9568559055151208E+039
  -6.7483195079036059E+039
  -7.6432785801268942E+039
  -8.6549790886485768E+039
  -9.7983114321341814E+039
  -1.1090005321976925E+040
  -1.2548845998587468E+040
  -1.4195913765077152E+040
  -1.6054848925717391E+040
  -1.8152144307277429E+040
  -2.0517467609589649E+040
  -2.3184015867993330E+040
  -2.6188904302676199E+040
  -2.9573591763276818E+040
  -3.3384344832513639E+040
  -3.7672742406441696E+040
  -4.2496222191784786E+040
  -4.7918670016100727E+040
  -5.4011052088999892E+040
  -6.0852089326167174E+040
  -6.8528971483203030E+040
  -7.7138107057667377E+040
  -8.6785902599493667E+040
  -9.7589562091739509E+040
  -1.0967789326460142E+041
  -1.2319210288730363E+041
  -1.3828655699999231E+041
  -1.5512947439879756E+041
  -1.7390351209824786E+041
  -1.9480618950438611E+041
  -2.1805008306756936E+041
  -2.4386270453759661E+041
  -2.7248595273636559E+041
  -3.0417499990212775E+041
  -3.3919643778447090E+041
  -3.7782546408423215E+041
  -4.2034183441823870E+041
  -4.6702423609151627E+041
  -5.1814265424968467E+041
  -5.7394819427409266E+041
  -6.3465969129264620E+041
  -7.0044627173842881E+041
  -7.7140482454247268E+041
  -8.4753108005678901E+041
  -9.2868266948817716E+041
  -1.0145321290070241E+042
  -1.1045072983942345E+042
  -1.1977159153539528E+042
  -1.2928503864274717E+042
  -1.3880676760043750E+042
  -1.4808379344279767E+042
  -1.5677538045890636E+042
  -1.6442902000756088E+042
  -1.7045016032167555E+042
  -1.7406404175034445E+042
  -1.7426754135547930E+042
  -1.6976835859705464E+042
  -1.5890815777084436E+042
  -1.3956543658099213E+042
  -1.0903313287480736E+042
  -6.3867148796508986E+041
  -5.7997719876004276E+037
